Timestamp (microseconds),Accel X (g),Accel Y (g),Accel Z (g),vel x (m/s),vel y (m/s),vel z (m/s),disp x (m),disp y (m),disp z (m),stamp velocity (m/s),ax_linear,ay_linear,az_linear
1660869462473480,-0.99653620202945,-0.1224994277866789,0.0147096971084153,0.0,0.0,0.0,0.0001648383998139,-0.0016155183028153,-0.5491859006077369,0.0,0.0,0.0,0.0
1660869462489476,-0.9956816968032348,-0.1198138399328603,0.0067750057221331,-3.161348785501554e-05,0.0001227666977026,7.309852227934806e-05,0.0001025142017702,-0.0016191585013344,-0.5492294169772554,0.00012125269333241639,0.0007690547035936746,0.0024170290684367296,-0.007141222247653979
1660869462505472,-0.9992217898832684,-0.1157854581521325,0.012512397955291,-5.980382876095039e-05,0.0003506853324734,0.0001809141151936,3.958429039217781e-05,-0.0016139707091016,-0.5492742546698239,0.00019008884629373866,-0.0024939345387959833,0.005800869764248082,-0.001263447013046471
1660869462521468,-0.9990997177080948,-0.1123674372472725,0.0183718623636224,-7.22879439210269e-05,0.0006602708158296,0.0003241600565904,-2.295009452255947e-05,-0.0016165595389099,-0.5493202577762346,0.00027981987231791956,-0.002134676127260149,0.008297001602197276,0.0041364156557564345
1660869462537464,-0.9969024185549706,-0.1233539330128939,0.0166628519111924,-5.560773495100909e-05,0.0010244910460868,0.0005007043688191,-8.443177766976609e-05,-0.0016378164982705,-0.5493670634256622,0.0002359425009695778,5.6360723277637526e-05,-0.0024205447470817126,0.002184664682993791
1660869462553460,-0.9944609750514992,-0.1273823147936217,0.0161745632104981,2.6157418729286234e-08,0.0014202551158058,0.0007073294045328,-0.0001445291210094,-0.0016644739042962,-0.5494141217868562,0.00013525260654494346,0.002248023804074073,-0.005804033875028564,0.001526738384069545
1660869462569456,-0.9943389028763256,-0.1239642938887617,0.0138551918822003,9.66632278902266e-05,0.00183205345501,0.0009356911442335,-0.0002031313084521,-0.0016815768258819,-0.5494607908160212,0.00010079084402062148,0.002133086381322813,-0.0021474116731517168,-0.0007133696498054301
1660869462585452,-0.9967803463797972,-0.1196917677576868,0.0160524910353245,0.0002266832996427,0.0022450856235857,0.0011710005602325,-0.0002602446115024,-0.0016851029587059,-0.5495064737594896,0.00012898202754033257,-0.0002775214099338674,0.0019126030121308646,0.0013355365529868924
1660869462601448,-0.9949492637521936,-0.1209124895094225,0.0154421301594567,0.0003737665910029,0.0026411753556825,0.0013926857599341,-0.0003159619580972,-0.0016721455459711,-0.5495507654153736,0.00014195164382624375,0.001398205095902827,0.0006226931343556591,0.0006526581094071851
1660869462617444,-0.9940947585259784,-0.119325551232166,0.016784924086366,0.0005166594270721,0.0030048714700748,0.0015750231369161,-0.0003704237173517,-0.0016480323220865,-0.5495935583981473,0.0001852031416613541,0.00202743928990623,0.0019886682704509523,0.0017959068326848376
1660869462633440,-0.995925841153582,-0.1188372625314718,0.0137331197070267,0.0006348038431761,0.0033262730794946,0.0016927484786968,-0.0004237416155901,-0.0016185625715049,-0.549635078737749,0.00021671356045466211,0.00017672099607246583,0.0022292612740306417,-0.0011303077919890166
1660869462649436,-0.995925841153582,-0.1200579842832075,0.0127565423056381,0.0007143451403102,0.0035977781973285,0.0017296219939141,-0.0004759823077095,-0.0015938512987314,-0.5496758256464949,0.00023037030391228106,0.00015904889646523035,0.0009076855700654446,-0.0018961966740398545
1660869462665432,-0.9954375524528878,-0.119325551232166,0.0131227588311588,0.0007528052521127,0.0038171033811776,0.0016830508457358,-0.0005272053004321,-0.0015761965984818,-0.54971643067201,0.00025730535811282633,0.0005826038374434628,0.0014761067589962595,-0.0013769821336672393
1660869462681428,-0.9987335011825742,-0.1212787060349432,0.0110475318532081,0.0007608702092947,0.0039962539008863,0.0015632906046002,-0.0005774331006011,-0.0015619067874616,-0.5497574617353488,0.0002531624693914876,-0.002442010403018724,-0.00042934323940284347,-0.0031069882004561462
1660869462697424,-0.9969024185549706,-0.1248187991149767,0.0105592431525138,0.0007603866784345,0.0041646703581358,0.0013894872654933,-0.0006265183821746,-0.0015414390622382,-0.5497992300441807,0.00022496808293744197,-0.0005498349978736439,-0.003572492687492712,-0.003235749211035404
1660869462713420,-0.9953154802777142,-0.1267719539177539,0.0127565423056381,0.000778691907358,0.0043637504708916,0.0011858940635881,-0.0006739963215625,-0.0015176733193708,-0.5498416480531118,0.0001827598281253489,0.0009333929514445671,-0.004973082741242904,-0.0009346050521199939
1660869462729416,-0.9980010681315328,-0.1228656443121996,0.0149538414587624,0.0008405191167611,0.0046375338110879,0.0009794922672699,-0.0007190147400276,-0.0014856109084917,-0.5498842149697737,0.00015518800046014533,-0.0015769754121366386,-0.0009600958221197414,0.0011364246909038745
1660869462745411,-0.9970244907301442,-0.1217669947356375,0.0117799649042496,0.0009596075606094,0.0050198895391024,0.0007974936256328,-0.0007603980006952,-0.0014420115067659,-0.5499261206214852,0.00018062242203435006,-0.0005403582096732418,0.0001246983789981171,-0.0018337066772480346
1660869462761407,-0.9956816968032348,-0.1203021286335546,0.0122682536049438,0.0011325278293331,0.0055189724513316,0.0006628412306927,-0.000796879342435,-0.0013918119577785,-0.5499664669898756,0.00020964827242197015,0.0007221921455125013,0.001430608032972902,-0.0012108761788984512
1660869462777403,-0.9944609750514992,-0.1214007782101167,0.0105592431525138,0.0013369431559389,0.0061080379319071,0.0005879180735057,-0.0008274613709948,-0.0013394552719626,-0.5500045621509202,0.0002520891150527737,0.0017486225075232786,0.0002987626107697344,-0.0026278979681956076
1660869462793396,-0.9884794384679942,-0.1179827573052568,0.0156862745098038,0.0015354713415007,0.0067298749129008,0.0005744500768434,-0.0008517839508018,-0.0012875404189277,-0.5500401929591396,0.00029515959236029506,0.006957143181925418,0.003345105164066678,0.002249220050184953
1660869462809392,-0.9945830472266728,-0.1133440146486611,0.0147096971084153,0.0016845750648967,0.0073116532152725,0.0006207877739221,-0.0008703873287101,-0.0012393327632747,-0.5500737933050338,0.00036985182679700806,0.0007681809809221285,0.007185463038596143,0.0011453783839168088
1660869462825388,-0.999343862058442,-0.1120012207217518,0.0117799649042496,0.0017460079006502,0.007782047533965,0.0007196752580228,-0.0008847740556465,-0.0011912006565253,-0.5501064543583376,0.0004629972183983541,-0.0035933704657623577,0.00767543126895491,-0.0016059184382240035
1660869462841384,-0.99824521248188,-0.1220111390859846,0.0145876249332417,0.0016972064163626,0.0080835691102462,0.0008496416408151,-0.0008972235804951,-0.0011407989661877,-0.5501397531743634,0.0004183668315696158,-0.0022452488002804305,-0.002101038385750098,0.0010815674316912872
1660869462857380,-1.000564583810178,-0.1327534905012588,0.0121461814297703,0.0015373870998649,0.0081808962867061,0.0009832965140228,-0.0009104625264467,-0.0010904402369656,-0.5501754516280201,0.00026955166465594983,-0.004108158115720628,-0.011559050820921846,-0.001223888464602101
1660869462873376,-0.9997100785839628,-0.134706645304036,0.0161745632104981,0.0012877433600114,0.0080726893019924,0.0010993466433007,-0.0009272766958926,-0.0010386817021374,-0.5502151505699614,0.00015670939589242027,-0.0029282876005548575,-0.01216098506132915,0.002524043984513131
1660869462889371,-0.9971465629053178,-0.1288471808957046,0.0138551918822003,0.0009862376528564,0.0078030360478147,0.0011777774309002,-0.0009499907176813,-0.0009875767116861,-0.5502599763039155,0.0001830543653343889,-0.00032829472971884766,-0.00567136858769797,0.00018420539059379668
1660869462905367,-0.9927519645990692,-0.1250629434653239,0.0131227588311588,0.0006792297463649,0.0074566979500084,0.0012018494196874,-0.0009798899900631,-0.0009400482797613,-0.5503103803635874,0.000201585878446188,0.0036596732188767245,-0.0016984180415855477,-0.000493404894402933
1660869462921363,-0.9950713359273672,-0.1231097886625467,0.0112916762035553,0.0004126718632677,0.0071360868177391,0.0011754214146537,-0.0010169122353336,-0.000896330006016,-0.5503660773525441,0.00022904910336856633,0.001206271701520878,0.00022926308507248416,-0.0020920387698057895
1660869462937359,-0.997634851606012,-0.1215228503852903,0.006530861371786,0.0002247272398189,0.0069360659753918,0.0011237205785363,-0.0010597453737458,-0.0008559285418476,-0.5504261093148333,0.0003052413827424961,-0.001221519579411523,0.0016345812260959852,-0.006167568241417579
1660869462953355,-1.003128099488823,-0.1246967269398032,0.0127565423056381,0.0001404138585137,0.0069267697049897,0.0010749323907225,-0.0011061483115342,-0.0008166266802863,-0.550489013663683,0.0003214156066922477,-0.0060432907160002935,-0.0013853657955752163,5.230142319106838e-05
1660869462969351,-0.9969024185549706,-0.123598077363241,0.0170290684367131,0.0001682453015764,0.0071432017048395,0.001049937628641,-0.0011533480250555,-0.0007774335047203,-0.5505530586096744,0.0002679387762613373,0.0001641511960668307,-0.00025804459711170624,0.0038923447988394606
1660869462985347,-0.9928740367742428,-0.1188372625314718,0.0138551918822003,0.0002991270967086,0.0075839572581861,0.0010643912516318,-0.0011984847650603,-0.0007353347948812,-0.5506165180122469,0.00022392271033594796,0.0037732796791152268,0.004052493211191749,0.0006466214198939928
1660869463001343,-0.992507820248722,-0.1182269016556039,0.0136110475318531,0.0005082484657918,0.008220235092745,0.0011312608344333,-0.0012390221364706,-0.0006884432158866,-0.5506779360681023,0.00021511720234798694,0.0037255465841724567,0.0041965686783536765,0.00036222936259211296
1660869463017339,-0.9921416037232014,-0.1154192416266118,0.013366903181506,0.0007603477844514,0.0090053904444934,0.0012605476265012,-0.0012730376290363,-0.0006354264120731,-0.5507363369353575,0.0002579783984179303,0.003682586798723797,0.006303805836611193,0.000106276511020513
1660869463033335,-0.9954375524528878,-0.1207904173342489,0.0123903257801174,0.0010175155463077,0.0098805681560548,0.0014574886626315,-0.0012993996962274,-0.0005747441398419,-0.5507913300212477,0.00027621729228062515,0.0003479742621337323,0.0008393671160766836,-0.00078327080133128
1660869463049331,-0.9969024185549706,-0.119325551232166,0.0154421301594567,0.0012475061386488,0.0107823031461601,0.0017199216518198,-0.0013178355062103,-0.0005049055222917,-0.550843085772383,0.0002628770416188674,-0.0010052026559542737,0.002073809896343634,0.0020416802202072176
1660869463065327,-0.9967803463797972,-0.118471046005951,0.018493934538796,0.0014301039567321,0.0116503091309043,0.0020365898898799,-0.00132887484879,-0.0004252488892457,-0.5508921937155561,0.00024451370042386596,-0.0007948174327027102,0.0026354836103027746,0.004584136139591867
1660869463081323,-0.9962920576791028,-0.1174944686045625,0.0153200579842831,0.0015597541426875,0.0124318482477988,0.0023889247117797,-0.0013337102469683,-0.0003360121156072,-0.55093944898447,0.0002800204359760996,-0.0002758758588075061,0.0032508549105221413,0.0012692336265710692
1660869463097319,-0.9977569237811856,-0.1173723964293889,0.0166628519111924,0.0016440517698711,0.0130891549502731,0.0027561778590776,-0.0013340030949702,-0.0002380439655317,-0.5509856300967276,0.00031057837069697804,-0.0015666677648012994,0.003035634377126173,0.0023508247981323307
1660869463113311,-0.9977569237811856,-0.120180056458381,0.0132448310063324,0.001698962027198,0.013608988475484,0.0031205697454614,-0.0013316133548733,-0.0001326740127279,-0.5510313268555951,0.0003141726753948387,-0.001410000988321114,0.00020517691332068433,-0.0009604764960549003
1660869463129307,-0.99482719157702,-0.1224994277866789,0.0138551918822003,0.0017424692649892,0.0140033647732416,0.0034691243074535,-0.0013282859544698,-2.140840172600646e-05,-0.5510768573367488,0.00028900478533626844,0.001367758094260041,-0.0019027749734795013,-0.0003151040581683001
1660869463145302,-0.9934843976501108,-0.1273823147936217,0.0158083466849774,0.0017886340675561,0.014301933567491,0.0037901955176876,-0.0013253783598941,9.459091535987892e-05,-0.5511222834047393,0.00020439277518690177,0.0024394968190524224,-0.00610709578238007,0.0014742456701479188
1660869463161298,-0.9944609750514992,-0.124452582589456,0.0145876249332417,0.0018436266514234,0.0145429514321243,0.0040688525173122,-0.001323671104885,0.0002146452988081,-0.551167505320334,0.00017752555125781575,0.0013166274758975582,-0.0028596272203929435,0.00022817152657099785
1660869463177293,-0.9971465629053178,-0.1199359121080339,0.0151979858091095,0.0019044326612879,0.0147629633210591,0.0042907107400968,-0.0013233091496531,0.0003381632693462,-0.5512123980542607,0.0001825475933825743,-0.0012320643401289022,0.0014913389349262424,0.0007546791621949201
1660869463193289,-0.9971465629053178,-0.1174944686045625,0.0119020370794231,0.0019600697070396,0.0149884161468523,0.0044519429385512,-0.0013239281302771,0.000464499529502,-0.5512569483577663,0.00023516553510025403,-0.0011088579061160342,0.0035395041945578826,-0.0022871426107423324
1660869463209284,-0.9966582742046236,-0.1217669947356375,0.0120241092545967,0.0019946647084465,0.0152342699000486,0.0045607790789719,-0.0013248943206285,0.0005932796028711,-0.5513013578477045,0.00023537611294283028,-0.0005585122848796864,-0.0006597197428654111,-0.0019485633920118609
1660869463225280,-0.9955596246280614,-0.1248187991149767,0.0123903257801174,0.0019916500468131,0.015504561313775,0.004627993188638,-0.0013255182263277,0.0007243979983775,-0.5513460877200554,0.00020790307336687253,0.00048612356251420685,-0.0033403717099841496,-0.001424112179842044
1660869463241275,-0.9954375524528878,-0.1259174486915389,0.0132448310063324,0.0019383627807941,0.0157911802803535,0.0046590194917214,-0.0013252031545036,0.0008578119955691,-0.5513918330454768,0.00017891195378872462,0.0005473761639190888,-0.003995119157891705,-0.000512646258264339
1660869463257271,-0.9951934081025406,-0.1195696955825132,0.0117799649042496,0.0018302660175329,0.0160762016846325,0.0046546142367616,-0.0013235572273216,0.0009934925773033,-0.5514394267114963,0.0002221431017023028,0.0007123684628396187,0.002117370556020598,-0.0017797611243124262
1660869463273266,-0.9964141298542764,-0.1196917677576868,0.0120241092545967,0.0016738490438882,0.0163385128112184,0.0046160995572672,-0.0013204669699809,0.0011311654349986,-0.5514896861257278,0.0002518578835164883,-0.0004575179600064816,0.0017957685427622966,-0.001382055096568793
1660869463289262,-1.000686655985351,-0.1228656443121996,0.013366903181506,0.0014872124728947,0.0165600790694128,0.0045493661716105,-0.0013161185900734,0.0012704814948598,-0.5515432323378565,0.0002269919767500123,-0.004257039681972885,-0.0012402972105754334,-3.5335052693541424e-05
1660869463305257,-1.001174944686046,-0.1245746547646296,0.0104371709773403,0.00129772913551,0.0167303233370135,0.0044637428922397,-0.0013109570281369,0.0014115321236759,-0.5516003235033611,0.00025121729034309893,-0.00427079554440124,-0.0026543768967049047,-0.0026685605311733192
1660869463321253,-0.9956816968032348,-0.1267719539177539,0.009094377050431,0.0011370625335576,0.0168465217697329,0.0043669561346919,-0.0013055872699298,0.0015541942870629,-0.5516607456366007,0.0002912088858594513,0.0011002071045690398,-0.004366508444846276,-0.0036102190122743565
1660869463337248,-0.9951934081025406,-0.1260395208667124,0.0132448310063324,0.0010348590023661,0.0169100669721411,0.0042633051668167,-0.0013006713638844,0.001697593874233,-0.5517237937292413,0.00028389689968645636,0.0014296462247368469,-0.003270667854424314,0.00048621144926433955
1660869463353244,-0.9926298924238957,-0.1250629434653239,0.0109254596780346,0.0010129870934653,0.0169264198591496,0.0041567546098713,-0.0012968567404792,0.0018410842531313,-0.5517883510833257,0.0003188260516904707,0.003593845713043664,-0.0020646814077322218,-0.0016498438911301157
1660869463369239,-0.9953154802777142,-0.1234760051880675,0.0110475318532081,0.0010818850226545,0.0169102531472247,0.004052194073866,-0.0012946866366416,0.0019843394141514,-0.5518530429188802,0.0003435712464492467,0.0008174320733026486,-0.000429968817428239,-0.001374994544360953
1660869463385235,-0.9971465629053178,-0.1232318608377203,0.0123903257801174,0.0012396305414041,0.0168837680153891,0.0039542404630591,-0.0012944867827881,0.0021263154394311,-0.5519164252790274,0.0003424806001934193,-0.0009122854988707907,-0.00016724202037292357,-2.8980555706489136e-05
1660869463401230,-0.9945830472266728,-0.122743572137026,0.0114137483787288,0.0014734168523246,0.0168648352020322,0.0038673239323828,-0.0012963414438944,0.0022656584073675,-0.5519771712817608,0.00035910435964229664,0.001486107161796757,0.00028894201228923944,-0.0009050021613855805
1660869463417226,-0.9920195315480278,-0.1251850156404974,0.009094377050431,0.0017626502326211,0.0168586366670155,0.0037929403045331,-0.0013001988592341,0.0024016528971064,-0.552034221557762,0.00042432040761959173,0.003644660556397561,-0.0019372513420639337,-0.002901936140715041
1660869463432922,-0.9915312428473336,-0.127870603494316,0.0104371709773403,0.0020828111592616,0.0168612125481389,0.0037238694717483,-0.0013059758843278,0.0025339461867355,-0.552086877718488,0.00048514286434816404,0.003719654331382549,-0.004160555276294289,-0.001403227992425168
1660869463448917,-0.9934843976501108,-0.1259174486915389,0.0121461814297703,0.0024092471009531,0.0168678710242687,0.003644757266864,-0.001313558988775,0.002662170600481,-0.5521348344914054,0.0005038855130991645,0.0015898495757449282,-0.0019866604261654652,0.00027520421400434834
1660869463464911,-0.9975127794308384,-0.1246967269398032,0.0120241092545967,0.0027201300902951,0.0168769694414787,0.0035388836829514,-0.0013227501883994,0.0027861030977851,-0.5521781584212038,0.0004931726309778651,-0.002194678984484444,-0.0006893448069867913,0.00013781883494767312
1660869463480906,-0.9975127794308384,-0.1199359121080339,0.0109254596780346,0.002998100765576,0.01688729205026,0.003391556086583,-0.0013332455860314,0.002905725008496,-0.5522172296227191,0.0004717503850074813,-0.001975211086036044,0.0036643230223042528,-0.0008647476674529843
1660869463496900,-0.9938506141756314,-0.1248187991149767,0.0093385214007781,0.0032307127138684,0.0168936349018633,0.0031882104533543,-0.0013446686361845,0.0030210358880721,-0.5522526665994205,0.0005166495722901234,0.0015182587522538649,-0.0010967075861746806,-0.002206517350238534
1660869463512895,-0.990798809796292,-0.1273823147936217,0.0095826657511253,0.0034103729375897,0.0168856623615097,0.0029117214681686,-0.0013566235587427,0.0031316540799608,-0.5522852477848862,0.0005841859857929457,0.00411305681843388,-0.00329420093833771,-0.0017661356999022024
1660869463528889,-0.9921416037232014,-0.1245746547646296,0.0117799649042496,0.0035344938164736,0.0168527538048017,0.0025439313719266,-0.0013687184492041,0.0032365297222773,-0.552315832443303,0.0005990074379904243,0.0024932366023719954,-0.0004378868184110596,0.0003880471078998877
1660869463544884,-0.9967803463797972,-0.1212787060349432,0.008239871824216,0.0036058823596218,0.0167928945775303,0.0020739063942622,-0.0013805323519834,0.003334184847307,-0.5523452777518811,0.000608739418717677,-0.001930955448801508,0.002572255720147812,-0.002836841374920341
1660869463560878,-0.997634851606012,-0.124452582589456,0.008239871824216,0.0036325887873517,0.0167162339593974,0.0015052428657783,-0.0013915583313573,0.0034232035394156,-0.5523743541330994,0.0006328858931406993,-0.002506914607514621,-0.0005414587509284946,-0.0025531572374283083
1660869463576873,-0.9973907072556648,-0.1275043869687953,0.0053101396200503,0.0036262431955657,0.0166381556511881,0.0008537242434934,-0.0014011897449756,0.0035025670154223,-0.5524036748890696,0.0007123192093748856,-0.00203649323145072,-0.003233936817241004,-0.004934600497434607
1660869463592867,-0.997634851606012,-0.1289692530708781,0.0053101396200503,0.0035985382532409,0.0165714961315519,0.0001413840038228,-0.0014087753091354,0.0035717240581912,-0.5524336670619523,0.0007954943156896306,-0.00205257382361812,-0.0042289226273914265,-0.004441140447691147
1660869463608862,-0.9983672846570536,-0.1260395208667124,0.0046997787441824,0.0035567400975245,0.0165242002387551,-0.0006056722290214,-0.0014137118551925,0.0036305212991856,-0.5524646062474233,0.0008631302674659397,-0.0025065061871938354,-0.0011692713809031696,-0.004546351191203142
1660869463624857,-0.9964141298542764,-0.1222552834363317,0.0055542839703974,0.003500228041665,0.0164949128603274,-0.0013606100994418,-0.0014155617911683,0.0036791127215715,-0.552496715033386,0.0008976035895603421,-0.0004980162459748971,0.002353469444529785,-0.0033226613684893287
1660869463640851,-0.9923857480735484,-0.1221332112611582,0.0046997787441824,0.0034201886811157,0.0164667949782572,-0.0021018684808994,-0.0014142065873884,0.0037176000879713,-0.552530291306651,0.0009495434554995334,0.0031773289812776495,0.0022279874577329495,-0.0037594499352338953
1660869463656846,-0.9939726863508048,-0.1246967269398032,0.0054322117952239,0.0033035475331765,0.0164097276895917,-0.0028150219826473,-0.0014099964151294,0.0037456604865016,-0.5525658076257021,0.0009957689663419194,0.0014313516336190713,-0.00030197539882084734,-0.002724315195773156
1660869463672840,-0.9950713359273672,-0.1255512321660182,0.0072632944228274,0.0031404800922145,0.0162894438200776,-0.0034913289169742,-0.0014038196603547,0.0037628485139245,-0.5526039200446684,0.0010133852327822155,0.00029943185135095085,-0.0010408325625322762,-0.0008039093113526904
1660869463688835,-0.9967803463797972,-0.1246967269398032,0.0078736552986953,0.0029330148145609,0.0160768279036163,-0.0041275061625493,-0.0013970515080211,0.0037690326826355,-0.5526453481781863,0.0010136318255858424,-0.001268620740971227,-0.00016769460268553638,-0.00017419359193631204
1660869463704829,-0.9994659342336156,-0.1242084382391089,0.0081177996490424,0.0027011927866057,0.0157589344474933,-0.0047228511310232,-0.001391374223808,0.0037641541395927,-0.5526906359791582,0.0010046306087879299,-0.003558787735310709,0.0002885346882078865,6.295568256970904e-05
1660869463720824,-1.000198367284657,-0.1255512321660182,0.0050659952697031,0.0024837369608105,0.0153491786513033,-0.0052733117230459,-0.0013884857612505,0.0037479380637372,-0.5527398575175694,0.0010465237326777552,-0.003862098707716921,-0.0009488333148312822,-0.0026899638270926314
1660869463736818,-0.99653620202945,-0.1262836652170596,0.0033569848172732,0.0023320182409475,0.0148890224607131,-0.0057708122554327,-0.001389752501462,0.0037202437949025,-0.5527923664635607,0.0011140809037590948,-0.000179940107258858,-0.0015131397292854065,-0.0039590768515702784
1660869463752533,-0.9978789959563592,-0.1311665522240024,0.0067750057221331,0.0022983861559411,0.0144428916634391,-0.0062072120722942,-0.0013958723508404,0.0036816558252579,-0.5528466875855611,0.0011514759784958775,-0.0013704606307511913,-0.005756424062605375,-0.00048695035203934114
1660869463768526,-0.99653620202945,-0.1325093461509117,0.0081177996490424,0.0024219662716984,0.0140881203563644,-0.0065757993262228,-0.001406620836003,0.0036337649055856,-0.5529006148188695,0.0011814221607979267,-2.4900033457786463e-05,-0.006389296190563221,0.0007702592173829629
1660869463784519,-0.9904325932707714,-0.1303120469977874,0.0084840161745631,0.0027161990268827,0.0138948190948968,-0.0068729655694955,-0.0014207935676193,0.0035789312746382,-0.5529515219449481,0.0011984178333910229,0.005470837852698751,-0.0037727973336950382,0.0010228281686132977
1660869463800512,-0.989089799343862,-0.1211566338597696,0.0097047379262988,0.0031620984345059,0.0139031840023831,-0.0071029974243544,-0.0014364194172116,0.0035196774505689,-0.5529968265535353,0.001145923498855846,0.006132268601647284,0.004844354223890485,0.0020191949283140977
1660869463816505,-0.9917753871976808,-0.1157854581521325,0.0077515831235217,0.0037096151340488,0.014113864810865,-0.0072806661615574,-0.0014511680242765,0.0034582113296494,-0.5530344975341128,0.0010980703000134694,0.003102012673045662,0.009193976938374829,5.943611298329845e-05
1660869463832498,-0.9906767376211184,-0.1154192416266118,0.0103150988021667,0.0042871411995614,0.014489420462637,-0.0074301230220557,-0.0014628079708434,0.0033962336254074,-0.5530634762533359,0.0010411678203249301,0.003780596024647198,0.00860417411750597,0.002360656612465468
1660869463848491,-0.9944609750514992,-0.1206683451590753,0.010803387502861,0.0048167114821155,0.0149586240966715,-0.0075826171589931,-0.0014696386034375,0.0033346844980081,-0.5530839000276818,0.0009934771779243066,-3.277265160250842e-06,0.003019563526538205,0.002564050781843793
1660869463864484,-0.994216830701152,-0.1214007782101167,0.0105592431525138,0.0052308691583475,0.0154291540629281,-0.0077703834134921,-0.0014708377402914,0.0032735399357005,-0.5530970690703867,0.000957998354364141,0.00021678037666827965,0.002058417427947115,0.002087915788346932
1660869463880478,-0.994216830701152,-0.1178606851300832,0.0084840161745631,0.005486974736234,0.0158117611626695,-0.0080151579888736,-0.0014666245009281,0.0032119949312094,-0.5531051643870513,0.0009505513991859227,0.0001951023390015516,0.005038659457182557,1.141992935660939e-05
1660869463896471,-0.9958037689784084,-0.1203021286335546,0.0066529335469596,0.0055756210233087,0.0160448478928665,-0.0083191498291751,-0.0014581665766196,0.0031485848396889,-0.5531107832760078,0.0009677468717744046,-0.0012526523444293947,0.0023374943583400337,-0.0016376964284222023
1660869463912464,-0.9977569237811856,-0.1279926756694896,0.0077515831235217,0.0055213569750303,0.0161100751894287,-0.0086676771942714,-0.0014472347561202,0.0030810057638376,-0.553116400822632,0.0009673353766414341,-0.00288522643248601,-0.004817747409835468,-0.00048514216667409123
1660869463928457,-1.002761882963302,-0.1279926756694896,0.0071412222476539,0.0053757141220295,0.0160376393055913,-0.0090403237447927,-0.0014356576594659,0.003006523549295,-0.553123882411351,0.000970642885753255,-0.007101167053142121,-0.004335972668851912,-0.0009859527382877018
1660869463944450,-0.9978789959563592,-0.1303120469977874,0.0068970778973067,0.0052043412022576,0.0158989981084763,-0.009418205050556,-0.0014247166204301,0.0029232358510891,-0.5531341566929404,0.0010050546094911086,-0.0019964520415792775,-0.005989809597434725,-0.001107087379771411
1660869463960443,-0.9944609750514992,-0.1288471808957046,0.0076295109483481,0.0050716867400581,0.0157862381431991,-0.0097833956217572,-0.0014147070777206,0.002830991277782,-0.5531471136499622,0.0010311681213284701,0.0012794119769525825,-0.0040724491458167394,-0.0003371888958570114
1660869463976436,-0.9926298924238957,-0.123598077363241,0.007385366598001,0.0050274315986677,0.015787823756749,-0.0101166339985525,-0.0014048222948226,0.0027312077892061,-0.5531617319438741,0.0010397550909443172,0.0027994451441004653,0.0010589889479821757,-0.0005231999215837002
1660869463992429,-0.9920195315480278,-0.1192034790569925,0.0087281605249103,0.0050981816016839,0.0159732232980431,-0.0103960709750583,-0.0013933256726319,0.0026261220176695,-0.5531763803045473,0.001016633503009938,0.003068825417971488,0.004908228528807609,0.0007376346047930395
1660869464008422,-0.9951934081025406,-0.1187151903562982,0.0076295109483481,0.0052859965474632,0.0163844140807896,-0.0105977080887905,-0.0013778915782752,0.0025182331838962,-0.5531891975238588,0.001006457878179488,-9.454602288727632e-05,0.004856865506551719,-0.00032491347459224443
1660869464024416,-0.9936064698252842,-0.1190814068818189,0.010803387502861,0.005572914936244,0.0170236076955632,-0.0107007409486272,-0.0013560668769454,0.0024103676083278,-0.5531984493999104,0.0009635293302227368,0.0013431530289322868,0.004041584082927915,0.0025640667719285908
1660869464040409,-0.9955596246280614,-0.1185931181811246,0.0117799649042496,0.0059288774381486,0.0178419614724108,-0.0106951900483981,-0.0013258438052065,0.0023060935834458,-0.5532027872617351,0.0009080654090583742,-0.00054900159646043,0.004076885505259989,0.0031865797559854706
1660869464056402,-0.9950713359273672,-0.1159075303273061,0.0105592431525138,0.0063202155905977,0.0187474542812238,-0.0105842984540338,-0.0012862164251397,0.0022093279367764,-0.5532013739184536,0.0008830824518479672,-5.464160618962044e-05,0.006086226023170646,0.0017692722038247042
1660869464072113,-0.995925841153582,-0.1139543755245289,0.0101930266269931,0.0067166910644041,0.0196344402896328,-0.0103803794932292,-0.0012374848865726,0.0021228556402897,-0.5531938828224253,0.000877781969477106,-0.0008182321491638778,0.007235442743353054,0.0012627501104736042
1660869464088105,-0.9937285420004578,-0.1179827573052568,0.0103150988021667,0.0070960174986598,0.0204153503479415,-0.01009890106271,-0.0011811757143285,0.0020474849905803,-0.5531804052447625,0.0008751129634357346,0.0012411603035642482,0.002886354866362642,0.0012463400570824814
1660869464104097,-0.990798809796292,-0.126161593041886,0.0139772640573738,0.0074456600997583,0.0210372790247997,-0.0097556075502771,-0.0011196628527871,0.0019828195123284,-0.5531613097605106,0.000810380769461682,0.0037538032569570667,-0.0047632327832399235,0.004417654781060624
1660869464120089,-0.9940947585259784,-0.1279926756694896,0.0127565423056381,0.0077623457627042,0.02148294545567,-0.0093675405421614,-0.0010556746597911,0.0019282019289154,-0.5531370916086726,0.0007571458410197022,0.0004120690745436084,-0.0059348838697591555,0.0028772397263924325
1660869464136081,-0.9945830472266728,-0.1276264591439689,0.0110475318532081,0.0080498763793805,0.0217649077978945,-0.0089540114112538,-0.0009918263953334,0.0018828341518597,-0.5531082418284142,0.0007387427141104249,-6.859766353572994e-05,-0.005011800609814598,0.0010514063465661902
1660869464152073,-0.9951934081025406,-0.1205462729839017,0.0109254596780346,0.0083157695554491,0.0219193755492112,-0.0085348715256749,-0.0009302386805934,0.0018457256012122,-0.5530751604517578,0.0007225334690821778,-0.0006110626854631818,0.0018615469952273367,0.0008364007542534194
1660869464168066,-0.9967803463797972,-0.1203021286335546,0.011657892729076,0.0085673816068887,0.0219975483335477,-0.0081281117199447,-0.0008722752994906,0.0018156160495647,-0.5530381275602338,0.000690950502818522,-0.0019782008664478434,0.0018951222110169946,0.0014119504247653396
1660869464184058,-0.9921416037232014,-0.1255512321660182,0.0128786144808117,0.008808467137103,0.0220507305610903,-0.0077489573396984,-0.0008184572737524,0.0017908981653738,-0.5529973330110086,0.0006699582381702822,0.002394487611133145,-0.0030185831893019544,0.0023694049588509347
1660869464200050,-0.992507820248722,-0.1245746547646296,0.0122682536049438,0.0090371885355947,0.022114545891189,-0.0074106945081605,-0.0007685896543642,0.0017701800160821,-0.5529529513248511,0.0006615632356425633,0.0018254439770511999,-0.0018378052091220093,0.0015831396746847307
1660869464216042,-0.9943389028763256,-0.122743572137026,0.0120241092545967,0.0092461874896869,0.0222018755290966,-0.0071262374250486,-0.0007220369499509,0.0017526976009296,-0.5529052318764036,0.0006447045638446322,-5.0747854972721385e-06,-6.050323366563193e-06,0.001205095791903867
1660869464232034,-0.99482719157702,-0.1214007782101167,0.0093385214007781,0.0094246319807572,0.0223060451928548,-0.0069082290814023,-0.0006780186777657,0.0017375895721327,-0.5528545696244943,0.0006592281212971237,-0.00044402713757252243,0.0012030692431884565,-0.0013324428557232575
1660869464248026,-0.9966582742046236,-0.1209124895094225,0.0098268101014724,0.0095614897217019,0.0224092039729674,-0.006766053671913,-0.0006358363137405,0.0017234073433401,-0.5528015336282213,0.0006553533586917349,-0.0020475987886584557,0.0015222221494943927,-0.000759738739526063
1660869464264019,-0.9949492637521936,-0.1245746547646296,0.008239871824216,0.0096489723065245,0.0224932838023089,-0.0067007186308189,-0.0005949986925583,0.0017086748350954,-0.5527468439539311,0.0006844356656692135,-0.00030472950260562737,-0.0019259487951414356,-0.002112009315104217
1660869464280011,-0.99653620202945,-0.1257953765163653,0.008239871824216,0.0096852399106322,0.0225507924934244,-0.0067020054778695,-0.0005552285922584,0.0016922267268147,-0.552691298611475,0.000705301214364578,-0.0017025010018758557,-0.0028320034921894277,-0.001900808383593796
1660869464296003,-0.9950713359273672,-0.1266498817425803,0.0093385214007781,0.0096758392919523,0.0225878422051991,-0.0067518622767488,-0.0005163714105255,0.0016731827868523,-0.5526356663850879,0.0007218227684458012,-0.00021387140981377062,-0.003317857846563979,-0.0007219429263285258
1660869464311995,-0.9918974593728542,-0.1264057373922332,0.0078736552986953,0.0096336411208842,0.022618720592871,-0.006830143521944,-0.0004782839564065,0.0016512215684216,-0.5525805695413943,0.000774067974614163,0.0026640046302291998,-0.0027663421465951993,-0.0019681281255701944
1660869464327987,-0.9978789959563592,-0.1242084382391089,0.0098268101014724,0.0095771581720993,0.0226627504518268,-0.0069166231871574,-0.0004407516021186,0.0016265940704187,-0.5525263800759783,0.0007598380036915679,-0.002985778757948143,-0.0005121386941238093,-1.347599051378448e-05
1660869464343979,-0.9983672846570536,-0.1223773556115053,0.0110475318532081,0.0095272768542838,0.0227446355126797,-0.006992228192355,-0.0004034118021688,0.0015998322582335,-0.5524731548296977,0.0007252043911971849,-0.0031266607127782287,0.0011870495401318237,0.0010865211850997238
1660869464359972,-0.9997100785839628,-0.1232318608377203,0.0093385214007781,0.0095027897071004,0.0228862708522069,-0.0070423679709705,-0.0003657136875444,0.0015719752126524,-0.5524206338885983,0.0007189873803806035,-0.004022509175718669,0.00029928988252514444,-0.0005602403405972484
1660869464375964,-0.9955596246280614,-0.1217669947356375,0.0062867170214389,0.0095156910355535,0.0230911457781972,-0.007056441244978,-0.0003270310960283,0.0015449319888647,-0.5523683130535773,0.0007650268553494576,0.00011515030216446842,0.0015877403861471462,-0.003250840247942803
1660869464391723,-0.992507820248722,-0.121889066910811,0.0078736552986953,0.0095677904625993,0.0233390411063421,-0.0070227787300318,-0.000286942598943,0.0015210947954735,-0.5523155792342024,0.0007938330781198575,0.0028502592133534677,0.0013191013898762732,-0.0014975117736177636
1660869464407714,-0.992507820248722,-0.1200579842832075,0.0101930266269931,0.0096501850516228,0.0235979624981808,-0.006928117346181,-0.0002454879454112,0.0015024799717437,-0.5522618756000091,0.0007877336190326685,0.0025652332920180765,0.0028351656157317995,0.0007396735992120339
1660869464423706,-0.9943389028763256,-0.1224994277866789,0.0100709544518196,0.0097460876366397,0.0238393585172163,-0.0067649583348638,-0.0002032091149897,0.0014902050899842,-0.5522068489110424,0.0007817263013479885,0.0006607355979728613,0.0003543499010343759,0.0005558412816346805
1660869464439697,-0.9945830472266728,-0.1222552834363317,0.0089723048752574,0.0098360052139089,0.024043218576125,-0.0065397174149118,-0.0001609886371283,0.0014844957273148,-0.5521504343103332,0.0007904025903294833,0.00037493212286310307,0.0005386448262434118,-0.0004885274654347679
1660869464455688,-0.9989776455329212,-0.1273823147936217,0.0094605935759517,0.0099032940165518,0.0241964660532956,-0.0062739755710591,-0.0001198261585119,0.0014847872232763,-0.5520928547601873,0.0007821457817430641,-0.0036176995650467614,-0.004129547877941925,-2.1488826642233894e-07
1660869464471679,-0.9970244907301442,-0.1277485313191424,0.0117799649042496,0.0099381866751303,0.0242905390833239,-0.0059980421398993,-8.066366396036555e-05,0.0014897676276787,-0.552034543692369,0.0007570172337132357,-0.0014980902860427525,-0.004046187963116385,0.002087240796028329
1660869464487671,-0.9954375524528878,-0.125307087815671,0.011657892729076,0.0099393359828175,0.0243167462212049,-0.0057426476078689,-4.431860824142685e-05,0.0014977496144759,-0.5519760238551024,0.0007361393754498844,7.996319209235825e-05,-0.001444270013680471,0.001768651758769257
1660869464503662,-0.9950713359273672,-0.1243305104142824,0.0110475318532081,0.0099131051515796,0.0242652355693215,-0.0055342472829089,-1.150836962985659e-05,0.0015072804804372,-0.5519177800190914,0.0007236294587494864,0.00040156174585159743,-0.0004209233510626964,0.001042461794611222
1660869464519653,-0.9937285420004578,-0.1179827573052568,0.0075074387731746,0.0098715250165023,0.0241337900080374,-0.0053945111825029,1.715827572754494e-05,0.0015173658287551,-0.5518601524648172,0.0007447215808265966,0.0015699201054848455,0.005334146782166621,-0.0022478681568800516
1660869464535644,-0.9947051194018464,-0.1205462729839017,0.0055542839703974,0.00982974226785,0.0239355574404887,-0.005340103781316,4.130126487478019e-05,0.0015271576073697,-0.551803265475978,0.0007999406371950645,0.0005340084336866724,0.0024935679931695487,-0.003780920663691527
1660869464551635,-0.9955596246280614,-0.1245746547646296,0.0055542839703974,0.0098031576875414,0.0236993315493627,-0.0053767618685288,6.092031809742525e-05,0.0015356106819796,-0.5517469987395267,0.0008540305497988602,-0.0002884471132755806,-0.0013813324088025186,-0.003402828597322374
1660869464567627,-0.9995880064087892,-0.1283588921950103,0.0044556343938353,0.0098039985923016,0.0234712929187326,-0.0054906792261018,7.650190942423761e-05,0.001541708791596,-0.5516910103078008,0.0009179199769289631,-0.0038851460046031017,-0.004649012855264881,-0.004051330356496027
1660869464583618,-1.000076295109483,-0.1311665522240024,0.0083619439993896,0.0098374536678186,0.0233144465521484,-0.0056517721588701,8.911305976808505e-05,0.0015450471713352,-0.551634818801783,0.0009402794173407343,-0.003936091234767236,-0.006711005595831279,-0.0001305186758475546
1660869464599609,-0.9940947585259784,-0.1294575417715724,0.0061646448462653,0.0098984540415499,0.023294675901256,-0.0058307924466709,0.0001004761935562,0.0015459558969578,-0.5515779415212698,0.000997628638763231,0.0018409008138636773,-0.004501795629061153,-0.002095036046074669
1660869464615600,-0.9911650263218128,-0.1251850156404974,0.003967345693141,0.009970882178197,0.0234613766667074,-0.0060125496036423,0.0001129346163361,0.0015453277408969,-0.5515200647776447,0.0010643535629056612,0.004293569716226409,-0.0002063425481875214,-0.003863101679279073
1660869464631591,-0.9921416037232014,-0.1177386129549096,0.0061646448462653,0.0100308584475598,0.0238338457667161,-0.0061965781566484,0.0001292451457502,0.0015446300007301,-0.5514611955335805,0.001065120473405905,0.002985293083354046,0.006516054123660242,-0.001499222273539295
1660869464647583,-0.9916533150225072,-0.1166399633783475,0.0040894178683146,0.0100543044080239,0.0243926205016789,-0.0063930747822335,0.0001522029005775,0.0015454993485386,-0.5514017252468029,0.0011049776212163655,0.003126223605643408,0.006853233330200104,-0.0032170043263409958
1660869464663574,-0.9958037689784084,-0.1216449225604639,0.0061646448462653,0.0100265976145655,0.0250763720659973,-0.0066198717566692,0.0001841562081552,0.0015490009455321,-0.5513423549778035,0.0011145171328982007,-0.0009218073152319484,0.0016634467332753422,-0.001027599613551265
1660869464679565,-0.9997100785839628,-0.1194476234073396,0.0071412222476539,0.0099503736140717,0.0257852216713112,-0.0069021033088172,0.000226509472006,0.0015554931719374,-0.5512838826347216,0.0010979930911773834,-0.004345305228707685,0.0034746712977596766,-4.591999094639889e-05
1660869464695556,-1.002151522087434,-0.1172503242542153,0.0046997787441824,0.009847655039859,0.0263892436565018,-0.0072723340859642,0.0002793069978396,0.0015643273447357,-0.5512269101371803,0.001121505842709748,-0.006108073858961061,0.005104773405795571,-0.0022386271449761092
1660869464711334,-1.000198367284657,-0.1187151903562982,0.003967345693141,0.0097546060622458,0.0267498809022895,-0.0077629547854676,0.000340994044477,0.0015726243293405,-0.5511715721112074,0.0011642058785191684,-0.003739427150565744,0.003275916573341406,-0.002673954176415758
1660869464727324,-0.9984893568322272,-0.1239642938887617,0.001403830014496,0.0097102757961314,0.0267565578556575,-0.0083928249460017,0.0004084958840142,0.0015749845445405,-0.5511173982405807,0.0012382114902232094,-0.001827375028322198,-0.0017758682632098982,-0.004713722869554683
1660869464743314,-0.9954375524528878,-0.1293354695963989,-0.0001831082627603,0.0097432989476428,0.0263590596874368,-0.0091607664833876,0.0004776952331799,0.0015652152594801,-0.5510633769609399,0.0013292701553377084,0.0011019864159155235,-0.006432339573762394,-0.005670595032129884
1660869464759305,-0.9892118715190356,-0.1345845731288624,-0.0009155413138017,0.0098616173720868,0.0255781159151506,-0.0100466009872906,0.000544185349039,0.0015381544208378,-0.5510082073815311,0.0014419566035977947,0.006594900614790955,-0.010513298795603296,-0.005762725274854155
1660869464775295,-0.9876249332417792,-0.1377584496833753,-0.0004272526131074,0.0100492577475375,0.0244978036793612,-0.0110130083668834,0.0006040553694059,0.0014901214362919,-0.5509506549818353,0.0015708098467903037,0.0073636550028425285,-0.012318457815104572,-0.00474699291674387
1660869464791285,-0.9884794384679942,-0.135561150530251,-0.0015259021896696,0.0102714096772352,0.0232503542001352,-0.0120098075475369,0.0006545423691233,0.0014187459111667,-0.5508898909542244,0.0017092825467251262,0.005858234798964745,-0.00910904279578223,-0.005261078243975464
1660869464807275,-0.9933623254749372,-0.129579613946746,0.0007934691386282,0.0104857934808925,0.0219963784179257,-0.0129808664598626,0.0006944860427841,0.0013232950111336,-0.5508257022183642,0.001766271500415971,0.0008778130128196393,-0.002814755591049517,-0.002647536224109897
1660869464823266,-0.9972686350804914,-0.128725108720531,0.0007934691386282,0.0106560482035419,0.0208969542425968,-0.0138696286810047,0.0007245029271082,0.0012053769774198,-0.5507585054854454,0.0018037277545724637,-0.002725646933461001,-0.0017642253283510767,-0.0023827826016989077
1660869464839256,-0.9971465629053178,-0.128725108720531,0.0006713969634546,0.0107623673452448,0.0200788092844656,-0.0146253629929398,0.0007467733180831,0.0010687852128525,-0.5506891675766754,0.001840575368929593,-0.002343217282458676,-0.0015878027955159857,-0.0022543692991852573
1660869464855246,-0.9984893568322272,-0.1231097886625467,0.003112840466926,0.0108058190961087,0.0196068244808016,-0.0152106439895211,0.0007644515586853,0.0009183646910644,-0.5506187041550178,0.0018113000401481516,-0.0033174100884312274,0.0036247655362214998,0.00016836678385752845
1660869464871236,-0.9971465629053178,-0.1188372625314718,0.004821850919356,0.0108054282615829,0.0194788951547542,-0.0156045234185003,0.000780892938178,0.0007593324751331,-0.5505479692974775,0.0017475119084478096,-0.0017771545453696413,0.0071075625005667525,0.0016896395126587758
1660869464887227,-0.9961699855039292,-0.1229877164873732,0.0062867170214389,0.0107899878792676,0.0196426052078608,-0.0158022755225222,0.0007989722019003,0.000597134258369,-0.5504774355108796,0.0016912182664422437,-0.0007205194295830664,0.0026613976901988246,0.002839055053267508
1660869464903217,-0.9939726863508048,-0.1233539330128939,0.0068970778973067,0.0107880468788177,0.0200198849411677,-0.015816267522643,0.0008206908320928,0.0004368409368309,-0.5504071173715223,0.0016370088979759808,0.0013291017511871672,0.002065663048210306,0.0031044743362217773
1660869464919207,-0.9953154802777142,-0.1221332112611582,0.0079957274738688,0.0108193338485045,0.0205261842678429,-0.0156753783176748,0.0008470890616401,0.000282504756318,-0.5503366431438237,0.0015670140644105444,-1.232295815001283e-05,0.00295774631995141,0.0037828115215054895
1660869464935197,-0.9947051194018464,-0.1206683451590753,0.0055542839703974,0.0108898403742607,0.0210820886117202,-0.0154194555644423,0.0008783465967639,0.0001370096102498,-0.5502654353283258,0.0015353075152519907,0.0005382341259461132,0.0039803511798308655,0.0012072312162306805
1660869464951188,-0.9929961089494164,-0.1206683451590753,0.007385366598001,0.0109914098374704,0.0216228024599208,-0.0150911136255937,0.0009139744431219,2.026806315242246e-06,-0.5501929335773912,0.0014864090188658784,0.0020225201205384957,0.003582316061847779,0.002734482459450853
1660869464967178,-0.9947051194018464,-0.1204242008087282,0.010803387502861,0.0111052429879319,0.0221042025727821,-0.0147296513260146,0.0009530571602213,-0.0001217640367685,-0.550118793184054,0.0013920642588815832,0.0002821587012976634,0.0034438143709753927,0.005537253027879768
1660869464983168,-0.9949492637521936,-0.1207904173342489,0.0104371709773403,0.0112076872686925,0.022500801942362,-0.014370633969173,0.0009944968975146,-0.0002341652959162,-0.5500430099344674,0.0013136240173752592,3.421291585536945e-05,0.002769838060909219,0.004653932852123161
1660869464999158,-0.9975127794308384,-0.122743572137026,0.0081177996490424,0.0112763227699746,0.0228010210734212,-0.0140490529999804,0.0010372215079962,-0.0003355757216077,-0.549965948174584,0.0012735374847809928,-0.0022763724865104695,0.0007350149323189087,0.002101105371442734
1660869465015149,-0.9984893568322272,-0.1234760051880675,0.0095826657511253,0.0112946796212601,0.0230063608786641,-0.0137977771340011,0.0010803606160078,-0.0004275784375207,-0.5498882811732899,0.001216809010701993,-0.0029276548991092888,2.323693149661188e-06,0.0032093743261730704
1660869465030944,-0.9964141298542764,-0.1268940260929274,0.0066529335469596,0.0112547798671731,0.0231297185434727,-0.0136377629101228,0.0011233589559828,-0.0005125715292308,-0.5498108762679349,0.00121818060629372,-0.0007671851290426135,-0.0030741274905392163,0.0002516779098066333
1660869465046934,-0.9937285420004578,-0.1232318608377203,0.0042114900434881,0.0111577109530169,0.0231886994344784,-0.0135684766509366,0.0011659542703846,-0.0005924819432577,-0.5497346575375951,0.0012510395959118637,0.001726562452298297,0.0005292339882011082,-0.001970789034298379
1660869465062924,-0.9939726863508048,-0.1229877164873732,0.0054322117952239,0.0110129911149692,0.0232008920798969,-0.013567058449125,0.0012080345103569,-0.0006683321170702,-0.5496604661699995,0.0012629023528644451,0.0013341762917561395,0.0006960405046933793,-0.0006750605543063212
1660869465078914,-0.995925841153582,-0.1246967269398032,0.0066529335469596,0.0108372899091568,0.0231867863345677,-0.0135941914855145,0.0012495026693822,-0.0007409924496006,-0.5495889327857287,0.001256036991480023,-0.0005570806599188849,-0.0009116729529629608,0.0004910950776864402
1660869465094904,-1.000686655985351,-0.1226214999618525,0.0071412222476539,0.0106525149595481,0.0231729858952711,-0.0136037124112435,0.0012902460151783,-0.0008114955337288,-0.549520377051796,0.001231788491513735,-0.004786105942519048,0.0010471986224889623,0.0008814454005426665
1660869465110893,-0.9988555733577478,-0.1196917677576868,0.0053101396200503,0.0104829713018313,0.0231857111440817,-0.0135559923141991,0.0013301745304398,-0.0008805370245399,-0.5494547482164434,0.0012364400176689788,-0.0026595209834243683,0.0035792377439891887,-0.0008546735043548394
1660869465126883,-0.9954375524528878,-0.1215228503852903,0.0084840161745631,0.0103515272099896,0.0232422027661784,-0.0134273880834521,0.0013692461140067,-0.0009481536601874,-0.5493916189670769,0.0012016413545943964,0.0006826499292921229,0.0015733396047471204,0.002087282745142165
1660869465142873,-0.9955596246280614,-0.1288471808957046,0.0081177996490424,0.0102754270687165,0.0233567688838085,-0.0132102113272817,0.0014075118076184,-0.0010134154571495,-0.5493302433716029,0.0011863157579012399,0.0005045199787065968,-0.005175891815100461,0.0015489595976593178
1660869465158863,-0.9947051194018464,-0.1294575417715724,0.0117799649042496,0.0102629850499034,0.0235517836818216,-0.0129130406055877,0.0014452802582342,-0.0010741271211549,-0.5492696743191575,0.0011292237779052098,0.0012231226844294785,-0.005207627421871433,0.004690012367579865
1660869465174852,-0.9921416037232014,-0.1226214999618525,0.0122682536049438,0.0103121702572047,0.0238485828541377,-0.0125630846862684,0.0014833060360312,-0.0011276599098825,-0.5492089157327185,0.0010575055739717699,0.003407974526766999,0.0014655729490636177,0.004660470961446659
1660869465190842,-0.9939726863508048,-0.1207904173342489,0.0060425726710917,0.0104112915774796,0.0242478943630952,-0.0121962461635877,0.0015227490482076,-0.001172205621369,-0.549147079947651,0.0010735183110183472,0.0014192027092472248,0.0029669900190004844,-0.0014086889751648958
1660869465206832,-0.9977569237811856,-0.1182269016556039,0.007385366598001,0.0105413103152604,0.0247259647570303,-0.0118406315341165,0.0015648658706685,-0.0012068290780299,-0.5490835241194826,0.0010591748746662168,-0.002128531249020238,0.004977455127880934,-5.930554343003616e-05
1660869465222822,-0.9960479133287556,-0.1170061799038682,0.0076295109483481,0.0106789347365654,0.0252397541177402,-0.0115159511774756,0.0016106418842775,-0.0012311711350502,-0.5490179438836887,0.0010509959215172337,-0.0003775687169311759,0.005578359191654961,0.00016635492622535733
1660869465238812,-0.9978789959563592,-0.1177386129549096,0.0098268101014724,0.0107996789578144,0.0257296537364608,-0.011243989250527,0.0016605176824778,-0.0012458011981351,-0.5489504163112804,0.0010153599540372374,-0.0019877862100812216,0.0043613335265522135,0.002127288671414692
1660869465254801,-0.99482719157702,-0.1209124895094225,0.0081177996490424,0.0108805945383748,0.0261314081383745,-0.0110485360365477,0.001714258455578,-0.0012523067342595,-0.5488813972925765,0.0010120139708295688,0.0009576163523321579,0.0010687112748353905,0.00037645039708622194
1660869465270791,-0.99482719157702,-0.1234760051880675,0.0098268101014724,0.0109029235233547,0.0263953409904141,-0.0109454666576695,0.0017709991449673,-0.0012529847385066,-0.5488116763155754,0.000982461745996584,0.0008618547170989865,-0.0013453239634286518,0.0018769147645645995
1660869465286781,-0.9934843976501108,-0.1259174486915389,0.0059205004959181,0.0108549837012879,0.0264959320167043,-0.0109376995687243,0.0018294292286741,-0.0012506500271176,-0.548742286196163,0.0010143538071288227,0.001984183779607407,-0.003408090720210033,-0.00182645535689073
1660869465302771,-0.9938506141756314,-0.1292133974212253,0.0042114900434881,0.0107350977113293,0.0264342451921633,-0.0110198105808528,0.0018880589214983,-0.0012480521344876,-0.5486743670357002,0.001072798929126438,0.0014561705286780802,-0.0060336355049067925,-0.003181919228388657
1660869465318760,-0.9956816968032348,-0.1273823147936217,0.0026245517662317,0.0105535752590543,0.026238665749161,-0.0111850968385746,0.0019455539978068,-0.0012472814971898,-0.5486089909464235,0.001146275633010965,-0.00033742088903288003,-0.0037822975895728528,-0.004291971755080552
1660869465334750,-0.9994659342336156,-0.1271381704432746,0.0040894178683146,0.0103323603446852,0.0259552154761706,-0.0114263980978181,0.0020010401817917,-0.0012501456655178,-0.5485469719913026,0.0011869585901842024,-0.003709492487472321,-0.0031843379153031898,-0.002544395087697887
1660869465350555,-0.9998321507591365,-0.1303120469977874,0.0061646448462653,0.0101014512058599,0.0256297853034874,-0.0117335128181459,0.0020542103420628,-0.0012585530492827,-0.5484887079650148,0.0012089781196667167,-0.003668138111693753,-0.0057223930228343795,-0.00042225129877246706
1660869465366544,-1.000198367284657,-0.1272602426184481,0.007385366598001,0.0098924458193544,0.025294873426798,-0.0120945563450885,0.0021052118665991,-0.0012739488538912,-0.5484341043985971,0.0012069131032014437,-0.003630919173492897,-0.002403529779145569,0.0007186234076669096
1660869465382533,-0.9969024185549706,-0.1209124895094225,0.003967345693141,0.0097310401581717,0.0249612050212997,-0.0124981946737763,0.002154398513716,-0.0012968099102835,-0.5483826099789904,0.0012300097224163923,-0.0003014733994258778,0.003549800996892019,-0.002429457747473782
1660869465398522,-0.9906767376211184,-0.1192034790569925,-0.0012817578393224,0.0096311933176805,0.0246150296980823,-0.0129342102535607,0.0022020166993996,-0.0013270013262665,-0.5483333571097619,0.0013260779828979641,0.005331786780983672,0.004732930304389829,-0.006910705151943464
1660869465414510,-0.9893339436942092,-0.1273823147936217,0.006530861371786,0.0095932039757547,0.0242320261878699,-0.0133951522080079,0.002247978249003,-0.0013646547489902,-0.5482853637778037,0.001330987635514846,0.006007122637103568,-0.0031013148890154385,0.0008117226532484423
1660869465430499,-0.9953154802777142,-0.1310444800488288,0.0032349126420996,0.0096061715550678,0.0238019422869248,-0.0138744802739788,0.0022918993385948,-0.0014107004049905,-0.548237731692311,0.0013874503713553672,2.3027448238788217e-05,-0.006087132129800291,-0.0022358034687941625
1660869465446488,-0.9988555733577478,-0.1303120469977874,0.0061646448462653,0.0096533754541116,0.0233380346467921,-0.0143597881980811,0.0023333409876641,-0.0014661037641039,-0.548189783372156,0.0013943292209055976,-0.003165359068615259,-0.00481922917088301,0.0006245358618343841
1660869465462477,-0.9956816968032348,-0.1292133974212253,0.0044556343938353,0.0097180937961019,0.0228647641611584,-0.0148300731603954,0.0023719916664656,-0.0015305938941231,-0.5481411099411155,0.0014264384562602097,7.665737307926968e-06,-0.003348521634888829,-0.0009760271315360546
1660869465478466,-0.9956816968032348,-0.1259174486915389,0.005676356145571,0.0097876387822768,0.022405916217435,-0.0152567004710999,0.0024076752952139,-0.0016027919441752,-0.5480915381426282,0.0014234061384511285,6.899163577100964e-06,-4.731561468218626e-05,0.0002202251581796804
1660869465494454,-0.9945830472266728,-0.1249408712901503,0.0037232013427939,0.0098547811515599,0.0219869226109692,-0.0156024294896187,0.0024402930007391,-0.0016812430655658,-0.5480410529400476,0.00144379358264535,0.0009949938661252267,0.000836335608035782,-0.0015596366801376785
1660869465510443,-0.9928740367742428,-0.1276264591439689,0.0053101396200503,0.0099172758885746,0.0216407892046399,-0.0158259342588135,0.0024698362248175,-0.0017644644771368,-0.5479897140399316,0.0014565647361537352,0.0024336038866996645,-0.0016643270212045314,2.4571437406849597e-05
1660869465526432,-0.99311818112459,-0.1281147478446631,0.005676356145571,0.0099766172141386,0.0214046842253447,-0.0158946127666256,0.0024964865958686,-0.0018503204099919,-0.5479375869545204,0.0014664113042520725,0.0019705135827171594,-0.0019373541497088587,0.00035170916663479403
1660869465542421,-0.9970244907301442,-0.1243305104142824,0.0097047379262988,0.0100366227675207,0.0213084109129374,-0.015791320358696,0.0025206904918168,-0.0019359077831741,-0.5478846947922705,0.0013948306086017815,-0.0017422164205532775,0.0016621949526046537,0.003942081852626334
1660869465558410,-0.9958037689784084,-0.1232318608377203,0.0115358205539024,0.0101019947964578,0.0213638778977786,-0.0155112691918481,0.0025430953460636,-0.0020176751748766,-0.5478309926316266,0.0013027575206444458,-0.0004693452019357558,0.0024847600762500782,0.005195848032206941
1660869465574399,-0.9950713359273672,-0.1181048294804303,0.0114137483787288,0.0101768375814194,0.0215600447978232,-0.0150628815531003,0.0025643690153136,-0.0020916015833409,-0.547776365142368,0.0011992416728109825,0.0002367790641948364,0.006850612290186062,0.004566398271330006
1660869465590387,-0.9938506141756314,-0.1190814068818189,0.0132448310063324,0.0102630303909259,0.0218635287535823,-0.014473782781509,0.0025850157188085,-0.0021540330754418,-0.5477206487103611,0.00109236191045056,0.0013117507343375356,0.00528663139991771,0.005757732809040246
1660869465606376,-0.9940947585259784,-0.1243305104142824,0.0143434805828945,0.0103584558117087,0.022226352459323,-0.0137900883019806,0.0026052709624949,-0.0022026045350104,-0.5476636809707479,0.0010018273511975561,0.0009608457455915209,3.3775080708772776e-05,0.006170744147042112
1660869465622365,-0.9960479133287556,-0.126161593041886,0.0144655527580681,0.0104552465893537,0.022596691593245,-0.0130705257358849,0.0026250982114206,-0.0022361921766396,-0.5476053790572548,0.0009219283066012576,-0.0008930781514671082,-0.0016175767922053524,0.0056635346899941395
1660869465638354,-0.9977569237811856,-0.1238422217135882,0.0128786144808117,0.0105383100896648,0.0229238956163414,-0.0123827051149645,0.002644256347028,-0.0022547319601256,-0.5475458434860084,0.0008568362965367527,-0.0023418797435074135,0.0006316150824832029,0.0036689367714639667
1660869465654343,-0.9958037689784084,-0.1196917677576868,0.0103150988021667,0.0105846305090543,0.0231595461623995,-0.0117955320729059,0.0026623639518398,-0.0022598623172672,-0.5474854792235517,0.0008203758242446097,-0.00034985244665719506,0.004303862134546144,0.0009948789835370689
1660869465670135,-0.9947051194018464,-0.1222552834363317,0.008239871824216,0.010564157219914,0.0232616530304031,-0.0113644783020383,0.002678910714176,-0.0022549199920041,-0.5474251156112515,0.0008310908232969311,0.0006739174169143602,0.0015663118103111245,-0.0009723131949722682
1660869465686123,-0.9953154802777142,-0.1265278095674067,0.0079957274738688,0.0104430816512425,0.0232007559016697,-0.011120664624482,0.0026932375754965,-0.0022433478791328,-0.5473660927788624,0.0008575643369554958,5.7200886941832785e-05,-0.002435592888687485,-0.0010948117907875216
1660869465702111,-0.9972686350804914,-0.1284809643701839,0.0097047379262988,0.0101897723717653,0.0229637216783709,-0.0110691052643907,0.0027045347526226,-0.0022275089645239,-0.5473102737157897,0.0008635755695974636,-0.0017063585242517165,-0.003949872922318215,0.0005527787954782305
1660869465718099,-0.9955596246280614,-0.1328755626764324,0.0087281605249103,0.0097826725609168,0.0225529476970625,-0.0111910706175009,0.0027118629591188,-0.0022091344043514,-0.5472599459541672,0.0009166927156525206,2.386735360349057e-06,-0.007510024105710056,-0.0003814187453192418
1660869465734087,-0.9951934081025406,-0.1282368200198367,0.004821850919356,0.0092184570697379,0.0219818791741196,-0.0114493413938399,0.0027141685019352,-0.0021901901097837,-0.5472175956647958,0.0009904924894795287,0.000331742934792989,-0.002584153304202891,-0.003858955515786187
1660869465750074,-1.001052872510872,-0.1259174486915389,0.0070191500724803,0.0085180338413725,0.0212746818138484,-0.0117956001919579,0.0027103156227883,-0.0021733138534508,-0.5471855691035108,0.0010049027715345457,-0.004974949326184586,-0.00023830377831460248,-0.0014954907263956992
1660869465766062,-1.003738460364691,-0.1271381704432746,0.0045777065690089,0.0077279643684926,0.0204726316881181,-0.0121764229894707,0.0026992143659407,-0.0021614874205734,-0.547165674681682,0.0010637116803635055,-0.006894483462003276,-0.001313122977045278,-0.0035432408068803885
1660869465782050,-1.002883955138476,-0.129579613946746,0.005676356145571,0.0069159174586832,0.0196365945558871,-0.0125402879846922,0.0026800619022862,-0.0021567897353706,-0.5471588089868902,0.00112672099227027,-0.005435980412209385,-0.003379109832465005,-0.0022001321072864597
1660869465798038,-0.9994659342336156,-0.132997634851606,0.0068970778973067,0.0061604230764935,0.0188399043568066,-0.0128460764334195,0.0026526137633407,-0.0021595436421035,-0.5471647003746162,0.0011915701096167374,-0.00181616355661407,-0.0061174176635925,-0.0008814693199956838
1660869465814026,-0.99653620202945,-0.1325093461509117,0.0062867170214389,0.0055368801043774,0.0181569434916893,-0.0130649394531703,0.0026173681501216,-0.0021685429384093,-0.5471818468382356,0.001251854001384595,0.0010022117827963584,-0.00506621606660837,-0.001342647176277135
1660869465830014,-0.997634851606012,-0.1320210574502174,0.0092164492256046,0.0051031109296553,0.017650667776515,-0.0131764239198993,0.0025755767459918,-0.0021813365515049,-0.5472076812861592,0.0012726609264491076,-8.679401438904666e-05,-0.004120134629322647,0.0014283765250997097
1660869465846002,-0.995925841153582,-0.1273823147936217,0.0095826657511253,0.0048880441319895,0.0173608324776979,-0.0131703655057901,0.0025290796854855,-0.0021946701340938,-0.5472389430224534,0.0012453898461517127,0.001459994794236863,0.00046674722454576045,0.001615133745558368
1660869465861990,-0.9949492637521936,-0.1237201495384146,0.0098268101014724,0.0048862104582691,0.0172959695096395,-0.0130550678077,0.0024800437212222,-0.0022054787462854,-0.5472721847294947,0.0011850323937607017,0.0021929149760627764,0.0037160212317775693,0.001673350286314922
1660869465877977,-0.9915312428473336,-0.119325551232166,0.0105592431525138,0.0050593137089079,0.0174294798079732,-0.01286036437751,0.0024306627356914,-0.0022114189465616,-0.5473043102446876,0.0010863252204235153,0.005049842292830453,0.007299557584223557,0.0021652050036206887
1660869465893965,-0.9916533150225072,-0.1168841077286946,0.0098268101014724,0.0053445807649875,0.0177025573563617,-0.0126281749868658,0.0023828259135657,-0.0022109372641075,-0.547333031975737,0.0010000628203275382,0.004434993105891238,0.008766900978925449,0.0012894947573213605
1660869465909953,-0.9928740367742428,-0.1214007782101167,0.0092164492256046,0.0056680467417466,0.0180375364777946,-0.012395686116579,0.0023377935564088,-0.0022033884643078,-0.5473571555986896,0.0009690943967307241,0.0028928442187401426,0.0038252074477530124,0.0006112204933082059
1660869465925941,-0.9938506141756314,-0.1243305104142824,0.0106813153276874,0.0059596881556121,0.0183559371003774,-0.0121875613493131,0.0022959918846877,-0.0021885721282465,-0.547376636545768,0.0009404225211259442,0.001724640135616351,0.0008059277192285913,0.001868477935851905
1660869465941929,-0.9956816968032348,-0.1222552834363317,0.009948882276646,0.0061667739920574,0.0185933444032788,-0.0120243607008689,0.0022570383782446,-0.0021665185491198,-0.547392409383128,0.0009092140484519662,-9.579824278838078e-05,0.0025930392274613606,0.0010224403963294548
1660869465957917,-0.9945830472266728,-0.1245746547646296,0.0100709544518196,0.0062622328590988,0.018710669873852,-0.0119300958862446,0.0022200120359095,-0.0021385301697803,-0.5474060475496553,0.0008949871375312904,0.0009025662003963042,0.0002463011092471018,0.0010300613143527492
1660869465973905,-0.997634851606012,-0.1248187991149767,0.0111696040283817,0.0062462112066879,0.0187014683956287,-0.0119253443591326,0.0021838549667522,-0.0021073275461177,-0.5474193423723265,0.0008622465874521689,-0.001934314361048517,1.94108301000695e-06,0.0019158398018233637
1660869465989776,-0.999343862058442,-0.1286030365453574,0.0100709544518196,0.006140903036411,0.0185918234361977,-0.0120170627285462,0.0021477555742094,-0.0020755741864837,-0.547433906079315,0.0008686895452936259,-0.0032789923321306924,-0.00340406671263363,0.0007354712027351374
1660869466005764,-0.9960479133287556,-0.1281147478446631,0.0081177996490424,0.00598049232403,0.0184310046042116,-0.0121954012586198,0.002111412756504,-0.0020453888369082,-0.5474508993050246,0.0009036085932658557,1.5260757800117375e-05,-0.0026242002107453866,-0.001095915240037857
1660869466021751,-0.9960479133287556,-0.1282368200198367,0.0084840161745631,0.0057992518800307,0.0182736472764825,-0.0124344018910131,0.0020751020228338,-0.0020186340863207,-0.5474709369455417,0.0009321543106881702,1.3734682020150046e-05,-0.0024716451473270895,-0.0006567288430654409
1660869466037738,-0.9958037689784084,-0.1264057373922332,0.0078736552986953,0.0056212695175203,0.0181588412156012,-0.0126970547315961,0.0020394963476684,-0.0019960960641216,-0.5474941665336571,0.0009527805159524265,0.00023209112913069596,-0.0005765062677512423,-0.0011403807470399176
1660869466053726,-0.9949492637521936,-0.1245746547646296,0.0072632944228274,0.0054546442474243,0.018094837551587,-0.0129453477989393,0.0020052966605161,-0.001977202550699,-0.5475204756451238,0.0009670996083271082,0.0009779367198109457,0.0011291187238671313,-0.0015756674606170352
1660869466069713,-0.9933623254749372,-0.1240863660639353,0.0075074387731746,0.005291484647108,0.0180522105398167,-0.0131483274691587,0.0019727814481315,-0.0019612562404925,-0.5475497513789862,0.0009772199228589816,0.00230838749736062,0.0014556666821052833,-0.0011983707992428523
1660869466085701,-0.9962920576791028,-0.1215228503852903,0.0103150988021667,0.0051132702280789,0.0179642430852149,-0.0132873566196377,0.001941364876244,-0.0019478580882291,-0.547582093531623,0.000930542777772852,-0.0005592102361244855,0.003617264124675265,0.0014483603067743222
1660869466101688,-0.99653620202945,-0.1238422217135882,0.0106813153276874,0.0048995332527583,0.0177390176506197,-0.0133627370356352,0.0019092887749682,-0.001936443645677,-0.5476179107278337,0.0008978946237599722,-0.0007230191278245757,0.0011681035167396409,0.0016331191490655192
1660869466117675,-0.9964141298542764,-0.1276264591439689,0.0131227588311588,0.004636794270676,0.0172855034343304,-0.0133961692210598,0.0018736153290195,-0.0019269606733632,-0.5476578810621822,0.0008607692051164647,-0.0005408522573857599,-0.0023545205222769428,0.003667106387283228
1660869466133663,-0.997634851606012,-0.1281147478446631,0.0137331197070267,0.0043247482490325,0.0165423630196876,-0.0134233341125971,0.001830580120363,-0.0019209063999836,-0.5477027955491088,0.0008256371545302644,-0.0015854166082092114,-0.002558528300674018,0.003849720536836016
1660869466149650,-0.9978789959563592,-0.131288624399176,0.0126344701304645,0.0039778004881143,0.0154977497923505,-0.0134830089555032,0.0017762086089526,-0.0019210923088023,-0.5477533354760243,0.0008394443317625245,-0.0016466048627007401,-0.005159164369668234,0.0024759638642464343
1660869466165638,-1.000686655985351,-0.133852140077821,0.0119020370794231,0.0036216120962872,0.0142009247123475,-0.013609342395174,0.0017070757985793,-0.0019308974159203,-0.5478098635286608,0.0008941578074753843,-0.004008838402523196,-0.006950412043481929,0.0015691777318845319
1660869466181625,-0.9988555733577478,-0.1409323262378881,0.010803387502861,0.0032860186033269,0.0127663082454954,-0.013825966020283,0.0016211200689139,-0.0019537397694824,-0.5478723011101684,0.0010441579429157596,-0.001959980197428046,-0.012627538383194109,0.0004234753397901886
1660869466197612,-0.995925841153582,-0.1401998931868467,0.0114137483787288,0.0029972417785103,0.0113605255310136,-0.0141404514803695,0.0015183497555757,-0.0019921344096343,-0.5479401223156731,0.0011774546806900185,0.0008727768060640129,-0.010705594798937429,0.0009304525940921887
1660869466213600,-0.9889677271686884,-0.1320210574502174,0.0100709544518196,0.0027727379326994,0.0101676119544633,-0.0145375770483636,0.001401170038026,-0.0020465416393003,-0.548012448957226,0.0012134573635163358,0.007047801711861812,-0.0022740831560773,-0.00037110719953530914
1660869466229587,-0.9895780880445564,-0.1282368200198367,0.0077515831235217,0.0026206903531082,0.0093476420887755,-0.0149695631127633,0.0012741164078662,-0.0021149302354567,-0.5480881936462787,0.0012244075056564178,0.005793696752394384,0.0013591388468730536,-0.002421430675049889
1660869466245575,-0.9927519645990692,-0.122743572137026,0.0093385214007781,0.0025439862275487,0.0090105851521854,-0.0153542036101928,0.0011430740766123,-0.0021930618254782,-0.5481661787094995,0.0011563559539982415,0.00235783817809343,0.006167148056715366,-0.0007510431580141398
1660869466261562,-0.9971465629053178,-0.1190814068818189,0.0120241092545967,0.0025464284797448,0.0092040487970463,-0.0155971555608842,0.0010143131711688,-0.0022752713724118,-0.5482451755450857,0.0010238960482349328,-0.001833084115339556,0.008846381980730234,0.0017410902262240124
1660869466277549,-0.9997100785839628,-0.1189593347066453,0.0175173571374074,0.0026371621468479,0.0099000463441982,-0.0156289432405923,0.0008935845578552,-0.0023556232285514,-0.5483238586093747,0.0008502323928315194,-0.003956939814586002,0.008071608740313457,0.0065109042981312416
1660869466293537,-1.000198367284657,-0.1181048294804303,0.018493934538796,0.0028296217750919,0.0109905898237053,-0.0154278361653328,0.0007853329262148,-0.0024286337780036,-0.5484007260990551,0.0006767277058129742,-0.004000705663752213,0.008033502569875617,0.0067387335295678585
1660869466309387,-0.9983672846570536,-0.116762035553521,0.0233768215457388,0.0031346639539294,0.012311259105875,-0.0150191756967041,0.000692131304758,-0.0024893859350341,-0.5484740782380049,0.00046714911931548906,-0.0019526607325338619,0.00843866684710641,0.010459458482859594
1660869466325374,-0.9912870984969864,-0.1170061799038682,0.0200808728160524,0.0035510267684433,0.0136800135712089,-0.0144617364030204,0.000614490308341,-0.0025341262677866,-0.5485421321254762,0.00032524147267821215,0.004614772884779961,0.007375070247083296,0.006447158777855873
1660869466341361,-0.9864042114900436,-0.1178606851300832,0.0199588006408788,0.0040576457580715,0.0149281871993005,-0.0138280979872891,0.0005510177244229,-0.0025613483047554,-0.5486032821179829,0.000295756361750301,0.008547893902550396,0.005868508518781471,0.005692577942414047
1660869466357348,-0.9906767376211184,-0.1190814068818189,0.0198367284657052,0.0046118522506576,0.0159234040914047,-0.0131857510091643,0.0004987972991118,-0.0025721728221707,-0.5486564351075669,0.00031034502131139515,0.003847830994328061,0.004183008090341195,0.005013455190516405
1660869466373335,-0.988845654993515,-0.1224994277866789,0.017639429312581,0.0051551688242916,0.0165867334463172,-0.0125873422906758,0.000453930372667,-0.0025698302734968,-0.5487013099191257,0.00038864372794354397,0.0051110222597383625,0.0006884884669330765,0.0025345404336529834
1660869466389321,-0.9923857480735484,-0.1249408712901503,0.0199588006408788,0.0056252870799477,0.016897320437856,-0.0120681980257318,0.0004121794158756,-0.0025585859926266,-0.5487385912831778,0.0004322549362468551,0.0014138362617345246,-0.0015776595328844956,0.004368520585755705
1660869466405308,-0.992507820248722,-0.1281147478446631,0.017639429312581,0.0059705000407097,0.0168863712000998,-0.0116464328297893,0.0003695924670932,-0.0025423684256668,-0.5487698697609767,0.0004815682807597998,0.0011625876779047806,-0.004276382478657567,0.0018442343317121163
1660869466421295,-0.99482719157702,-0.1301899748226139,0.0219119554436559,0.0061620401449429,0.0166261542694286,-0.0113229120520574,0.0003230100127721,-0.0025241582883429,-0.5487973730941104,0.0005453133957630023,-0.0010411052853539493,-0.005716448510947547,0.005505084416508314
1660869466437282,-0.99653620202945,-0.1298237582970931,0.0189822232394902,0.0062005506923438,0.0162145246987233,-0.0110754179742531,0.0002703650495512,-0.0025063977923795,-0.5488235557114731,0.0005803525200065597,-0.002475104164005537,-0.004815208786884073,0.0023178169911083554
1660869466453269,-0.9986114290074006,-0.1308003356984817,0.0175173571374074,0.0061149875600867,0.0157603968566115,-0.0108549563322283,0.0002107372910766,-0.0024908860146623,-0.5488506409369642,0.0006071936058012953,-0.004095298027760541,-0.0052126075694454155,0.0007676558001229981
1660869466469256,-0.9962920576791028,-0.1288471808957046,0.0182497901884488,0.0059547382329081,0.0153739215971284,-0.0105996762106749,0.000144279709147,-0.0024778512048429,-0.5488802261944241,0.0006415350651437959,-0.0015983340295164794,-0.0029335074900014857,0.001350079966047961
1660869466485243,-0.9960479133287556,-0.1268940260929274,0.0205691615167467,0.0057776129886094,0.0151534326335458,-0.0102558603074963,7.212634758967888e-05,-0.0024655913164219,-0.5489130489589936,0.0006721608475393858,-0.001218770711252315,-0.0008823174185018656,0.003302506164911276
1660869466501230,-0.9953154802777142,-0.1239642938887617,0.0226443884946974,0.0056371795231918,0.0151666239971234,-0.0097888267437425,-3.793028418942745e-06,-0.0024509037448241,-0.5489489538915509,0.0006946049530588178,-0.00043770389418973377,0.0018426733070974477,0.004839959828575779
1660869466517217,-0.9947051194018464,-0.1205462729839017,0.0249637598229952,0.0055727319936901,0.0154370394530993,-0.0091889067649596,-8.109468728368383e-05,-0.0024297873313427,-0.548987041765023,0.0007209452007801864,0.00015539128351027554,0.004734624790761713,0.006443398041186221
1660869466533204,-0.9909208819714656,-0.1215228503852903,0.0206912336919202,0.005604061071453,0.0159449623798736,-0.0084724809953678,-0.0001573420178606,-0.0023984382576117,-0.5490259423350086,0.0007383912102465418,0.0035456658425019327,0.00338224265043581,0.0019537847191001025
1660869466549191,-0.9951934081025406,-0.1216449225604639,0.0236209658960859,0.0057315895577784,0.0166400177863335,-0.0076709713577623,-0.000230393021539,-0.0023540299969175,-0.5490641271812965,0.0007715499294342103,-0.0006541742597158118,0.0029341534277359943,0.004395165230939222
1660869466565178,-0.9936064698252842,-0.1246967269398032,0.0254520485236895,0.0059408716129708,0.0174531510235529,-0.0068219462832435,-0.0002986571474518,-0.0022949314303436,-0.5491001823632748,0.0008537349532532483,0.0008394876157865605,-0.0001058858564429721,0.005603623072688541
1660869466581164,-0.9912870984969864,-0.1224994277866789,0.0263065537499045,0.0062093298843625,0.0183011856444809,-0.005971607054967,-0.0003612632545798,-0.0022209603423133,-0.5491329925291493,0.0009419991795440779,0.0028429730496759564,0.0018822719670131965,0.005812315469013184
1660869466597151,-0.9956816968032348,-0.1183489738307775,0.0234988937209124,0.0065129288251269,0.019095462540268,-0.0051720997482748,-0.0004181370304973,-0.0021333670105299,-0.5491618156160168,0.0009522527709624717,-0.0013964627309152045,0.005429453330623141,0.0027041898960189735
1660869466613138,-0.9951934081025406,-0.1168841077286946,0.0213015945677881,0.0068310712355793,0.0197615735700423,-0.0044678129951559,-0.0004699474879934,-0.0020339441105612,-0.5491862585102913,0.000940537220956544,-0.0008173566271989507,0.006204887489435429,0.0004562016686052092
1660869466628967,-0.9950713359273672,-0.1232318608377203,0.0205691615167467,0.0071488729414556,0.0202545747966766,-0.0038838800179868,-0.0005179122258198,-0.0019243809996285,-0.5492062007172626,0.0009337141661218773,-0.0006257560068230195,-0.00012857905763123678,-0.00024860824419257327
1660869466644953,-0.9912870984969864,-0.1276264591439689,0.0209353780422674,0.0074569876727058,0.0205609675696592,-0.0034208521995273,-0.0005635509233394,-0.0018065867813687,-0.5492217128510306,0.0009590763195717071,0.002842633281201934,-0.00407085962749186,0.0001058474531953138
1660869466660940,-0.9920195315480278,-0.1311665522240024,0.0175173571374074,0.0077499508623745,0.0206987042510572,-0.0030536090161606,-0.000608450771191,-0.0016828225683967,-0.5492329886682911,0.0009515098042237101,0.001899180207144413,-0.006849857436772827,-0.00298095610649822
1660869466676926,-0.9923857480735484,-0.127870603494316,0.0199588006408788,0.0080242468988191,0.0207166130970548,-0.0027393434833032,-0.0006540082719183,-0.0015552756565824,-0.5492402998243531,0.0009690256580143486,0.0013796673134615078,-0.0031985178363777983,-0.0004855613427241362
1660869466692913,-0.9927519645990692,-0.1265278095674067,0.0220340276188295,0.008277016602072,0.0206827954303753,-0.0024344787207004,-0.0007011557805326,-0.0014258432663632,-0.5492439762869796,0.00100331200044059,0.0009121057091465712,-0.0016701515185216509,0.0014306990717039073
1660869466708899,-0.994216830701152,-0.1272602426184481,0.0198367284657052,0.0085056934288821,0.0206647202755924,-0.0021102396527718,-0.0007501763348984,-0.0012957333459207,-0.5492443945697902,0.0010030918054094878,-0.0004974843536426077,-0.0021623261126067495,-0.0006899400732783521
1660869466724886,-0.9932402532997636,-0.1265278095674067,0.0211795223926145,0.0087083468622571,0.0207123630404067,-0.0017575858212305,-0.0008006911236534,-0.0011645380948712,-0.5492419578023521,0.0010215226984968233,0.0004311837429711307,-0.0012869037554088247,0.0005875684682678517
1660869466740872,-0.9945830472266728,-0.122743572137026,0.0216678110933088,0.0088844078796812,0.0208486882560144,-0.0013804866432562,-0.0008518368056455,-0.0010302196891419,-0.5492370755073712,0.00101598999711057,-0.0008204491655442459,0.002247600307474687,0.0009682714520659365
1660869466756858,-0.9938506141756314,-0.1243305104142824,0.0199588006408788,0.0090355466496951,0.0210683122610917,-0.0009862820373185,-0.0009025834356772,-0.0008905986047784,-0.5492301465160421,0.0010030958403322195,-7.92145030525937e-05,0.0005945958271964535,-0.0006666651003276562
1660869466772845,-0.9944609750514992,-0.124452582589456,0.0172732127870602,0.00916651087846,0.0213437560688532,-0.000584637652929,-0.0009520610516117,-0.0007445938233203,-0.5492215265879685,0.000955914408252706,-0.0006206178410284036,0.00042527128682057214,-0.0030170276587316303
1660869466788831,-0.9933623254749372,-0.1246967269398032,0.016784924086366,0.0092856237528904,0.0216336783169242,-0.0001938061784758,-0.0009997650499917,-0.0005922597574446,-0.5492114733598528,0.0009158638415518893,0.0004302285619802726,0.00016301424282604005,-0.0031547847234832498
1660869466804818,-0.9921416037232014,-0.1245746547646296,0.0234988937209124,0.009404503424467,0.0218904542949609,0.0001585716861963,-0.0010456238029235,-0.0004345398782197,-0.5492000868177946,0.000967061754358612,0.0014858552823444615,0.00025657777619966793,0.003203266419956833
1660869466820804,-0.9956816968032348,-0.1279926756694896,0.0177615014877545,0.0095366060666673,0.0220713535194657,0.0004428957821716,-0.001089962883611,-0.0002730780451168,-0.5491872654632101,0.0009415806794913969,-0.0018488140179201418,-0.0028452988157942893,-0.0022807132318809625
1660869466836791,-0.9960479133287556,-0.1275043869687953,0.0156862745098038,0.0096944406479209,0.0221503530229812,0.0006333680034312,-0.0011333628102922,-0.0001098441937954,-0.5491726964135485,0.0008929708097445342,-0.001993527489096869,-0.0021213091035899856,-0.0039203461888484975
1660869466852777,-0.9932402532997636,-0.1284809643701839,0.0182497901884488,0.0098857340668351,0.0221192695908048,0.0007097366801181,-0.0011764571526474,5.309524124959188e-05,-0.5491559009767093,0.000904310914767038,0.0007327192859055698,-0.0027880978544807256,-0.0012211474591831487
1660869466868764,-0.9933623254749372,-0.1306782635233081,0.0161745632104981,0.0101093911267993,0.0219795045208026,0.0006613029266698,-0.0012198029989963,0.0002136377631745,-0.5491363450203358,0.0009125184734227594,0.0005495823996587434,-0.0044868573068444495,-0.0029667369934204615
1660869466884750,-0.9921416037232014,-0.1297016861219196,0.0134889753566795,0.010352553627727,0.021738326009497,0.0004909988564694,-0.0012638667064507,0.00036951505496,-0.5491136070925653,0.0009009170082237958,0.001593273736255063,-0.0031592519149103437,-0.0050870923625151564
1660869466900736,-0.9912870984969864,-0.129579613946746,0.009948882276646,0.0105900636544373,0.0214127755734129,0.0002126878527446,-0.001309013846444,0.0005177776468202,-0.549087578081417,0.0008782191425411777,0.0022030010662229538,-0.0027334617657630844,-0.007764466898293791
1660869466916723,-0.9932402532997636,-0.1273823147936217,0.0140993362325474,0.0107870076753899,0.0210314976734886,-0.0001547560706242,-0.0013554249144552,0.0006552090927809,-0.5490586352211726,0.000861308563475491,0.00022486163710111473,-0.00048254635137490176,-0.00325261164815315
1660869466932709,-0.9950713359273672,-0.1282368200198367,0.0134889753566795,0.0109040921713659,0.0206297197651107,-0.0005899234582738,-0.0014029995377734,0.0007801171605945,-0.5490277390227312,0.0008411092166224198,-0.0014455988914522377,-0.001203346419830914,-0.0034766752716189463
1660869466948578,-0.9967803463797972,-0.1286030365453574,0.011657892729076,0.0109048801715493,0.0202420014773206,-0.0010700800570531,-0.0014513309235632,0.0008927762050985,-0.5489964422299054,0.0008109614779073074,-0.0028391484094939523,-0.001412606650816467,-0.004776982109300203
1660869466964563,-0.9954375524528878,-0.1325093461509117,0.0120241092545967,0.0107635456536275,0.0198980950067693,-0.0015740136929939,-0.001499742957993,0.0009939066383891,-0.5489667968817955,0.0008507873218403092,-0.0013467190343260382,-0.004787024630733688,-0.003969689025401554
1660869466980549,-0.9937285420004578,-0.1316548409246967,0.0120241092545967,0.0104717310400434,0.0196211725979369,-0.0020834639516705,-0.0015473511286292,0.001084044247137,-0.548941135018095,0.0008933389466204779,0.00032606227629350393,-0.0035392674640668254,-0.0035727201228613996
1660869466996535,-0.99482719157702,-0.1323872739757381,0.0097047379262988,0.0100431582436888,0.0194242566721394,-0.0025814258859118,-0.0015931615029882,0.0011639089543579,-0.5489217480040898,0.0009375635230838913,-0.0006953285702417933,-0.0038445304635973954,-0.0053028823060433695
1660869467012521,-0.9956816968032348,-0.1300679026474403,0.0103150988021667,0.0095146278011666,0.0193064742140812,-0.0030498088315636,-0.0016362365290376,0.0012342037889541,-0.5489105263440414,0.0009494972163907197,-0.0013948504168109777,-0.0013726432217696372,-0.004223269287157924
1660869467028507,-1.003860532539864,-0.1279926756694896,0.0106813153276874,0.0089421840710236,0.0192543188162008,-0.0034683953751485,-0.0016758915784336,0.0012958241990669,-0.5489086185275043,0.000905050774054173,-0.008616317538096108,0.0006323253805629592,-0.0034713474854735013
1660869467044493,-1.004592965590906,-0.1271381704432746,0.0137331197070267,0.0083920834791735,0.01924473117237,-0.0038139377602073,-0.0017118692109613,0.0013505628519644,-0.5489161888732004,0.0008665107455818216,-0.008413875530224435,0.001338147546100149,-0.0003775887955207811
1660869467060479,-1.000808728160525,-0.124452582589456,0.0131227588311588,0.0079279392440954,0.0192450909092518,-0.0040586649590944,-0.0017445017888599,0.0014006700917767,-0.5489323610500358,0.0008091383263156425,-0.0041666742898589515,0.003621361859926883,-0.0008891547042498126
1660869467076465,-0.9956816968032348,-0.1249408712901503,0.0119020370794231,0.0075974194903543,0.0192177665990293,-0.0041736400048092,-0.00177483523464,0.0014479564748067,-0.548955374361965,0.0007688343979431529,0.0008643213606880362,0.002819765843309341,-0.0018988888103869603
1660869467092451,-0.9898222323949036,-0.127016098268101,0.0114137483787288,0.0074228167499144,0.0191359691087789,-0.0041403098702548,-0.0018045518793402,0.0014937710373751,-0.5489829136073119,0.0007708796550499628,0.006051407192117275,0.0006700849788227881,-0.002148459759973135
1660869467108437,-0.9893339436942092,-0.129579613946746,0.0127565423056381,0.0073987393586524,0.0190009036094348,-0.0039590772152412,-0.0018355842223327,0.0015392138143166,-0.5490125308010463,0.0008164153934887081,0.00588572630353057,-0.0017040876298399787,-0.0007250992497574507
1660869467124423,-0.9916533150225072,-0.1353170061799038,0.011657892729076,0.0074975969139567,0.0188461466488345,-0.0036452325192781,-0.0018695615424993,0.0015853141948937,-0.5490420423797999,0.0009359581395682418,0.0032097194777093163,-0.006697331876697993,-0.0016413739436875966
1660869467140409,-0.9916533150225072,-0.1340962844281681,0.0177615014877545,0.0076806596329304,0.018723413641973,-0.0032222764781138,-0.001907367739643,0.0016337251360954,-0.5490697904286561,0.0010117706652655006,0.002888747529938396,-0.004928949112466052,0.004016011333491812
1660869467156395,-0.9944609750514992,-0.1297016861219196,0.0169069962615395,0.0079103616986962,0.0186764326846713,-0.0027220339696014,-0.0019490049653486,0.0016872125096299,-0.5490947183668736,0.0010142080750344096,7.297875085165995e-05,-0.0004809157255958041,0.0028453554965491307
1660869467172381,-0.9973907072556648,-0.1232318608377203,0.0147096971084153,0.0081592770748283,0.0187241190940222,-0.0021841827811911,-0.0019937561663333,0.0017488237917381,-0.5491162857431618,0.0009194737508717254,-0.0025710781079826273,0.0053900186027431435,0.0005832507090824373
1660869467188367,-0.9977569237811856,-0.1190814068818189,0.0155642023346302,0.0084131135775477,0.0188631063259884,-0.0016507922993734,-0.0020404703132344,0.0018203013855126,-0.549134292241196,0.0007745276075139808,-0.0026435651701530727,0.008586425302780087,0.001293980341767604
1660869467204353,-0.99482719157702,-0.1200579842832075,0.012512397955291,0.0086678665744881,0.0190728510671473,-0.0011616428192211,-0.0020878352428476,0.0019013852545746,-0.549148693544207,0.0006740465404175112,0.0002575503306112559,0.006848863111252337,-0.001582041633814436
1660869467220339,-0.9927519645990692,-0.1245746547646296,0.0138551918822003,0.0089234392861414,0.0193145535560939,-0.0007509670966874,-0.0021346543498429,0.0019905928780697,-0.5491594805614276,0.0006546988806364923,0.0020994995777058323,0.0020989733668472094,-0.00021532293621462362
1660869467236325,-0.9910429541466392,-0.1279926756694896,0.013366903181506,0.009177039226844,0.0195373859437046,-0.0004435611419158,-0.0021801162119322,0.0020864374727303,-0.5491666608107001,0.0006952777270502662,0.003427659027122276,-0.0011871427842115034,-0.0006332504732180309
1660869467252311,-0.9901884489204242,-0.1297016861219196,0.0153200579842831,0.0094193078821359,0.0196958349689338,-0.0002537297884364,-0.002223920726216,0.002187832134993,-0.5491703311610994,0.0007575177241325748,0.0038539478280035233,-0.0026065379129773525,0.001187913896603162
1660869467268158,-0.9922636758983748,-0.1292133974212253,0.0110475318532081,0.0096345507879471,0.019765155794025,-0.0001874368539828,-0.0022661736953978,0.0022935266409884,-0.5491707871873343,0.0008022153720861917,0.0016008487650476244,-0.0019064242910547535,-0.0027761510110246544
1660869467284143,-0.9945830472266728,-0.1277485313191424,0.0123903257801174,0.0098045134338503,0.0197445344464759,-0.0002432163863862,-0.0023071402347759,0.002401578502688,-0.5491685998201631,0.0008063698635162561,-0.0006466703069253343,-0.0003974023700746565,-0.0012900213757038193
1660869467300129,-0.9945830472266728,-0.1294575417715724,0.0070191500724803,0.009913863041565,0.0196490565185396,-0.0004114460661116,-0.0023470311927572,0.0025097672702693,-0.5491646111334967,0.0008510504147604794,-0.000582003276232812,-0.001895771540254193,-0.005995077375006827
1660869467316114,-0.9953154802777142,-0.1284809643701839,0.0092164492256046,0.009955192475883,0.0195017077994395,-0.0006742004154873,-0.0023859041254657,0.0026163124347361,-0.5491598442307376,0.0008717759353224499,-0.0011829926945468028,-0.0008272747249791212,-0.0034180003996942734
1660869467332100,-0.9953154802777142,-0.1284809643701839,0.0087281605249103,0.0099319116200322,0.0193306375999417,-0.0010080071926875,-0.0024236281980531,0.0027198229710047,-0.5491553546680915,0.0008961582459934603,-0.001064693425092078,-0.0007445472524812147,-0.003515660190349717
1660869467348085,-0.9966582742046236,-0.1289692530708781,0.0067750057221331,0.0098584203684909,0.019163041951615,-0.0013919916954711,-0.0024598668000073,0.002819076247943,-0.5491520575160272,0.0009331144091055675,-0.002166738616801278,-0.001109552357857868,-0.004921933493814225
1660869467364071,-0.9937285420004578,-0.1266498817425803,0.010803387502861,0.0097577277534234,0.0190155006177203,-0.0018152771774625,-0.0024941072840561,0.0029133318007683,-0.5491505678815132,0.0009284569250265753,0.0006866942286279931,0.0010888370733959374,-0.0008041965417776922
1660869467380056,-0.9977569237811856,-0.1272602426184481,0.0079957274738688,0.0096571866127761,0.0188921870155319,-0.0022739657003313,-0.0025257525099227,0.0030022599434789,-0.5491510966743677,0.0009347604068198597,-0.0030075187968898742,0.00043062857777531605,-0.003250670913692905
1660869467396041,-0.9960479133287556,-0.1281147478446631,0.0064087891966124,0.0095835792567866,0.0187899270676177,-0.002764851892794,-0.0025542269529804,0.0030853902107066,-0.5491534228341637,0.0009736544667360367,-0.0011686575100138263,-0.00038148898359571803,-0.0043538482718543745
1660869467412027,-0.9917753871976808,-0.1323872739757381,0.0066529335469596,0.0095588798639214,0.018702376691096,-0.0032878921961362,-0.0025790340902596,0.0031623348005986,-0.5491569346881339,0.001071267840369129,0.0027934817589549965,-0.004188613603203661,-0.0036987335293564563
1660869467428012,-0.99140917067216,-0.131288624399176,0.0084840161745631,0.0095973936400919,0.0186258644546007,-0.0038483689295635,-0.0025997258376966,0.0032332407767415,-0.549160727236477,0.0011335594611340907,0.002843728456028205,-0.002780967623977393,-0.001680885811577661
1660869467443998,-0.9962920576791028,-0.1283588921950103,0.0025024795910582,0.0097044356947589,0.0185667112144359,-0.0044479146015856,-0.0026158080458585,0.0032981493729075,-0.549163739061248,0.00119138783475107,-0.001835242695823247,0.00013388812216946766,-0.006896180155574304
1660869467459983,-0.9940947585259784,-0.1281147478446631,0.0062867170214389,0.009876522427008,0.0185400906747019,-0.0050755987086966,-0.0026266747279854,0.0033563694083913,-0.5491648982388542,0.001218088401231081,0.0003258508115711045,0.00034022922526499855,-0.002800748452674244
1660869467475969,-0.9939726863508048,-0.129579613946746,0.0051880674448767,0.0101027450663697,0.0185583109842299,-0.0057094714320089,-0.002631660836916,0.0034071578237309,-0.5491632491149999,0.0012687883236982614,0.0004031306880701857,-0.0010121731891361285,-0.0035094582263127993
1660869467491954,-0.9920195315480278,-0.1289692530708781,0.0025024795910582,0.0103667996216271,0.0186196647605757,-0.0063223818140088,-0.0026302240268021,0.0034506088991804,-0.5491580507995435,0.0013433744831578632,0.0021206569417624443,-0.00036163108194139926,-0.005575541472118168
1660869467507940,-0.9917753871976808,-0.1271381704432746,0.0046997787441824,0.0106494043255319,0.0187082199892333,-0.0068872533588333,-0.00262216075179,0.003487719943051,-0.5491488438145931,0.001373977697756705,0.0021283211628985166,0.001322506391095879,-0.0030404180870945716
1660869467523925,-0.99311818112459,-0.1273823147936217,0.0072632944228274,0.0109310179748378,0.0188036869505817,-0.0073827939843806,-0.0026077115463812,0.0035201083453335,-0.5491354770756008,0.001372563835655808,0.0007069745123903237,0.0009705258366739244,-0.0004292121676046142
1660869467539911,-0.9939726863508048,-0.1254291599908446,0.0062867170214389,0.0111945593834664,0.0188910409913597,-0.0077980640076143,-0.0025874902112297,0.0035497161654125,-0.5491180913198772,0.001361762559151903,-0.00013277764244201684,0.0026313125755059175,-0.0012652106120938028
1660869467555896,-0.9939726863508048,-0.1275043869687953,0.004821850919356,0.0114276040183118,0.0189610778637881,-0.0081347370375118,-0.0025623152071679,0.0035784196369642,-0.5490970633823747,0.0013866298994863442,-0.00011949987819781516,0.000500477037799707,-0.0024570690427590325
1660869467571882,-0.9917753871976808,-0.1297016861219196,0.0078736552986953,0.0116235035674427,0.019004881651538,-0.0084065166641818,-0.0025330688423852,0.0036075768818947,-0.5490729238149945,0.0014027978954194947,0.0018700193474336935,-0.0015271399037921352,0.0005352618029222404
1660869467587768,-0.9936064698252842,-0.1316548409246967,0.0067750057221331,0.0117810539956982,0.0190126917793278,-0.0086341626572269,-0.0025006248733575,0.0036375861331729,-0.5490462679675059,0.0014387567968896383,3.504304784729406e-05,-0.0031322652359123127,-0.000507048996275964
1660869467603753,-0.9956816968032348,-0.1310444800488288,0.0046997787441824,0.0119027528891783,0.0189794457701499,-0.0088390792539935,-0.0024657910945355,0.0036678368264649,-0.5490176824674105,0.0014804164956108467,-0.001836165537092982,-0.002269713924039962,-0.0023240483768039973
1660869467619738,-0.9960479133287556,-0.1305561913481346,0.0062867170214389,0.0119921678997046,0.0189070111265699,-0.0090410994796921,-0.002429232564217,0.0036971699826774,-0.5489877053877481,0.0014962254810771216,-0.001982143856352425,-0.001603282701011205,-0.0006633990895927476
1660869467635723,-0.9949492637521936,-0.1284809643701839,0.004821850919356,0.012051289343592,0.0187971277963711,-0.0092598774017671,-0.002391431540912,0.0037241201840818,-0.5489568296007582,0.0015121652995507457,-0.0007951448518114246,0.0004247498492455648,-0.0019154386725080833
1660869467651708,-0.9916533150225072,-0.1286030365453574,0.003112840466926,0.0120788541894838,0.0186445286251568,-0.0095125383998605,-0.0023527477895595,0.0037468081653823,-0.5489255417394373,0.001557942008179926,0.0022507234900874806,0.00027240990666485554,-0.0032620042124442746
1660869467667693,-0.9929961089494164,-0.1282368200198367,0.0050659952697031,0.0120704345356555,0.0184405594742182,-0.0098038884590532,-0.0023135500189369,0.0037632743595104,-0.5488943727235328,0.001570369450580598,0.0008171366068605579,0.0005747637889670087,-0.001177964468700457
1660869467683678,-0.9949492637521936,-0.1293354695963989,0.0023804074158846,0.0120205365484417,0.0181815392648205,-0.0101181417291682,-0.0022743365714023,0.0037721873718292,-0.5488639304541552,0.0016143145232501298,-0.0010224163763249416,-0.00047149720883568613,-0.003477197090267062
1660869467699663,-0.994216830701152,-0.1316548409246967,0.0050659952697031,0.011926043087306,0.017871789225058,-0.0104233174968699,-0.0022357927208107,0.0037731911861543,-0.5488348896805794,0.0016454063273540435,-0.00026098499275495346,-0.0025117816834201168,-0.0007124483128037058
1660869467715648,-0.9978789959563592,-0.1323872739757381,0.0044556343938353,0.0117894447308064,0.0175239183473858,-0.0106839953336725,-0.0021987564167452,0.0037669260189781,-0.5488079290810296,0.0016761559357916147,-0.0035308352231658846,-0.002919793261015352,-0.0011905282698043557
1660869467731633,-0.9967803463797972,-0.1316548409246967,0.0034790569924467,0.0116202759725987,0.0171605161069828,-0.0108700563495887,-0.0021640843535747,0.0037549318291167,-0.5487836308249833,0.001713268515854785,-0.0021889670819433826,-0.0019686241889765588,-0.0019503951040736609
1660869467747618,-0.9949492637521936,-0.1309224078736553,0.0036011291676203,0.0114341330189183,0.0168122984546018,-0.0109588948899054,-0.0021324753468262,0.0037391663589602,-0.5487623769948902,0.001743746118196316,-0.00032209600890575896,-0.0011125720241416392,-0.0016454906360100553
1660869467763603,-0.9960479133287556,-0.1317769130998703,0.0038452735179674,0.0112497109487685,0.0165121469433509,-0.0109360285915946,-0.0021043365491182,0.0037215133014327,-0.5487442770363855,0.0017736019629425279,-0.001278671026920919,-0.001770369525320975,-0.0012612116570966596
1660869467779588,-0.9951934081025406,-0.1310444800488288,0.0057984283207446,0.0110849097905978,0.0162913895600816,-0.0107976491784236,-0.002079704056142,0.0037041921197994,-0.5487291479491575,0.0017741681478736868,-0.00038174922063538563,-0.0009341428268515028,0.0006227488311124863
1660869467795573,-0.99482719157702,-0.1293354695963989,0.0079957274738688,0.010953206021566,0.0161773060422365,-0.0105547363007536,-0.0020581798626513,0.0036905543597381,-0.5487165543738864,0.0017359072634134376,-1.3979425603327655e-05,0.0006973808630205414,0.002538043185813017
1660869467811558,-0.9938506141756314,-0.1281147478446631,0.0076295109483481,0.0108611624447325,0.0161865320713864,-0.0102333097344763,-0.0020389142861574,0.0036846746885378,-0.5487059001361589,0.0016967398345475093,0.0008663381782068047,0.0017262923532807284,0.0019546439942630858
1660869467827543,-0.9954375524528878,-0.1276264591439689,0.0081177996490424,0.0108074313928222,0.016316348164064,-0.0098688604978435,-0.0020207156580951,0.0036897574722638,-0.548696549010833,0.0016482988025091484,-0.0006485400891446114,0.001993122948577425,0.0021986394254616473
1660869467843528,-0.9956816968032348,-0.1243305104142824,0.0037232013427939,0.0107831846572306,0.0165410418495468,-0.0095011438383528,-0.0020022886385915,0.0037071588954407,-0.5486879481869983,0.001625196364851271,-0.0008034159955424558,0.004760164510437523,-0.001976362992708168
1660869467859513,-0.9951934081025406,-0.1251850156404974,0.0044556343938353,0.0107736088110936,0.0168182784816768,-0.0091703086508418,-0.0019824898956486,0.0037369035413931,-0.5486797343304276,0.001606960082119298,-0.00028361456536341034,0.003515093355800275,-0.0011195369475000905
1660869467875498,-0.9949492637521936,-0.1272602426184481,0.0059205004959181,0.0107600706264508,0.0171015990277971,-0.0089111629274422,-0.0019604914948014,0.0037783708357843,-0.5486718109668666,0.001591351813457692,-3.552319351485256e-05,0.0012958797400646205,0.00031079623912443847
1660869467891483,-0.9954375524528878,-0.1344625009536888,0.0028686961165789,0.0107227806408928,0.0173473079120854,-0.0087514549312946,-0.0019358398288165,0.0038297573951967,-0.548664388961839,0.00167018778883409,-0.00047143070478805615,-0.005315740735658492,-0.0024669073261932854
1660869467907348,-0.9954375524528878,-0.1339742122529946,0.006530861371786,0.010643882297597,0.0175124388115966,-0.008714909996592,-0.0019084756913143,0.0038873811778209,-0.5486579807667492,0.0016965398445285473,-0.00042428763430923944,-0.0043447068314678705,0.0010757321361124332
1660869467923333,-0.9947051194018464,-0.1266498817425803,0.0036011291676203,0.010510749401986,0.0175557193828963,-0.0088158063762651,-0.0018787713560735,0.0039465800486246,-0.5486533421013999,0.0016928725810378825,0.0002773308750589898,0.0026816613110517973,-0.0016686000612479404
1660869467939317,-0.9947051194018464,-0.1246967269398032,-0.0012817578393224,0.0103192059966036,0.0174480710209166,-0.0090462531512908,-0.0018475608634139,0.0040033467698195,-0.5486513616509273,0.0017338219992067009,0.0002495977875530686,0.004171334502445986,-0.005896338361371576
1660869467955302,-0.9938506141756314,-0.1272602426184481,-0.0034790569924467,0.010076277306661,0.0171828850621834,-0.0093755191350303,-0.0018160799908633,0.0040549997709486,-0.5486529043261804,0.0018232221193125056,0.0009936927123912476,0.0014470369414209816,-0.007284273763046289
1660869467971286,-0.9966582742046236,-0.1349507896543831,-0.0011596856641489,0.0098015142847247,0.0167791609844639,-0.0097635964538778,-0.0017857617593195,0.0041000849209341,-0.5486586223351478,0.0019262804727612239,-0.0016325705849408179,-0.005619159085062608,-0.004468412191273641
1660869467987271,-0.9983672846570536,-0.1354390783550774,0.0010376134889753,0.0095255134429973,0.016280133611529,-0.0101730177438987,-0.0017579182051734,0.0041380506007035,-0.5486687671911127,0.0019952889277727115,-0.0030074229336337632,-0.0054967030071812195,-0.0020440017343344966
1660869468003255,-0.9989776455329212,-0.1344625009536888,0.003112840466926,0.0092849286020543,0.0157459707815737,-0.0105734775523925,-0.0017334164870832,0.0041688150099433,-0.5486830530654179,0.002026943031168527,-0.003256005428551201,-0.004068113045213373,2.8102719254582877e-05
1660869468019240,-0.9951934081025406,-0.1358052948805981,0.0007934691386282,0.0091146239380392,0.015241350474301,-0.0109421448218012,-0.0017124718690058,0.004192741913778,-0.548700622400739,0.002098839744249553,0.0004754088016464264,-0.004869816274910399,-0.0020621417481388954
1660869468035225,-0.9947051194018464,-0.1332417792019531,-0.0004272526131074,0.0090389161186674,0.0148276904362139,-0.0112601588639943,-0.0016945933006307,0.0042108854669547,-0.5487201443048187,0.0021573602223926417,0.000867327752106628,-0.002075670536638874,-0.0029545771498870462
1660869468051209,-0.9911650263218128,-0.1293354695963989,-0.0029907682917524,0.0090647590587783,0.0145591099815545,-0.0115115682633706,-0.0016786289908548,0.0042249200163755,-0.5487400376387489,0.002212656206278737,0.0039666787489262,0.0016475751620237955,-0.0049662835456788425
1660869468067194,-0.9915312428473336,-0.1292133974212253,-0.0004272526131074,0.0091793112150939,0.01447150969659,-0.011689794935602,-0.0016628939299769,0.0042369975401239,-0.548758768079953,0.0022329319085040065,0.0032404160010648386,0.001592682603477641,-0.002162491080330458
1660869468083178,-0.99311818112459,-0.1277485313191424,0.000549324788281,0.0093525017787191,0.0145691022865509,-0.0118029241275659,-0.0016454193117597,0.0042496309153819,-0.5487751441942698,0.00222696265986572,0.0014881299514276636,0.0027517938350044846,-0.0010673223110478523
1660869468099163,-0.9915312428473336,-0.1281147478446631,0.0032349126420996,0.009543439559049,0.0148197706342759,-0.0118706440528943,-0.0016243184842786,0.0042651878219715,-0.548788541768102,0.0021955934833295656,0.0027675614058156883,0.002147019578535414,0.0014564389884936732
1660869468115147,-0.9949492637521936,-0.1240863660639353,0.0015259021896696,0.0097085259944687,0.0151590079242245,-0.011918090524978,-0.0015981946366453,0.0042850529524625,-0.5487990118478472,0.002153450848706427,-0.0005854135491397683,0.005557861223336874,-0.00022731431754269434
1660869468131132,-0.997634851606012,-0.124452582589456,0.0023804074158846,0.0098088578673838,0.0155003079014086,-0.0119708199426376,-0.0015664939870467,0.0043089615151653,-0.5488072645554701,0.002104337580084179,-0.0029439012626623073,0.004672480228034556,0.0005644718178050754
1660869468147116,-0.997634851606012,-0.1279926756694896,0.0003051804379339,0.0098151748298585,0.015752168471427,-0.0120504718050883,-0.0015297067327689,0.0043351176688468,-0.5488145543371246,0.0021113771373834685,-0.00264951113639611,0.0010191484332008616,-0.001359679644131062
1660869468163101,-0.9970244907301442,-0.1305561913481346,0.0004272526131074,0.0097100171197373,0.0158359001340071,-0.0121725231762756,-0.0014893532635084,0.0043611880313301,-0.5488225089188845,0.0021342767281100003,-0.0018352352344754852,-0.0013899305208997237,-0.0011138467220618057
1660869468179085,-0.9961699855039292,-0.1343404287785153,0.0012817578393224,0.0094880645992401,0.0156996436745919,-0.0123452911915348,-0.0014477629637167,0.0043852748572617,-0.5488329385785274,0.0021708629410120274,-0.0008826570074345064,-0.004656751156152383,-0.00023340734626212524
1660869468195070,-0.9937285420004578,-0.1354390783550774,-0.0037232013427939,0.0091562031102336,0.0153290170086653,-0.0125674758699297,-0.0014076960432249,0.0044061705666782,-0.5488476418949665,0.002278575592378484,0.0014029078464331546,-0.005179860659443036,-0.004714529875540583
1660869468211054,-0.9922636758983748,-0.1337300679026474,-0.0038452735179674,0.0087344746230488,0.0147512341781315,-0.0128267607633617,-0.0013718785416404,0.0044230224299321,-0.5488682027703777,0.0023673894082493923,0.002580996553664505,-0.0031237651863117444,-0.004352941845642675
1660869468226959,-0.9939726863508048,-0.1288471808957046,-0.0042114900434881,0.0082577088114668,0.014030264257818,-0.0131015238552534,-0.0013425410860644,0.0044348189765021,-0.5488957662672217,0.002415548793472562,0.0007847874911111052,0.0015832096385679506,-0.0042472425340470375
1660869468242943,-0.9977569237811856,-0.1334859235523003,-0.0020141908903639,0.0077760006039583,0.0132578764202895,-0.0133637988386868,-0.0013210344867021,0.0044405404515779,-0.5489307978422918,0.0024581851119340027,-0.0026995049453427677,-0.0027499797162249817,-0.0018449490428305536
1660869468258927,-1.001297016861219,-0.1395895323109788,0.002258335240711,0.0073515917700345,0.0125425767677171,-0.0135874240873411,-0.0013075394814226,0.0044401593270118,-0.5489728645752102,0.002486480679216479,-0.005615638222838504,-0.007968229627413115,0.002184819379419912
1660869468274911,-1.000930800335698,-0.1382467383840695,0.0054322117952239,0.0070506028413927,0.0119905541047012,-0.0137627299409494,-0.0013008936618141,0.0044349504584777,-0.5490205072600094,0.0024718658274102785,-0.004724479527585812,-0.005962892130453451,0.004822826340539531
1660869468290895,-0.9960479133287556,-0.1297016861219196,0.0018921187151903,0.0069300023079883,0.0116794681250949,-0.0139010403533504,-0.0012986551059639,0.0044267358715946,-0.5490712821001332,0.0024356267097332706,0.00014256673142098997,0.0023239441185268217,0.0011544599344553376
1660869468306879,-0.9927519645990692,-0.1255512321660182,-0.0040894178683146,0.0070227989403427,0.0116404251141632,-0.0140186971336569,-0.0012975182452032,0.0044177576375397,-0.549122025681785,0.0024448113705137172,0.003094663914996687,0.0058269582669853714,-0.004344368984144606
1660869468322863,-0.9910429541466392,-0.1256733043411917,-0.0050659952697031,0.0073265020067837,0.0118588380145968,-0.0141215078588315,-0.0012939746657299,0.0044109562326427,-0.549169331007631,0.0024732878087226425,0.004323306930684057,0.005134397482630698,-0.004788851746979796
1660869468338847,-0.988845654993515,-0.1243305104142824,-0.0003051804379339,0.0077994938528687,0.0122846266074568,-0.0142089748832495,-0.0012849425503721,0.0044091788139492,-0.5492101435901877,0.0024382105680661177,0.005868545475427478,0.005829472268586003,-2.5233223689536126e-05
1660869468354831,-0.9886015106431678,-0.125307087815671,0.002258335240711,0.0083670930663696,0.0128397966151078,-0.0142847947016952,-0.0012682140730362,0.0044142726291067,-0.5492423378649411,0.0023860131467905122,0.005501420843197158,0.004367605380477674,0.0022844542094598275
1660869468370815,-0.9895780880445564,-0.1239642938887617,0.0032349126420996,0.0089358906778189,0.0134274513970157,-0.0143555340011882,-0.0012427512448241,0.0044269958476954,-0.5492651313761249,0.00232006837654475,0.004072359097627709,0.00513935937664825,0.0029349284497635847
1660869468386799,-0.9922636758983748,-0.1249408712901503,0.0015259021896696,0.0094127812182592,0.0139484259111586,-0.0144252334716952,-0.0012088310946068,0.004446908131748,-0.5492792320254255,0.0022839312935451395,0.001248094119428389,0.003746503777733695,0.0011033261976002263
1660869468402783,-0.9954375524528878,-0.1256733043411917,0.0025024795910582,0.0097239332624324,0.0143188313553288,-0.0145000488158645,-0.0011679572207015,0.0044726174503836,-0.5492866817523412,0.0022349833317512014,-0.0017332041915760765,0.002712663654023062,0.0018719132390899438
1660869468418768,-0.9955596246280614,-0.129579613946746,-0.0029907682917524,0.0098289259043146,0.0144803644881224,-0.0145973489330554,-0.0011225235437126,0.0045027557095615,-0.5492904363570958,0.0022842233328762276,-0.0016697487300747493,-0.001074281356378104,-0.0032592011793485904
1660869468434752,-0.9964141298542764,-0.1311665522240024,0.0012817578393224,0.009726741849887,0.0144049727385414,-0.0147465855473866,-0.0010753345416998,0.004536102119551,-0.5492937833761792,0.002280037642584083,-0.0022718285606607713,-0.002395097670271046,0.0009119924565535884
1660869468450736,-0.9990997177080948,-0.1342183566033417,-6.103608758678547e-05,0.0094526938275319,0.0140971197429944,-0.0149814869691919,-0.0010291052617535,0.0045707404164586,-0.5492997353755797,0.0023082336197360605,-0.004461674773031388,-0.004902211844649312,-0.0003877213233200373
1660869468466720,-0.9977569237811856,-0.131288624399176,-0.0007934691386282,0.0090676385550115,0.0135927980083376,-0.0153281506571683,-0.000986031321698,0.0046037371138675,-0.5493105345664051,0.0023300329213953243,-0.0028069927615099743,-0.0017752316764352571,-0.0010081389369253067
1660869468482704,-0.9988555733577478,-0.1290913252460517,-0.0044556343938353,0.0086425096301876,0.0129555762603843,-0.015792878633897,-0.0009474893677485,0.0046313997035456,-0.5493273679766555,0.002383181721184896,-0.0035150781042648793,0.0003798607290201317,-0.004203273772919167
1660869468498688,-0.9966582742046236,-0.129579613946746,-0.0023804074158846,0.0082421531511188,0.0122709203898841,-0.0163576906366628,-0.0009138707761197,0.0046501699134204,-0.5493503362719862,0.0024102912121711888,-0.0011860010560266199,-9.758517450672577e-05,-0.0019152421154716194
1660869468514672,-0.9951934081025406,-0.133852140077821,-0.004821850919356,0.0079123381736291,0.0116370616724189,-0.0169861070793124,-0.0008845126700658,0.0046582849062465,-0.549378656462764,0.0024938679068235987,0.0002509785414507304,-0.003933100175023574,-0.003921017057048718
1660869468530656,-0.9929961089494164,-0.1334859235523003,-0.0037232013427939,0.0076726268014803,0.0111504421072332,-0.0176317667966177,-0.0008577353181825,0.0046563811706315,-0.549411024306091,0.002555087282098425,0.002203449925117562,-0.003210195284552575,-0.0025401307324379556
1660869468546539,-0.9937285420004578,-0.130434119172961,-0.0045777065690089,0.0075160941483555,0.0108871626840514,-0.0182461634635769,-0.0008310433694278,0.0046463187016057,-0.5494460344359325,0.002601599310026106,0.0013239151866685228,-0.00014255181469194356,-0.0030551723627876603
1660869468562523,-0.9938506141756314,-0.1283588921950103,-0.0034790569924467,0.0074150868410186,0.0108864479960698,-0.0187867529581436,-0.0008015067131032,0.0046302640830893,-0.5494825574305952,0.0026166460447341953,0.001081658710345379,0.0017394076469328945,-0.0017608705076029142
1660869468578506,-0.9970244907301442,-0.1282368200198367,-0.0015259021896696,0.0073307518643324,0.0111428121422131,-0.0192235163706738,-0.0007662514458719,0.0046109327848876,-0.5495199958718572,0.002600536547111316,-0.00188299605975073,0.0016753318398958494,0.00017305586565676706
1660869468594490,-0.9966582742046236,-0.1245746547646296,-0.000549324788281,0.0072235036343462,0.0116048863646448,-0.0195419886963168,-0.0007229748771839,0.0045919182584171,-0.5495583803551931,0.0025531074276964973,-0.0013651015808070488,0.004803747385592652,0.0010346699403408302
1660869468610473,-0.9994659342336156,-0.1174944686045625,0.0016479743648432,0.0070618872757507,0.0121761713122423,-0.019742868788572,-0.0006704529566106,0.0045772919816703,-0.5495983101117231,0.0024442755667347512,-0.003755485448819207,0.010695540191093783,0.0029087721841185273
1660869468626457,-0.9983672846570536,-0.1143205920500496,-0.0027466239414053,0.0068282282857703,0.0127259935861775,-0.0198386603463556,-0.0006089817001848,0.0045702719952869,-0.5496407769579768,0.0024038066703028116,-0.002391152285031506,0.012482475071046023,-0.001337243509916976
1660869468642440,-0.9961699855039292,-0.120180056458381,-0.0023804074158846,0.0065206483118359,0.0131191927527247,-0.0198497768606535,-0.0005405662164659,0.0045717457790666,-0.5496869281975296,0.0023945437189190335,-0.00017446781871643946,0.005960709596443167,-0.000873924285956648
1660869468658424,-0.99482719157702,-0.1283588921950103,0.0015259021896696,0.0061517720117275,0.0132535320819259,-0.0198034363831728,-0.000468665054012,0.0045801889529636,-0.54973782478287,0.00235992223003305,0.0010514934973734347,-0.0019963135261675258,0.002729146787637797
1660869468674408,-0.9970244907301442,-0.1370260166323338,0.000549324788281,0.0057446554439266,0.0130873764669413,-0.0197347574871173,-0.0003974837956844,0.0045930753362238,-0.5497942427575578,0.002376084738377734,-0.0010312250901756137,-0.00959709416714194,0.001577312447624277
1660869468690391,-1.00337224383917,-0.1371480888075074,0.0018921187151903,0.0053266141668094,0.0126467862486237,-0.0196828679613783,-0.0003310390095507,0.0046082272405247,-0.549856555893099,0.0023811588276512457,-0.006641080379281128,-0.008747249708083993,0.0026280957370802193
1660869468706375,-0.9951934081025406,-0.1306782635233081,-0.0040894178683146,0.0049220535158687,0.0120079715244924,-0.0196763082601008,-0.000272368546075,0.00462418966905,-0.5499247244148973,0.0024378513499572095,0.0013839798216133126,-0.0020496819814962153,-0.003018096761782212
1660869468722358,-0.9966582742046236,-0.1259174486915389,-0.0042114900434881,0.0045459191986553,0.0112697149283187,-0.0197184342224683,-0.0002231711293811,0.0046400506463738,-0.5499983935957795,0.0024664355196088966,-7.279765242262926e-05,0.002440019565245699,-0.0028261520432601413
1660869468738342,-0.9962920576791028,-0.124452582589456,-0.0009155413138017,0.0041995791740202,0.0105371510271173,-0.0197895153254924,-0.0001837992387747,0.0046552118775286,-0.5500770781749544,0.002441361087500656,0.0002640769857883418,0.0035143971005957425,0.000422817017783633
1660869468754325,-0.9950713359273672,-0.128725108720531,0.0003051804379339,0.0038705606176945,0.0099127772336224,-0.0198598608041779,-0.0001533655971286,0.0046691722791192,-0.5501603823339825,0.0024226149887265017,0.0013363188637715018,-0.0006823161274313316,0.00147918489256731
1660869468770309,-0.9975127794308384,-0.1311665522240024,-0.0011596856641489,0.0035365082086151,0.0094799728585633,-0.0198975254270979,-0.0001299426519045,0.004681632262908,-0.5502481902656812,0.0024375440890353015,-0.0009946121757297144,-0.002811383667812445,1.2886911436058718e-05
1660869468786293,-0.99824521248188,-0.1276264591439689,0.0004272526131074,0.0031724710362872,0.0092831094266993,-0.0198736681927425,-0.0001109616666318,0.0046932825391035,-0.5503407659681278,0.0024124011028707052,-0.0015543407040942148,0.000655838470998954,0.0014398426698231232
1660869468802276,-0.9975127794308384,-0.122743572137026,0.0023804074158846,0.0027596741857786,0.0093178202353878,-0.0197713959585298,-9.376014782929896e-05,0.0047064373190258,-0.5504387234880984,0.002339877341398883,-0.0007397168877473215,0.004984852930147665,0.0030536977253402906
1660869468818260,-0.9967803463797972,-0.1207904173342489,0.0032349126420996,0.002293520239841,0.0095413611631814,-0.0195870324596201,-7.608444300749692e-05,0.0047241924944062,-0.5505428636111819,0.0022557476171541197,-6.555453035406167e-06,0.0062442069596322786,0.0035173826563997617
1660869468834243,-0.9966582742046236,-0.1174944686045625,0.0015259021896696,0.0017888436648331,0.0098983320565443,-0.0193213647342289,-5.637233476511651e-05,0.0047488917964085,-0.5506539061111496,0.0021945309126343597,0.0001039650499243816,0.008586140120386804,0.0016275349835727856
1660869468850227,-0.9981231403067063,-0.1178606851300832,0.000549324788281,0.0012808194252739,0.0103389804777607,-0.0189746200677459,-3.378580095808083e-05,0.0047821227173855,-0.5507721719227929,0.002160939056269969,-0.0012248109469426005,0.007397931235379504,0.0005858618239657672
1660869468866150,-1.003494316014343,-0.1239642938887617,0.0007934691386282,0.0008202516166343,0.0108229584887347,-0.0185500053940376,-8.096950730089461e-06,0.0048260684011172,-0.5508972933514364,0.002150233728462106,-0.005936387989121328,0.0011648902290309071,0.0007470055568816706
1660869468882133,-1.004104676890211,-0.1281147478446631,0.0050659952697031,0.0004631823861122,0.0113233891333999,-0.0180610813657703,2.052382578649902e-05,0.0048837446633269,-0.5510280457005583,0.0020963116057393706,-0.005892073978490453,-0.002687007354183424,0.0045175785191609134
1660869468898117,-0.9964141298542764,-0.1288471808957046,0.0084840161745631,0.0002568846180136,0.0118292259093182,-0.0175367778146101,5.181374259601956e-05,0.0049575815752841,-0.5511623771701445,0.001993400071636715,0.0016186257516999092,-0.003077496364702448,0.007142039481618822
1660869468914100,-0.9923857480735484,-0.1238422217135882,0.0066529335469596,0.0002262228418752,0.0123383528499655,-0.0170152320248191,8.568744957565891e-05,0.0050482768869048,-0.5512976606969955,0.0019055850033443628,0.005082306779185086,0.0017347165356725452,0.004779861168613789
1660869468930084,-0.9921416037232014,-0.1177386129549096,0.0046997787441824,0.0003650900543334,0.0128545427059323,-0.0165304471762138,0.0001223599901969,0.0051550319166964,-0.5514311213596576,0.0018385934923208676,0.004793806016578861,0.007054492764916043,0.0025440357292529307
1660869468946067,-0.9899443045700772,-0.1177386129549096,0.0004272526131074,0.0006364016491363,0.0133888787528195,-0.0161055273433349,0.0001623781429606,0.0052766387034276,-0.5515603301162845,0.0018473798666490322,0.00629199465273278,0.0063490434884244384,-0.0015556413616398623
1660869468962051,-0.9877470054169528,-0.1212787060349432,0.0009155413138017,0.0009810444950862,0.0139497413752448,-0.0157510089046642,0.0002065585415121,0.005412308159814,-0.5516836257076566,0.001864945353359505,0.007640364425271384,0.002528055367551754,-0.0009606173948510061
1660869468978035,-0.99140917067216,-0.125307087815671,0.003112840466926,0.0013328297517649,0.0145299539211716,-0.0154660685366827,0.0002557655495442,0.0055613343957337,-0.55180034811527,0.0018556278847730665,0.003580379253057764,-0.0013502937718584407,0.0011130135824459647
1660869468994018,-1.000198367284657,-0.1223773556115053,0.007385366598001,0.0016344614987093,0.0151074187370056,-0.0152496564711083,0.0003106538570224,0.0057224244011939,-0.551910826083442,0.0017688080010722425,-0.004687935623495343,0.001421494589076519,0.004846985742168869
1660869469010002,-0.9960479133287556,-0.1220111390859846,0.0038452735179674,0.001849287269552,0.0156508739300237,-0.0151089632932769,0.0003715337474926,0.005894149482156,-0.552016139152252,0.0017469602885284625,-0.0004837335008345267,0.0016089400031374934,0.0011762033959217418
1660869469025985,-0.999343862058442,-0.1223773556115053,0.0066529335469596,0.0019654781278089,0.0161225389073317,-0.0150494836019442,0.000438288662449,0.0060754627506714,-0.5521177512972899,0.0016847842359917703,-0.0034017140074688035,0.0011184511298551192,0.003585477082422547
1660869469041969,-0.9956816968032348,-0.1245746547646296,0.0042114900434881,0.0019926634039987,0.0164846321344652,-0.0150630275576577,0.0005102685021397,0.0062649613717523,-0.5522171434894628,0.0016699962163796997,0.00023440612296443675,-0.0009709632209422697,0.0010296302210559428
1660869469057953,-0.9943389028763256,-0.127016098268101,6.103608758678547e-05,0.001953735126202,0.0167116709134665,-0.0151312289663043,0.000586279317913,0.0064603609382581,-0.5523155397113326,0.001721255938573688,0.0014194800448862344,-0.0030711660519723155,-0.002808741361360835
1660869469073936,-0.9922636758983748,-0.1310444800488288,-0.0016479743648432,0.0018754009016021,0.0168011118417533,-0.0152368511879864,0.0006647911386457,0.006659131065706,-0.5524137694824981,0.0018043294742965483,0.003145236320553413,-0.006389593049430098,-0.004065976632411738
1660869469089920,-0.9953154802777142,-0.130434119172961,0.0026245517662317,0.001780555747844,0.0167738955866053,-0.0153716838004249,0.0007443000669478,0.0068590602083066,-0.5525122661447293,0.0018177211552781725,8.408874709264769e-05,-0.005201308956206074,0.00018589454879684546
1660869469105903,-0.9922636758983748,-0.1255512321660182,0.0059205004959181,0.0016840707281154,0.0166651372154402,-0.015534342342534,0.0008236524387745,0.0070584930125993,-0.5526111604469492,0.0017747910724190948,0.0028223038137888956,-0.00028657975433696303,0.003133658950634921
1660869469121887,-0.9981231403067063,-0.1266498817425803,0.0053101396200503,0.0015919360666132,0.016517441424419,-0.0157182913920746,0.0009022014985431,0.0072569215484011,-0.5527104123375737,0.0017396451485074877,-0.002733444535088392,-0.0012467063978091608,0.0022709682672904094
1660869469137870,-0.9970244907301442,-0.128725108720531,0.0055542839703974,0.0015028857794857,0.0163771660857507,-0.0159068403131579,0.0009798240052253,0.0074552407440964,-0.5528099381842508,0.0017149399292118713,-0.0014713154626736502,-0.0029897400381838912,0.002263601355873758
1660869469153854,-0.9940947585259784,-0.1310444800488288,0.0038452735179674,0.0014113497033523,0.0162798784732241,-0.016085793766106,0.0010568408334621,0.0076546583609143,-0.5529097092087336,0.0017315597908349268,0.001312575067342947,-0.004778200229833496,0.0004991318130993824
1660869469169838,-0.9947051194018464,-0.1276264591439689,0.0028686961165789,0.0013103127130031,0.0162363179197819,-0.0162586523760798,0.0011338510135545,0.0078550827823723,-0.5530098070959194,0.0017452418447785562,0.0006319927723275054,-0.0012241613924762196,-0.00042970102946020576
1660869469185760,-0.9960479133287556,-0.1254291599908446,0.0053101396200503,0.0011931018049194,0.0162401165783645,-0.0164472317399546,0.00121158532109,0.0080548862030714,-0.553110434150042,0.0017124596150427148,-0.0006397210391235753,0.0008758239845832461,0.0018105682266100751
1660869469201743,-0.9966582742046236,-0.1279926756694896,0.0038452735179674,0.0010540771069686,0.016281460641852,-0.0166781286209372,0.001290856364673,0.0082522493331057,-0.5532118925753408,0.0017141100649518493,-0.0011250737234923536,-0.0015189225246555749,0.0003111319120744573
1660869469217726,-0.9971465629053178,-0.127870603494316,0.005676356145571,0.0008885726383541,0.0163462935798643,-0.0169651213639424,0.0013724732766549,0.0084460666139371,-0.553314561091631,0.0016902945857284486,-0.0014520261817678737,-0.0012571653145337924,0.0019279930857102516
1660869469233709,-0.9950713359273672,-0.1288471808957046,0.0070191500724803,0.0006924695525404,0.0164170325745653,-0.0173004784937244,0.0014570506804313,0.0086353546872975,-0.5534188876483416,0.0016589242625231631,0.0005608807165644603,-0.0020103684443301406,0.0029437083113575966
1660869469249693,-0.9997100785839628,-0.1281147478446631,0.0068970778973067,0.0004620381784995,0.0164858138956104,-0.0176625563380243,0.0015449099933767,0.0088188022719709,-0.5535253877925295,0.0016250311206802831,-0.0036700757460279565,-0.0011501418539597574,0.0025394725225655976
1660869469265676,-0.9951934081025406,-0.1224994277866789,0.0055542839703974,0.0001947077981816,0.0165610154969915,-0.0180301791684734,0.0016362055702701,0.0089955264689841,-0.5536346280208584,0.0015852400510892308,0.0007619352618547515,0.004018660383621989,0.0010770107360906674
1660869469281659,-0.9960479133287556,-0.1248187991149767,0.0064087891966124,-0.0001089828228077,0.0166604184536892,-0.0183887395607646,0.0017311305633456,0.009165531421898,-0.5537471876667582,0.0015504357045645065,-8.33129679241873e-05,0.0015293601497917697,0.0017383643660751008
1660869469297642,-0.9956816968032348,-0.1283588921950103,0.0070191500724803,-0.0004424695159472,0.0168061187793725,-0.0187262937981772,0.001830048938142,0.0093291752435583,-0.5538635901002757,0.0015299757309290103,0.0002546132018369507,-0.001809659637217631,0.002113852717748701
1660869469313625,-0.994216830701152,-0.1336079957274738,0.0092164492256046,-0.0007899640031093,0.0170185548408816,-0.019028737427357,0.0019335159602475,0.0094870205624557,-0.5539841823708047,0.0015176172440214406,0.0015475313735279217,-0.006352886852713041,0.0038800366837857024
1660869469329608,-0.9967803463797972,-0.1328755626764324,0.0077515831235217,-0.0011242434748068,0.017297475303275,-0.0192833161260911,0.0020421202093904,0.0096401648451858,-0.5541089659223788,0.001524745931625827,-0.0009143858746055722,-0.0050584084215044844,0.0021736535235325214
1660869469345591,-1.002151522087434,-0.1288471808957046,0.009094377050431,-0.001407088302985,0.0176039114512958,-0.0194912346562838,0.0021561333153496,0.009789839318416,-0.554237417335573,0.0014858999732992356,-0.005657005424018147,-0.0009270239766989985,0.003164802705397639
1660869469361574,-0.9944609750514992,-0.127016098268101,0.0079957274738688,-0.0015935501089298,0.0178594942549733,-0.0196772444580183,0.0022751188121173,0.0099363768190549,-0.5543683512330834,0.001454167731601467,0.0018301874507249405,0.000813652785814134,0.0018595378159518942
1660869469377557,-0.9912870984969864,-0.1279926756694896,0.0098268101014724,-0.0016398581164433,0.0179526446062011,-0.019885518864291,0.0023976009186365,0.0100782741815547,-0.5544998801383423,0.0014142450610342115,0.00450365760471394,-0.000146632154017029,0.0033215583991999453
1660869469393540,-0.9956816968032348,-0.126161593041886,0.0132448310063324,-0.001513368139856,0.0177462894887398,-0.0201667109047424,0.0025207612772449,0.0102118377758547,-0.5546295129510821,0.0013205181693476899,9.81533686189584e-05,0.001516005426227901,0.006065621373653951
1660869469409524,-0.9955596246280614,-0.127016098268101,0.0088502327000838,-0.0012022403953428,0.0171020069476759,-0.0205668369008223,0.0026402600437861,0.0103318314450511,-0.5547544017057517,0.0012956644614851099,0.00019820298941308767,0.0005953501800116112,0.0015039207606648156
1660869469425507,-0.9929961089494164,-0.1308003356984817,0.0127565423056381,-0.0007223979523004,0.0159221749216523,-0.0211210538908407,0.0027504467501179,0.0104323562689119,-0.5548717218310432,0.0012648370943939865,0.0024855468012523474,-0.002869998525332179,0.004869207329597206
1660869469441490,-0.9906767376211184,-0.1336079957274738,0.011657892729076,-0.0001195068298864,0.0141920039807431,-0.0218451468832852,0.0028450953114438,0.0105072412844316,-0.5549791345504185,0.001287028311396888,0.004324426316595242,-0.005109892698891866,0.0033935019777315955
1660869469457473,-0.987380788891432,-0.138124666208896,0.0071412222476539,0.0005356226358514,0.0120082445926208,-0.0227163363204065,0.0029185182539761,0.0105508989232463,-0.55507522914354,0.0014163270453140676,0.0068583375416535475,-0.008663906862282633,-0.0010108516533214543
1660869469473456,-0.9826199740596628,-0.1494773785000381,0.0032349126420996,0.0011587080064327,0.0095907368815599,-0.0236551276601463,0.0029668105429889,0.0105597452199648,-0.5551598338243184,0.0017159160764645808,0.010457237136080488,-0.018014957238082246,-0.00442544513298818
1660869469489439,-0.9812771801327536,-0.1670557717250323,0.0094605935759517,0.0016696955747794,0.007267847777814,-0.0245327360299767,0.0029890298361043,0.0105332198716405,-0.5552340982636067,0.002162477660400238,0.010620027956690814,-0.03203401541676881,0.0016202122207775276
1660869469505340,-0.988845654993515,-0.1553368429083695,0.0110475318532081,0.0020129580126156,0.0054196759733347,-0.0251997108135077,0.0029880268856364,0.0104748669171305,-0.5553002659466334,0.0024058903574357433,0.002746397786336452,-0.018283577940095386,0.0028864354482305357
1660869469521323,-0.9983672846570536,-0.1348287174792095,0.0147096971084153,0.0021737004898175,0.0043843148214359,-0.0255078280436879,0.0029704355094507,0.01039347333927,-0.5553611397956268,0.0023144558705601335,-0.0060977086894820065,0.002002092740158168,0.005893740633093962
1660869469537306,-1.000686655985351,-0.1146868085755703,0.0169069962615395,0.0021841644893187,0.0043711166429328,-0.0253240244063081,0.0029455559249071,0.0103026367619698,-0.555419373981792,0.0019554587773934766,-0.007575372016001336,0.019929601479417622,0.007281935807596344
1660869469553290,-1.000320439459831,-0.1079728389410239,0.0203250171663995,0.0021169329352544,0.0054197203522552,-0.0245548101479108,0.0029235069732768,0.0102185234482373,-0.5554767840299232,0.0015292575873684735,-0.006488239941433327,0.023979214002567625,0.00962996104121071
1660869469569273,-1.000564583810178,-0.1057755397878997,0.0297245746547645,0.0020671151400722,0.0074007270650003,-0.0231752471802086,0.0029133128174723,0.0101571062256154,-0.5555338537629235,0.0010708421440467338,-0.006059145862602255,0.02355886184012264,0.01712656667661814
1660869469585256,-0.9966582742046236,-0.1100480659189746,0.0296025024795909,0.0021282401321328,0.010043110615587,-0.0212441791045368,0.0029213609409893,0.0101318657713759,-0.5555895686158272,0.0007556538024772768,-0.001937552631343098,0.017357702138142958,0.015304045051300088
1660869469601239,-0.99482719157702,-0.1102922102693218,0.0333867399099716,0.0023686454084798,0.0129872865746302,-0.0189042714956058,0.0029504785159588,0.0101526375969818,-0.5556416164370908,0.0005707220003694775,-9.582300336552496e-05,0.015402202009016194,0.017179454233512706
1660869469617222,-0.9895780880445564,-0.117616540779736,0.0355840390630959,0.0028151539332033,0.0158542531044756,-0.0163681281918303,0.0029997996990438,0.0102250668263696,-0.5556869059925276,0.000688839449443221,0.004637952476188256,0.007270084348741795,0.01743907804797331
1660869469633205,-0.9843289845120928,-0.1217669947356375,0.0327763790341038,0.0034484533545946,0.0183101795659848,-0.0138838821176093,0.0030653658507943,0.0103492388606255,-0.5557222780361468,0.0009021525579990746,0.008898350407786637,0.0028076673535562674,0.013168276217083087
1660869469649188,-0.985427634088655,-0.1284809643701839,0.0330205233844509,0.0042109005709917,0.0201136414765799,-0.0116859783098336,0.0031411656392301,0.0105183820368067,-0.5557452068928317,0.0011314064669616707,0.007019730748102027,-0.0035156720528911056,0.012071178510687171
1660869469665171,-0.9877470054169528,-0.1283588921950103,0.0287479972533759,0.0050237017436113,0.0211392618981276,-0.0099530488702732,0.0032203005865011,0.0107199609178499,-0.5557542807993653,0.0012711715445000117,0.004230323477823705,-0.00305423988994577,0.007018787141650957
1660869469681154,-0.9921416037232014,-0.125307087815671,0.0213015945677881,0.0058080841218299,0.0213752805849307,-0.008787022626249,0.0032960454000682,0.0109387838333848,-0.5557493516423115,0.0012650670406364212,-0.00014784734558237478,-2.191959545816413e-06,-0.0003848539895431567
1660869469697137,-0.99140917067216,-0.1277485313191424,0.0165407797360188,0.0065045605245772,0.0209034563784235,-0.0082089220271378,0.0033626518628599,0.0111600051236949,-0.5557313628640838,0.001223827373528308,0.0005261271349130681,-0.0021992719167155117,-0.004631101939181214
1660869469713121,-0.99140917067216,-0.135561150530251,0.0127565423056381,0.0070851373172803,0.0198752854912599,-0.0081621183873572,0.0034158450334838,0.0113712172901111,-0.5557019367960263,0.0012018411356189023,0.00047351442142173905,-0.0090107020150417,-0.0075738054326057215
1660869469729104,-0.9937285420004578,-0.1447165636682688,0.0140993362325474,0.0075555845915242,0.0184886992642317,-0.0085234546887732,0.0034530509160501,0.0115635554737141,-0.5556628576984421,0.0012829418582319255,-0.0016612712161885312,-0.016349503637753532,-0.005607910355126778
1660869469745087,-0.9927519645990692,-0.1475242236972609,0.0165407797360188,0.0079483223911282,0.0169574741281065,-0.0091295883461028,0.0034734008073124,0.0117317446498712,-0.5556156037719201,0.0014532977055069654,-0.0006162244333199896,-0.017241447300071072,-0.002849820166489842
1660869469761070,-0.9917753871976808,-0.1449607080186159,0.0181277180132752,0.0083090671657063,0.0154718955058313,-0.0098151884846238,0.0034775095328603,0.0118736645020023,-0.5555610395814734,0.0016164642718204314,0.00032431767126162026,-0.013210138459283483,-0.0011365937003100963
1660869469777053,-0.992507820248722,-0.1373922331578545,0.0140993362325474,0.0086812503428174,0.0141673587029181,-0.0104439465080923,0.0034670406119407,0.0119899874614933,-0.5554993262376281,0.00165423797510441,-0.0003673038418016139,-0.005077497238669876,-0.004648477932934105
1660869469793036,-0.9878690775921264,-0.128725108720531,0.011657892729076,0.0090926595472811,0.0131162169851364,-0.0109219501736271,0.003444175060411,0.0120838628416574,-0.5554300541372927,0.0016019974156159455,0.003844294933314618,0.0032306644787882532,-0.006380929292764955
1660869469809019,-0.9866483558403908,-0.1298237582970931,0.0171511406118867,0.009548430498819,0.0123356639030191,-0.0112025161152842,0.0034111512117971,0.0121603399768555,-0.5553525404035201,0.0016056961628353795,0.004558515016545139,0.0019188134120035338,-0.0007989132689588292
1660869469824951,-0.9884794384679942,-0.1314106965743496,0.0198367284657052,0.0100319103453795,0.0117962033889205,-0.0112881793346002,0.00336994512693,0.0122249939112682,-0.5552661892015,0.0016289496274915884,0.00245468915004754,0.0002986876212723588,0.0016980071263737045
1660869469840933,-0.9921416037232014,-0.1284809643701839,0.0220340276188295,0.0105114883480084,0.0114304486302227,-0.0112251427346365,0.0033220563719279,0.0122820691967574,-0.5551708006820915,0.001600973760519465,-0.0010867284946436406,0.002905577842894247,0.0035057756515482034
1660869469856916,-0.9949492637521936,-0.1273823147936217,0.0216678110933088,0.0109497436829945,0.0111502785352108,-0.0110907707682971,0.003268401337315,0.0123336616187348,-0.555066738537476,0.0015444220120634138,-0.0035049496712723505,0.0036038046775108135,0.002825603213424753
1660869469872899,-0.9964141298542764,-0.1323872739757381,0.0172732127870602,0.0113114521297797,0.0108706968092781,-0.0109782236815605,0.0032093791669787,0.0123801646433531,-0.5549549445040454,0.0015194589787217217,-0.004472834196019626,-0.0012610390541450411,-0.0014120955835414638
1660869469888881,-0.9928740367742428,-0.1375143053330281,0.0166628519111924,0.0115684189195888,0.0105323673940771,-0.0109794035871557,0.0031451293819619,0.0124205878739932,-0.5548368592167798,0.0015797698309600345,-0.0008394670043874175,-0.005749263370291552,-0.0018202108134683405
1660869469904864,-0.9922636758983748,-0.1410543984130617,0.0131227588311588,0.0117010682594073,0.0101157165604282,-0.0111691561631315,0.0030759118992062,0.0124524768083874,-0.554714305240202,0.001669829693770801,-0.0002061955156674733,-0.008360420805292618,-0.004824273504151745
1660869469920847,-0.9917753871976808,-0.1387350270847638,0.0123903257801174,0.0116981604800247,0.009638269072625,-0.0115921157166624,0.0030024504959622,0.0124721274794153,-0.5545893590447635,0.0017286880415066607,0.0002538838665239185,-0.005436944529295246,-0.005001035899673831
1660869469936829,-0.9934843976501108,-0.1340962844281681,0.0138551918822003,0.0115562166287166,0.0091354192418264,-0.0122519331933181,0.0029260289355039,0.0124753589901151,-0.5544642215126806,0.0017206824618847985,-0.001309613927315434,-0.0007183816854295921,-0.003182552817831837
1660869469952812,-0.9986114290074006,-0.1289692530708781,0.0132448310063324,0.0112795058140662,0.0086403720815039,-0.0131092882130968,0.0028482639152592,0.0124588971026424,-0.5543410810204819,0.0016200034959888783,-0.005792980756144872,0.003967784704674376,-0.0034136223243297643
1660869469968794,-0.9960479133287556,-0.1282368200198367,0.0097047379262988,0.010880441756605,0.0081758630154342,-0.0140917082251753,0.0027707130345504,0.0124213317695679,-0.5542219778383212,0.0015270010433148897,-0.002906518569749883,0.004230195980144208,-0.00625834386392703
1660869469984777,-0.9997100785839628,-0.129579613946746,0.0072632944228274,0.0103795010469339,0.0077560979584118,-0.0151065467453462,0.0026945300199982,0.0123625982056782,-0.5541086890190168,0.001449497220814361,-0.005911815442461221,0.00259866184791141,-0.007829808630658587
1660869470000760,-0.9994659342336156,-0.1336079957274738,0.009948882276646,0.0098038768629818,0.0073931859431167,-0.0160534517303954,0.0026202797024127,0.0122834702962425,-0.5540026221260037,0.0014486092261641517,-0.005100903982902638,-0.0012867479395347603,-0.0046297986991559875
1660869470016742,-0.9981231403067063,-0.135561150530251,0.0126344701304645,0.0091847363641113,0.0071028766421206,-0.0168403203731431,0.0025479509403479,0.0121860893333455,-0.5539047205427102,0.0014844346414779632,-0.003382299050394,-0.0029159124680807613,-0.0017497897608037393
1660869470032725,-1.000076295109483,-0.1373922331578545,0.0136110475318531,0.0085534415808813,0.0069069256632701,-0.0173987873443663,0.0024771513917076,0.0120740135128346,-0.5538154260636412,0.0015412011327199232,-0.004801908467853555,-0.004272295586115832,-0.000695891123473626
1660869470048708,-0.9958037689784084,-0.1336079957274738,0.0153200579842831,0.007937573388576,0.0068333158018916,-0.017692591087611,0.0024074155826449,0.0119516770169546,-0.5537347112592041,0.0015468210910177253,-0.0004764441031009925,-0.0004392523401616222,0.0009118073960607369
1660869470064690,-0.9973907072556648,-0.1309224078736553,0.0187380788891431,0.0073579869814796,0.0069125342713086,-0.0177203147137381,0.0023385331387057,0.0118243596196338,-0.55366215638145,0.0015110655571191581,-0.0018570441423216844,0.002021701962291206,0.0038968454708286655
1660869470080673,-0.9971465629053178,-0.1325093461509117,0.0216678110933088,0.0068277864938703,0.0071659455266355,-0.0175148985885007,0.0022707797104082,0.0116976921663896,-0.5535970649138829,0.0015072315072740263,-0.0014516098127771437,0.00039128731653134685,0.006143919907494929
1660869470096655,-0.9953154802777142,-0.1300679026474403,0.0169069962615395,0.0063532124804256,0.0075884421469479,-0.0171373934880246,0.0022049202596743,0.0115759733183335,-0.5535386003286881,0.0014688904281430668,0.00034152553334376723,0.0025494577380024697,0.0012447945681530667
1660869470112638,-0.9973907072556648,-0.1262836652170596,0.0166628519111924,0.005935660861205,0.0081347585035632,-0.016661818494359,0.0021419118203941,0.0114609933335257,-0.5534858909508406,0.0013779154515834282,-0.0015603313001462116,0.005700325651544852,0.0009005851960253684
1660869470128621,-0.9995880064087892,-0.1229877164873732,0.0173952849622338,0.0055737906545482,0.0087200415258447,-0.0161557951971471,0.0020823773769477,0.0113525827534571,-0.5534380741127026,0.0012494720345092578,-0.0033818674079435507,0.008096646943108132,0.0014697164223600942
1660869470144531,-0.9984893568322272,-0.124452582589456,0.0182497901884488,0.0052649565539924,0.0092344245487188,-0.0156708175717659,0.0020260682451237,0.0112498833403949,-0.5533943036137863,0.0011597333790145897,-0.002054896048243382,0.005968602756922778,0.002091799483717585
1660869470160513,-0.9951934081025406,-0.1294575417715724,0.0191042954146638,0.0050056714586722,0.0095620388250247,-0.0152464969449623,0.0019715371026395,0.0111519536104037,-0.5533537571142398,0.0011549264105318762,0.0011169474132988189,0.0008672792173257393,0.0026516742389393264
1660869470176495,-0.9953154802777142,-0.1334859235523003,0.0181277180132752,0.0047912313016633,0.0096030225823774,-0.0149141967983677,0.0019161266057935,0.0110574117368778,-0.5533156622352702,0.0012051318439594767,0.0008953877143127453,-0.00284499230706195,0.0015075871537956545
1660869470192477,-0.9949492637521936,-0.1366598001068131,0.0156862745098038,0.0046150511144451,0.009299037626269,-0.0146905267784377,0.0018562756552582,0.0109637210141873,-0.5532793411841517,0.0012875918112766746,0.001135443815850068,-0.00541698197541729,-0.000840470714708174
1660869470208459,-0.9933623254749372,-0.1405661097123674,0.0138551918822003,0.0044685077010071,0.0086507896773143,-0.0145699454146416,0.0017880681172132,0.0108671377053356,-0.5532442547651152,0.0014149090364902195,0.00245014388379583,-0.008390962422874432,-0.0024043980080805053
1660869470224442,-0.9943389028763256,-0.1388570992599374,0.0137331197070267,0.0043418359873314,0.0077189206851327,-0.0145258327885574,0.0017078837722649,0.0107637561329118,-0.5532100228503116,0.0015064231861188588,0.0013262098341665363,-0.006013756773399964,-0.0022738231649286934
1660869470240424,-0.9936064698252842,-0.140688181887541,0.0126344701304645,0.0042260377198951,0.0066107915979813,-0.0145182411337527,0.0016129991991242,0.0106507150617104,-0.5531764175972198,0.0016158999794339767,0.001852778596687199,-0.007060355460903223,-0.0030352254673418014
1660869470256406,-0.9937285420004578,-0.1421530479896238,0.013366903181506,0.0041153256037783,0.0054561198895934,-0.0145040421819248,0.0015019999875654,0.0105266359251178,-0.5531433307382744,0.0017377973094931608,0.0015576357793621876,-0.007672699406687411,-0.002072513174670271
1660869470272388,-0.9915312428473336,-0.1404440375371938,0.0144655527580681,0.0040093247867185,0.0043774396292591,-0.014447811779278,0.001374903774862,0.0103915889981182,-0.5531107056974915,0.0018284619021135325,0.0033794414392377403,-0.0053673200588316705,-0.0008764772382973563
1660869470288370,-0.994216830701152,-0.1380025940337224,0.0158083466849774,0.0039140836655567,0.0034661767204389,-0.0143317999312232,0.0012329964432691,0.0102469112169066,-0.5530784402712691,0.0018718196164942674,0.0006244682268775614,-0.0026332888998242265,0.00041968501975074915
1660869470304352,-0.9975127794308384,-0.1351949340047303,0.0171511406118867,0.0038412135594274,0.0027686357511961,-0.0141613804628956,0.0010784672944883,0.0100947801329724,-0.5530462878665138,0.0018662038485361275,-0.002404332452528024,0.00015693401625108128,0.0015862310519940467
1660869470320335,-0.9973907072556648,-0.1318989852750438,0.015930418860151,0.0038051093884574,0.0022800924592428,-0.0139631164018312,0.000913920368803,0.0099379312810359,-0.5530137835040303,0.0018138454120986962,-0.00205403424961903,0.0031075944713438164,0.00032895837023251377
1660869470336317,-0.994216830701152,-0.1290913252460517,0.0153200579842831,0.0038190213691341,0.0019485575136351,-0.0137788544266401,0.0007418395951423,0.0097793889269794,-0.552980224143891,0.0017306863142278336,0.0010078580744045107,0.005323729050302317,-0.00025326225507184795
1660869470352299,-0.9917753871976808,-0.1325093461509117,0.0169069962615395,0.0038914524150012,0.0016908589812028,-0.0136603692545069,0.0005641463806543,0.0096211785254547,-0.5529447300344271,0.0017112067571265449,0.0031043714200881256,0.0017151373308980922,0.0012003084199660972
1660869470368281,-0.9912870984969864,-0.1339742122529946,0.0131227588311588,0.0040243884922777,0.001416440913227,-0.0136608617579047,0.0003819780116628,0.0094628461530609,-0.5529063566868093,0.001712929965455886,0.0032333941087042684,0.00022524410593366406,-0.0023255361093731403
1660869470384263,-0.9895780880445564,-0.1358052948805981,0.0115358205539024,0.00421411609519,0.0010495953007781,-0.0138221948152624,0.0001956998113928,0.0093018764648718,-0.5528641866899421,0.0017464690668874414,0.004448164105020802,-0.001445254669502849,-0.003521226947966586
1660869470400245,-0.9900663767452508,-0.1373922331578545,0.011657892729076,0.0044541232669708,0.0005474477365734,-0.0141669067525897,5.112843268725208e-06,0.0091351067759845,-0.5528173797572774,0.0018008829622746523,0.003563887863893833,-0.0027289736520833274,-0.0030592392955136865
1660869470416227,-0.9949492637521936,-0.1366598001068131,0.0101930266269931,0.0047383186611087,-8.489926449526449e-05,-0.0146970600291016,-0.0001901454757129,0.0089590092531091,-0.5527651972318246,0.0018257307233278987,-0.0011870992287440485,-0.0017968865409377366,-0.004071694857836927
1660869470432210,-0.994216830701152,-0.1382467383840695,0.010803387502861,0.0050626040431694,-0.0007917782839398,-0.0153936893717491,-0.0003900847458222,0.0087697983981189,-0.5527069927185652,0.0018742605975735507,-0.0004091995599321274,-0.003045442336374715,-0.0031152005837721264
1660869470448192,-0.9951934081025406,-0.1384908827344167,0.008239871824216,0.0054239878626454,-0.0014873287650032,-0.016218289677745,-0.0005939643842885,0.008564587486751,-0.5526421775061694,0.0019231271089196569,-0.001247199265188681,-0.0029606280180497213,-0.005110844636175414
1660869470464141,-0.9928740367742428,-0.1373922331578545,0.0062867170214389,0.0058177822205148,-0.0020843955854527,-0.0171199964377788,-0.0008002030283616,0.0083421892393972,-0.5525702173021062,0.001965114585134567,0.0009649548567982613,-0.0016757805973387774,-0.0063575994950572645
1660869470480124,-0.985671778439002,-0.1360494392309453,0.006530861371786,0.0062345053792655,-0.0025105572542247,-0.0180450721374886,-0.0010065324418246,0.0081027609169074,-0.5524906912197396,0.0020112818219958,0.0073504918728352076,-0.0002996880033866167,-0.005502109630239147
1660869470496106,-0.9881132219424736,-0.1332417792019531,0.0112916762035553,0.0066586641196746,-0.0027152123878993,-0.0189431500609243,-0.001210248566265,0.0078474704158616,-0.5524033813841724,0.001998404610477586,0.004418143532427199,0.0022571748230450495,-0.0006671653186228633
1660869470512088,-0.9943389028763256,-0.1266498817425803,0.0132448310063324,0.007070685165122,-0.0026786814151701,-0.0197683001233704,-0.0014085454399626,0.0075787014794933,-0.5523083454415857,0.001867918317592958,-0.0016267836612823272,0.007964165054176076,0.0011573905357388139
1660869470528070,-0.9940947585259784,-0.124452582589456,0.0098268101014724,0.0074514871360351,-0.0024176615642308,-0.0204813360067074,-0.0015989364667777,0.007300077246103,-0.5522059388525816,0.0017332377397045943,-0.0012443753798415669,0.009145317786570337,-0.0020345673322090686
1660869470544052,-0.9921416037232014,-0.1243305104142824,0.0105592431525138,0.0077878464359365,-0.0019801178171218,-0.0210590770415661,-0.0017796318411889,0.0070158671574736,-0.5520967670432735,0.0016192708424627097,0.0006379014806419114,0.00834065096556956,-0.0011719208530509024
1660869470560034,-0.9926298924238957,-0.1297016861219196,0.0143434805828945,0.0080761985606388,-0.0014301736063995,-0.0215005229847549,-0.0019497142247395,0.0067299511844098,-0.55198157145408,0.001571649881134188,0.0001346515019527983,0.002672527732139135,0.0023510849195968186
1660869470576017,-0.9934843976501108,-0.1293354695963989,0.0130006866559853,0.0083231682814008,-0.0008249983899768,-0.0218193404632291,-0.0021090550632128,0.0064448157240594,-0.5518610831691566,0.0015248767490429495,-0.0006478683518360562,0.0027348698318938325,0.0009074618934188563
1660869470591999,-0.9954375524528878,-0.129579613946746,0.0119020370794231,0.0085425393396926,-0.0001937513319277,-0.0220312894872625,-0.0022580053262748,0.0061614879022201,-0.5517358857292438,0.0014802868659719527,-0.0023409208391517167,0.0022416529333920687,-0.0001720689148290086
1660869470607981,-0.9970244907301442,-0.1301899748226139,0.0144655527580681,0.0087494928716626,0.0004655268562594,-0.022149238068608,-0.0023969891175848,0.0058807664558111,-0.5516063295664976,0.001432114701122313,-0.003535073204767314,0.0014681628517717593,0.0021523020874343896
1660869470623963,-0.992507820248722,-0.1294575417715724,0.018493934538796,0.0089536716002878,0.0011697634587158,-0.0221859237322914,-0.0025261965491898,0.0056043685305367,-0.551472548818384,0.001388333056991272,0.0008834375489893409,0.0019805363125319497,0.005562615481346062
1660869470639945,-0.9926298924238957,-0.1281147478446631,0.0148317692835888,0.009153204572445,0.0019335217401452,-0.0221592629341387,-0.0026454762813447,0.0053346284707261,-0.5513346032467134,0.0013428867457473273,0.0006852288364340708,0.002990997215497143,0.0017104052035249746
1660869470655927,-0.9933623254749372,-0.1259174486915389,0.0148317692835888,0.0093318876572433,0.0027645883376197,-0.0220948652411314,-0.0027543473798288,0.0050734667037313,-0.5511927007234938,0.0012698248577333927,-4.2483793146752546e-05,0.004669466731759192,0.0015393646831724766
1660869470671909,-0.9944609750514992,-0.124452582589456,0.0120241092545967,0.0094609268943337,0.003663783499513,-0.0220198009641609,-0.0028520578921095,0.0048219263162551,-0.5510474186155654,0.0011863165195388475,-0.001027020032737913,0.005520899550457883,-0.0011414658112376616
1660869470687892,-0.9917753871976808,-0.1245746547646296,0.0140993362325474,0.0095052344744034,0.0046164771258022,-0.0219497238816666,-0.0029377799248331,0.0045803062165129,-0.5508998522477873,0.0011234575286746284,0.0014927110389725273,0.004858944637755866,0.0008403850500417354
1660869470703874,-0.9929961089494164,-0.1256733043411917,0.0143434805828945,0.0094327405520023,0.0055850374888873,-0.0218829154062361,-0.0030109911430395,0.0043483906747096,-0.5507516380498271,0.0010744175571687287,0.00024479035851332487,0.0033842655550744005,0.0009760764603499519
1660869470719856,-0.9971465629053178,-0.1243305104142824,0.0164187075608452,0.0092239612630637,0.0065159069444062,-0.0218095686972301,-0.0030718462842377,0.0041256414778178,-0.5506048259331009,0.0009824318391060463,-0.0035150972376493117,0.004254353533785324,0.002746173094470587
1660869470735838,-1.002029449912261,-0.1245746547646296,0.018493934538796,0.0088785443577645,0.0073553920952433,-0.0217256022968623,-0.0031212979320412,0.0039112878447607,-0.5504616233707319,0.0008745507255570903,-0.007558185820133345,0.003609188265094307,0.0043392600651792484
1660869470751820,-1.003006027313649,-0.1251850156404974,0.0156862745098038,0.0084163286392463,0.0080641370287541,-0.0216350052329284,-0.0031609430675505,0.0037042509887576,-0.550324081685089,0.0007968591418521427,-0.007681286899369089,0.002698944650303875,0.0013784400325683437
1660869470767802,-1.000442511635004,-0.1314106965743496,0.0143434805828945,0.0078726390876622,0.0086302181582497,-0.0215407072694504,-0.0031927058311295,0.0035031564667507,-0.5501938127026261,0.0008342527113232842,-0.0046059940986517,-0.003174062655193488,3.208149509313987e-05
1660869470783722,-0.9961699855039292,-0.1349507896543831,0.0122682536049438,0.0072899302922528,0.0090783343404089,-0.0214366133192998,-0.0032184343049993,0.0033066612097767,-0.550071807985151,0.0009318656013452866,-0.0003001211708193452,-0.00604274016170428,-0.001838830934571805
1660869470799704,-0.9958037689784084,-0.1343404287785153,0.0165407797360188,0.0067091396990492,0.0094693642984303,-0.0213088175864878,-0.0032394636853401,0.0031139477082997,-0.5499583925147085,0.0010070765979824365,5.948581923131968e-05,-0.004889141357252824,0.0021903256768528757
1660869470815686,-0.9944609750514992,-0.1292133974212253,0.0137331197070267,0.0061636717150526,0.0098910883472205,-0.021142451035973,-0.00325621449518,0.0029251514354466,-0.5498532950976867,0.0010063183006072131,0.0012620517715263846,0.0002141010000334398,-0.0005556009169253029
1660869470831668,-0.9945830472266728,-0.1275043869687953,0.0127565423056381,0.0056772111145931,0.010442514205311,-0.0209220425620383,-0.0032679347335942,0.0027414898328505,-0.5497557869312041,0.0009825803368500002,0.0010259816367175212,0.0017308003072171174,-0.0013789604864825125
1660869470847650,-0.9981231403067063,-0.1271381704432746,0.0138551918822003,0.0052647390429576,0.0112124401232051,-0.0206225136659364,-0.0032727335834993,0.002565115213594,-0.5496648328072452,0.0009487486771113271,-0.0022627002989844547,0.001887315149464025,-0.0002522798189282822
1660869470863632,-1.000808728160525,-0.1322652018005646,0.0186160067139695,0.004935110656024,0.0122546459132564,-0.0202103876342963,-0.0032679665791773,0.0023990742669513,-0.5495792093608307,0.0009869889988633606,-0.004453459337522725,-0.002915744587043384,0.004057681511556825
1660869470879614,-1.001052872510872,-0.1229877164873732,0.0221560997940031,0.0046932318814605,0.0135657521465689,-0.0196624622639731,-0.0032508664403392,0.0022471492116743,-0.5494975815868276,0.0009000354441541322,-0.00422784331908288,0.005725566653533243,0.0068379971324313855
1660869470895597,-0.9950713359273672,-0.1151750972762646,0.0199588006408788,0.0045405446380666,0.0150812680094141,-0.0189739275650769,-0.0032192475072939,0.0021130984846572,-0.549418563531039,0.0007168688732806816,0.001578323937979742,0.012184367278177649,0.004176628181376374
1660869470911579,-0.9940947585259784,-0.1166399633783475,0.0151979858091095,0.0044744939996813,0.0167020736718879,-0.0181461108230116,-0.003172070693139,0.0019999453609972,-0.549340780627263,0.0005650616624537705,0.002299411205431756,0.009647551058485276,-0.0005257679853536337
1660869470927561,-0.9932402532997636,-0.120180056458381,0.0165407797360188,0.0044887387504264,0.0183314724161904,-0.0171832307818366,-0.0031096303804575,0.0019098999205071,-0.5492629297982649,0.0004884428197484303,0.002838524788481789,0.005496712180606614,0.0007353233474001013
1660869470943543,-0.9910429541466392,-0.1259174486915389,0.0209353780422674,0.0045746689113269,0.0198915834756243,-0.0161047793426385,-0.0030333346393048,0.0018441883223266,-0.5491838300496876,0.0005341727128982417,0.004532241547445581,-0.0002166120472961719,0.004616929488283829
1660869470959525,-0.995925841153582,-0.1299458304722667,0.0216678110933088,0.0047233634010111,0.0213238817835979,-0.014948349657278,-0.002945307416783,0.0018024582920551,-0.5491024521398066,0.0006210387238224373,-0.0003155809135474419,-0.0038204944452215894,0.004814426285392706
1660869470975507,-0.9943389028763256,-0.1283588921950103,0.0208133058670938,0.0049268233433782,0.0225946105797228,-0.0137617809766115,-0.0028479696767204,0.0017827659940027,-0.5490179134268641,0.0006811638079490192,0.0011442216273379602,-0.002010200551168656,0.003563928953259937
1660869470991490,-0.9964141298542764,-0.1284809643701839,0.0209353780422674,0.0051776128858944,0.0236984673682128,-0.0126025283102561,-0.0027435914762666,0.0017827184888972,-0.5489294468312118,0.0007326116874047931,-0.0008379048155514601,-0.0019190454537080237,0.003317401015590183
1660869471007472,-0.9934843976501108,-0.1283588921950103,0.0225223163195238,0.0054668308343636,0.0246489307154439,-0.0115400941894803,-0.0026338782987019,0.001800546181568,-0.5488363895490254,0.0008006497536227481,0.0018826446497527405,-0.0016172759506809797,0.004413905363561926
1660869471023454,-0.992507820248722,-0.1267719539177539,0.0208133058670938,0.0057814984284928,0.0254655901804945,-0.0106480693196309,-0.0025197342321568,0.0018345276506758,-0.5487382374139017,0.0008347309784445402,0.002573299846027388,-2.730390608213229e-05,0.0024344054200187357
1660869471039436,-0.9905546654459448,-0.1249408712901503,0.015075913633936,0.0061031303116772,0.0261679202250816,-0.0099877531618437,-0.0024012533305728,0.0018815042523376,-0.5486347493665017,0.0008057654786369555,0.004073809183923971,0.001623400849369322,-0.002972688131825156
1660869471055418,-0.9892118715190356,-0.1268940260929274,0.011657892729076,0.0064088225797415,0.0267731179045723,-0.0095914818407439,-0.002277901206085,0.001936793999024,-0.5485260331366376,0.0007897809819906185,0.004874942799749982,-0.0002967785580670068,-0.005751638133016639
1660869471071400,-0.9932402532997636,-0.1281147478446631,0.0145876249332417,0.0066749256291955,0.0272977457830082,-0.0094531154184959,-0.0021488048871311,0.0019956526109015,-0.5484125686725677,0.0007929840842502993,0.0007619049171196934,-0.0013657502788224085,-0.002539715335965847
1660869471087382,-0.9939726863508048,-0.130434119172961,0.0109254596780346,0.006882057212661,0.0277629406590455,-0.0095323859542064,-0.0020130158238718,0.0020544294278316,-0.5482951688175294,0.0008016785218293473,2.652467947061865e-05,-0.0033166094464082696,-0.005581692532055652
1660869471103332,-0.9984893568322272,-0.1331197070267796,0.0110475318532081,0.0070194125054808,0.0281990608043264,-0.0097695012346919,-0.0018696287879917,0.0021109343569988,-0.5481748778451441,0.0008291768674926085,-0.004041131221756533,-0.005401977570204192,-0.004913658321193937
1660869471119314,-0.9939726863508048,-0.1323872739757381,0.0103150988021667,0.0070865579166113,0.0286456273627496,-0.0101000767706735,-0.0017177508378599,0.0021644311577191,-0.5480528244796524,0.000880103173743375,0.0004279853336992545,-0.004202590067246409,-0.005081482235011805
1660869471135295,-0.9923857480735484,-0.1336079957274738,0.012512397955291,0.0070921532265147,0.0291429700223204,-0.01046676984922,-0.0015564223042792,0.0022150100504322,-0.5479300776924231,0.0009595554680092494,0.001813431249859998,-0.00488098063708392,-0.0025957647736987548
1660869471151277,-0.99482719157702,-0.1333638513771267,0.0117799649042496,0.0070503016393253,0.0297191987302964,-0.0108263882790809,-0.001384610940327,0.0022629600961389,-0.5478075379192572,0.001017719420941743,-0.0005652110282504674,-0.004173152658063117,-0.00299537804226614
1660869471167259,-0.9978789959563592,-0.1293354695963989,0.0119020370794231,0.0069759009391828,0.0303811752527426,-0.0111505474145756,-0.0012013278141944,0.0023091259488854,-0.5476858751177742,0.0010046405715267454,-0.0032553138668306447,-0.00013029378960180416,-0.0025859752803833753
1660869471183241,-0.9964141298542764,-0.124452582589456,0.0112916762035553,0.0068806245508312,0.0311097264376749,-0.0114233421646812,-0.0010058456056762,0.0023553992849583,-0.5475655334017863,0.0009345250658615576,-0.001611402988273003,0.004277333895606986,-0.002876702540626058
1660869471199222,-0.9964141298542764,-0.126161593041886,0.0112916762035553,0.0067709106983604,0.0318591010002962,-0.0116407931877819,-0.0007979653862361,0.0024042291397221,-0.547446800951497,0.0008974796885745138,-0.0014502626894457027,0.0023114910988592807,-0.0025890322865634516
1660869471215204,-0.9938506141756314,-0.1267719539177539,0.0132448310063324,0.0066486883608039,0.032566474958377,-0.011810483730285,-0.0005782250324985,0.0024575599727285,-0.5473299005181104,0.0008796092317764746,0.0010019276902792917,0.001531017200692264,-0.0005722897354077158
1660869471231186,-0.9917753871976808,-0.1288471808957046,0.0134889753566795,0.0065147916863042,0.0331669506554725,-0.0119475343280736,-0.0003479555012178,0.0025159690746218,-0.5472150452365295,0.0009008655546264683,0.0027694392014069313,-0.0004897887995325978,-0.0002953308465545538
1660869471247167,-0.9934843976501108,-0.1332417792019531,0.011657892729076,0.006374050327733,0.0336058331396101,-0.0120678624057516,-0.0001091912840143,0.0025784818261358,-0.547102417819627,0.0009763488111216738,0.0009543858740792555,-0.004395948395202992,-0.001913772126742248
1660869471263149,-0.9956816968032348,-0.1340962844281681,0.0154421301594567,0.006240043108131,0.033850853825741,-0.0121827983847015,0.0001355403050316,0.0026431865063888,-0.5469920606509119,0.0010385426112581736,-0.0011186219511403195,-0.004725408259276198,0.0016834187732746066
1660869471279131,-0.999343862058442,-0.1348287174792095,0.0134889753566795,0.0061371596505994,0.0339010324205085,-0.0122958601292468,0.0003835414364467,0.0027079925899094,-0.5468837115564567,0.0010986257494218965,-0.004302708485712681,-0.004912057179285834,-0.00024276242655233218
1660869471295112,-0.997634851606012,-0.137270160982681,0.0120241092545967,0.0060984824228595,0.0337812196013383,-0.0124002757605564,0.0006322668307341,0.0027708466635499,-0.5467766500366708,0.0011988470661056273,-0.0023343282299543855,-0.006618150614481594,-0.0015368656757716193
1660869471311094,-0.9918974593728542,-0.1365377279316395,0.0112916762035553,0.0061596799114031,0.0335288065985992,-0.0124790446850954,0.0008795072858693,0.0028296327578878,-0.5466696134250328,0.0012942702585774172,0.003062757602882993,-0.0052971458070960875,-0.002042368854131716
1660869471327076,-0.9910429541466392,-0.1348287174792095,0.0132448310063324,0.0063506975453389,0.0331882337046672,-0.0125089313204598,0.0011234593356588,0.0028824836450823,-0.5465608196874958,0.001355424405998778,0.003525536546188257,-0.0032293218191994655,-8.029264621915375e-05
1660869471343057,-0.9905546654459448,-0.1343404287785153,0.0153200579842831,0.0066879279319047,0.0328105726534352,-0.0124656428538239,0.0013627907021354,0.0029284821843763,-0.5464481114820194,0.0014027272826061096,0.003612442722194298,-0.0024669298066547496,0.0017954408985583915
1660869471359039,-0.9898222323949036,-0.131288624399176,0.0132448310063324,0.0071692511526363,0.0324475244704825,-0.0123292787376738,0.0015967038344603,0.0029678321991012,-0.546329209746836,0.0014117265326669256,0.00391038819591194,0.0005263871154161104,-0.00025180747145307596
1660869471375021,-0.9889677271686884,-0.1306782635233081,0.0160524910353245,0.0077729006584393,0.0321430628626241,-0.012090908230402,0.0018249481362495,0.0030014779282312,-0.5462020227581732,0.0014134811992630846,0.004288404079914376,0.0010230731921555825,0.002300267301785121
1660869471391002,-0.989089799343862,-0.1314106965743496,0.0139772640573738,0.0084595979006874,0.0319287480761383,-0.0117572581865919,0.0020477869535181,0.0030312502661859,-0.5460649365502755,0.0014304707465172708,0.0037496987142667804,0.0002615761270026995,0.00020253629145097936
1660869471406984,-0.9921416037232014,-0.1359273670557717,0.0177615014877545,0.0091766944320282,0.0318191736207539,-0.0113510298229598,0.0022659206265158,0.00306043526433,-0.5459170476346943,0.001486778123528472,0.0006281049014346118,-0.0038295849189774467,0.0035880963496485105
1660869471422912,-0.9910429541466392,-0.1367818722819867,0.015930418860151,0.009863017768618,0.031806956439846,-0.0109068886466206,0.0024803285613306,0.003093657762789,-0.5457583352802328,0.0015575102937856905,0.0015540790301971086,-0.004215681130673221,0.0015813123498405104
1660869471438894,-0.9901884489204242,-0.1316548409246967,0.0123903257801174,0.010453600633696,0.0318621156191271,-0.0104623529531964,0.0026920198309861,0.0031360631822602,-0.545589769606092,0.0015595635201421972,0.0021677258307708502,0.0008202152039551158,-0.0017629026571737809
1660869471454876,-0.9939726863508048,-0.1292133974212253,0.0172732127870602,0.0108843850889375,0.0319340187364782,-0.0100489156368488,0.0029017209989747,0.0031921473668241,-0.5454133512526866,0.0015056041065157001,-0.0014548604396487086,0.002935492836683845,0.0028079859147921177
1660869471470857,-0.9916533150225072,-0.1293354695963989,0.0143434805828945,0.0110974874917695,0.0319552440701402,-0.0096927085710781,0.0031095712967267,0.0032639810429604,-0.545232081012777,0.0014732906850896724,0.0007780597997840699,0.0025320785953592273,-0.00010957166043622409
1660869471486839,-0.9966582742046236,-0.1301899748226139,0.013366903181506,0.0110471903015094,0.0318549576614909,-0.0094203989925801,0.0033149634157895,0.0033498253183149,-0.5450498328313562,0.001427985133139819,-0.0038042094440990937,0.001509816032229827,-0.0009775341556422512
1660869471502821,-0.9971465629053178,-0.1344625009536888,0.0105592431525138,0.0107061946853257,0.031575502289045,-0.0092564089541427,0.0035166042920192,0.0034449831793197,-0.5448710959977,0.0014467598928905635,-0.0038632483303139287,-0.002486439088960568,-0.003406674766171007
1660869471518802,-0.9967803463797972,-0.1350728618295567,0.0087281605249103,0.0100713435897777,0.0310728914362985,-0.0092103315630894,0.0037126327067455,0.0035440952304197,-0.5447006030188656,0.001481221249642934,-0.003147328624314105,-0.0027871199683456027,-0.004713981654397056
1660869471534784,-0.9990997177080948,-0.1366598001068131,0.0095826657511253,0.0091675845503204,0.0303088349598515,-0.0092680128765263,0.0039005989829406,0.0036423590161447,-0.5445428990418169,0.001529464930352072,-0.004920029957350525,-0.003936652421041825,-0.0034735287853638504
1660869471550766,-1.001297016861219,-0.1384908827344167,0.0119020370794231,0.0080484039902266,0.0292612935242096,-0.0093947195446993,0.0040774394839674,0.0037355266753604,-0.5444018955580707,0.0015936905900349233,-0.006405596199427155,-0.005190961543780875,-0.0010387417113594446
1660869471566747,-1.004837109941253,-0.1394674601358052,0.009094377050431,0.0067913011856371,0.0279477687987014,-0.0095443861720508,0.004239735188616,0.003820235547585,-0.5442804522756229,0.001675693087143139,-0.00895112035151513,-0.005550785050652429,-0.0034617615663163903
1660869471582729,-1.005935759517815,-0.1444724193179217,0.0077515831235217,0.0054883354430989,0.0264314776243028,-0.0096684646864251,0.0043842467515224,0.0038946847073049,-0.5441800652725957,0.001836410323422317,-0.009044792935269497,-0.00950016980949206,-0.004324099943903121
1660869471598711,-1.004348821240558,-0.1452048523689631,0.0078736552986953,0.0042333422767946,0.0248049468299249,-0.0097247253081198,0.0045084493000544,0.0039584951799424,-0.5441007428017187,0.0019988718803872116,-0.006712069192211123,-0.009209342574480112,-0.0037818249918565704
1660869471614692,-0.9981231403067063,-0.1437399862668802,0.0071412222476539,0.0031084876332783,0.0231677925161395,-0.0096827459015965,0.0046108568583909,0.0040118125961927,-0.5440410983309776,0.002122513994874748,-0.0004377494325235043,-0.006970028825157487,-0.004062832238608174
1660869471630674,-0.9934843976501108,-0.1421530479896238,0.0120241092545967,0.0021735180004534,0.0216103326277693,-0.0095238239783423,0.0046911010026819,0.0040549862156929,-0.5439986252923177,0.0021912360659012368,0.003780893901664917,-0.004844781493110989,0.0007380492915011628
1660869471646656,-0.9953154802777142,-0.1361715114061188,0.0127565423056381,0.0014606485933385,0.020204876993376,-0.0092416304464745,0.0047498380212575,0.004089049082338,-0.5439700849136632,0.0021694312253869017,0.0017548301466553395,0.0010230795813546134,0.0013234341082883072
1660869471662637,-0.9950713359273672,-0.1326314183260853,0.0078736552986953,0.0009759349633214,0.0190025005658604,-0.0088447125482978,0.0047885861153056,0.0041158693586333,-0.5439519278489444,0.0021166125724093633,0.001799077047302089,0.004106855395249298,-0.0032035076087890448
1660869471678619,-0.9958037689784084,-0.1345845731288624,0.0101930266269931,0.0007054397561534,0.0180330764064612,-0.0083567041040922,0.0048095514215283,0.0041379738130787,-0.5439406599587793,0.0020895144589026704,0.0009599795966348523,0.0019383305332249523,-0.0007957226524421199
1660869471694601,-0.9956816968032348,-0.1370260166323338,0.009948882276646,0.0006230783725688,0.0173056817450561,-0.0078167233369253,0.0048154595855658,0.0041585583744838,-0.5439330931781319,0.00210020853840674,0.0009738465946275143,-0.00045280167322178655,-0.0009358803025102981
1660869471710582,-0.9929961089494164,-0.1348287174792095,0.0105592431525138,0.0006969238684588,0.0168084402047346,-0.0072786176717943,0.0048093876833349,0.0041807319655096,-0.5439264948944046,0.0020774593849741405,0.003293491003601434,0.0015700477319122719,-0.0002929674839782497
1660869471726564,-0.9972686350804914,-0.1322652018005646,0.0120241092545967,0.0008919300359828,0.0165135205073593,-0.0068020625722973,0.0047945910938509,0.0042060336427868,-0.5439186773148742,0.002015401363681613,-0.0008811316147261383,0.0037202070695014355,0.001054708756294185
1660869471742492,-0.9947051194018464,-0.1300679026474403,0.0084840161745631,0.001169252024644,0.0163858437490502,-0.0064394246322805,0.004774337196338,0.0042343621981105,-0.5439080522860843,0.0019441196401785094,0.001514145657526944,0.005325755600363163,-0.002236845891365474
1660869471758473,-0.9912870984969864,-0.1318989852750438,0.0117799649042496,0.0014841697710324,0.0163834262838994,-0.0062261987065657,0.0047517109685598,0.0042654155038652,-0.5438936885677186,0.0018945964391225004,0.004438949906148237,0.0031452056754837088,0.0009531925544889221
1660869471774455,-0.9906767376211184,-0.1349507896543831,0.013366903181506,0.001785058615063,0.0164522072945052,-0.0061730505048071,0.0047293170186601,0.0042991423655753,-0.543875410541826,0.001888735961535737,0.004544379703814494,8.406116652995288e-05,0.002286117748570791
1660869471790436,-0.9921416037232014,-0.1360494392309453,0.0098268101014724,0.0020153621555239,0.0165282784877755,-0.0062562048717882,0.0047088908932851,0.0043348906365701,-0.5438539105104215,0.0019126532270331662,0.0027715622415583896,-0.0009131295690290309,-0.0011285777983165279
1660869471806417,-0.9901884489204242,-0.1293354695963989,0.0037232013427939,0.0021193552692197,0.0165444105823475,-0.0064079478752916,0.0046908945093063,0.0043715084004996,-0.5438307872905,0.00187645749359226,0.004252245339901983,0.005220756058965631,-0.006508967901295525
1660869471822398,-0.9961699855039292,-0.1288471808957046,-0.0007934691386282,0.0020508372161982,0.0164361010947893,-0.0065150933307365,0.0046741544288588,0.0044085711363307,-0.5438084544109142,0.0018595495578977712,-0.0015563621192427046,0.005138140283693943,-0.009923074544445864
1660869471838379,-0.9998321507591365,-0.1249408712901503,-0.0001831082627603,0.0017826056971104,0.0161512883887046,-0.0064391321278227,0.0046556836120756,0.0044467162969,-0.5437899153818176,0.0018004430761599953,-0.0046966746370048496,0.008140004900323405,-0.008381442301720166
1660869471854361,-0.9997100785839628,-0.1262836652170596,0.0055542839703974,0.0013138569801081,0.015659918783445,-0.0060562918365883,0.0046308773865473,0.0044871403009796,-0.5437784113361386,0.0017330625049109328,-0.004117142215647962,0.00611748987607269,-0.0023796450617062197
1660869471870342,-0.9986114290074006,-0.1383688105592431,0.0075074387731746,0.0006727590678098,0.0149629948395803,-0.005293265556717,0.0045941413631049,0.004531759375562,-0.5437769724400753,0.0018050075693239586,-0.0027166433751772967,-0.005370889919499716,-0.00038384123303611666
1660869471886323,-0.9980010681315328,-0.152895399404898,0.0153200579842831,-8.688193890023796e-05,0.0141078124176755,-0.0041478696102439,0.004539913044847,0.0045835547278112,-0.5437879684147499,0.00200079132733838,-0.0018956542493785422,-0.017907730888639145,0.006685900180265145
1660869471902304,-0.9994659342336156,-0.1532616159304188,0.0241092545967802,-0.0008935748871841,0.0131917841420065,-0.0027038431531821,0.004463957329874,0.0046461185778744,-0.5438127586209281,0.0021621562652771697,-0.0030244683163153097,-0.016446552672743947,0.013927587113486021
1660869471918285,-0.9986114290074006,-0.1441062027924009,0.0250858319981688,-0.0016682198540105,0.0123313885869901,-0.00113040917798,0.0043645309693016,0.0047229331679085,-0.5438514871596586,0.0022102312583620973,-0.0019529667810903595,-0.006562025581253461,0.01341374806338716
1660869471934267,-0.997634851606012,-0.1276264591439689,0.0198367284657052,-0.0023339842048813,0.0116158286911301,0.0003550254751412,0.0042428601489826,0.0048166460888388,-0.5439030368428089,0.002048994196975519,-0.0008787504417314684,0.008925946260460699,0.007348180077831206
1660869471950248,-0.9932402532997636,-0.1228656443121996,0.0060425726710917,-0.0028242889600641,0.0110866636445107,0.0015516602837819,0.0041027478529174,0.0049278786110222,-0.5439651391694119,0.0018726719588658392,0.003164263078065166,0.012318084983006988,-0.005801378145104066
1660869471966229,-0.9923857480735484,-0.1315327687495231,0.001403830014496,-0.0030878563773985,0.0107503866860564,0.0023296570271966,0.0039496509536522,0.0050541610739383,-0.544034598019163,0.0018627485254668996,0.003616891473852246,0.0032858644911151202,-0.00939610872152979
1660869471982210,-0.99482719157702,-0.1337300679026474,0.0032349126420996,-0.0030906560310543,0.0105928681516596,0.0026449069421235,0.0037896682051355,0.0051903636709258,-0.544107555835964,0.001884643442888361,0.0010579031733425337,0.0009797088041917368,-0.00680852348453357
1660869471998191,-0.9937285420004578,-0.1342183566033417,0.0059205004959181,-0.0028160390853815,0.0105743378491802,0.0025180280783032,0.0036286185546843,0.0053305746773358,-0.5441797552868926,0.0019018794049384875,0.001940897474914216,0.00044227809314770217,-0.0037106420676435627
1660869472014173,-0.9898222323949036,-0.1327534905012588,0.0072632944228274,-0.0022656320989323,0.0106258928910772,0.0020090482206448,0.0034712457456481,0.0054695679982047,-0.5442468099912484,0.00189759180141807,0.005262486372421549,0.0017164297757075453,-0.0021310633266608363
1660869472030154,-0.989089799343862,-0.1370260166323338,0.0055542839703974,-0.0014627915897657,0.0106735750014125,0.0012088048979755,0.003320701087581,0.005602947833895,-0.544304527065193,0.0019647776338972125,0.005395427481116877,-0.0023004867198307133,-0.0034560664011817534
1660869472046135,-0.992507820248722,-0.1397116044861524,0.0037232013427939,-0.0004575734564757,0.0106710473957896,0.0002330440551351,0.0031784772625834,0.0057273258970119,-0.54434929843367,0.0020656031239161647,0.0017796659186312125,-0.004487467116284394,-0.004758434125906728
1660869472062103,-0.98970016021973,-0.1387350270847638,0.0046997787441824,0.0006699619848852,0.0106040068812196,-0.0007974187577749,0.003044701868927,0.0058410440310901,-0.5443785500040399,0.0021453066091204954,0.004128593352860865,-0.003159800743406188,-0.0034036710520664055
1660869472078084,-0.9876249332417792,-0.1356832227054245,0.0050659952697031,0.0018112435062328,0.0104683185997064,-0.0017773430336798,0.0029184718220854,0.005944132980338,-0.5443912114683841,0.002184255056026035,0.0055834382977303365,-9.719672766020371e-05,-0.0027337090738911345
1660869472094065,-0.9824979018844892,-0.1334859235523003,0.0003051804379339,0.0028378910677762,0.0102534531698483,-0.0026221828750165,0.0027980244510983,0.0060376101095799,-0.5443881095331642,0.0022485393204943263,0.009639422689518451,0.0018900921829175799,-0.006745071515094302
1660869472110046,-0.9815213244831008,-0.1328755626764324,0.0036011291676203,0.0036190245537664,0.009943982431498,-0.0032680925657593,0.0026808246060951,0.0061231519795741,-0.5443721464327351,0.002291890768797666,0.009554400081816072,0.0022504077529069133,-0.0031042105068671126
1660869472126028,-0.9879911497673,-0.135561150530251,0.0092164492256046,0.0040455297405278,0.0095267431054884,-0.0036793122955131,0.0025637412386684,0.0062026115236165,-0.544348148147402,0.0022946384334727246,0.002776117317855209,-0.00039166209082050485,0.00225999859600547
1660869472142009,-0.9953154802777142,-0.1401998931868467,0.0117799649042496,0.0040553889508799,0.0089949184757545,-0.003853187139813,0.0024433514459153,0.0062773489448666,-0.5443223182712837,0.0022978552089126113,-0.004093391873303154,-0.004527364272674583,0.004341162847185422
1660869472157990,-1.002883955138476,-0.1420309758144502,0.0148317692835888,0.0036522526498171,0.0083494471814475,-0.0038159147774588,0.0023162855877757,0.0063484764005897,-0.5443013276042972,0.0022793615276982294,-0.010495680060658485,-0.005722602210250283,0.00665367050387216
1660869472173971,-1.005691615167468,-0.1393453879606317,0.0155642023346302,0.0029108544867411,0.0075966329023648,-0.0036176289871056,0.0021795289338156,0.0064173819103484,-0.5442912084628351,0.0022339239033561443,-0.011973006080685411,-0.0027333129207885998,0.0066474931994222036
1660869472189952,-1.002151522087434,-0.136415655756466,0.0122682536049438,0.0019662261720092,0.0067486859352529,-0.003322744795003,0.0020306522548634,0.0064854750715326,-0.5442963046382054,0.002194753752998042,-0.007589621700586302,0.00017677735503940362,0.0030163900227622234
1660869472205934,-0.9994659342336156,-0.1369039444571603,0.0097047379262988,0.0009883177643276,0.0058394499529867,-0.0029859263469441,0.0018680204436473,0.006553901061103,-0.5443185154222898,0.0021885603259978923,-0.0044136304620912,-0.00028036021108940323,0.0004075869097055016
1660869472221915,-0.9988555733577478,-0.1409323262378881,0.0072632944228274,0.0001485409593707,0.0049407610387118,-0.0026345707731538,0.0016910573321785,0.0066236821627212,-0.5443570099714574,0.0022521410171419945,-0.003422942627601011,-0.0038778677926354643,-0.001830470934389308
1660869472237896,-0.9967803463797972,-0.1454489967193102,0.0087281605249103,-0.0004131352344478,0.0041490844967636,-0.0022814093692396,0.0015005117273281,0.0066959439924533,-0.544408471770862,0.0023656329202682933,-0.001212944084685419,-0.007555084446651816,-0.0003290443490757671
1660869472253877,-0.9932402532997636,-0.1436179140917067,0.0095826657511253,-0.0006137990161644,0.00355135810651,-0.0019456114339698,0.0012985291864845,0.0067722427799629,-0.5444678031277819,0.0024426765469892403,0.0020944340958133356,-0.00515160163714351,0.00047291478942530947
1660869472269858,-0.9887235828183414,-0.135561150530251,0.0122682536049438,-0.0004416928217655,0.0032061095686616,-0.0016523939499285,0.0010884393340619,0.0068544482470199,-0.5445291484376187,0.0023972413574112764,0.005949994119512025,0.0026146457318809713,0.002842652378919428
1660869472285840,-0.9899443045700772,-0.1326314183260853,0.015075913633936,4.42254450276038e-05,0.0031420053354519,-0.0014251136956185,0.0008743692414914,0.0069440717410283,-0.5445870347227278,0.0023057865422750922,0.004256345130998596,0.004989940142442001,0.005085281167120467
1660869472301821,-0.9857938506141756,-0.1303120469977874,0.0103150988021667,0.0007296737235053,0.0033524724777192,-0.0012899809471826,0.0006607968066105,0.0070422646346363,-0.5446373753657723,0.002226901720380288,0.007566119178210151,0.006578380323665922,0.000292019701816049
1660869472317802,-0.9883573662928208,-0.1266498817425803,0.0109254596780346,0.0014715584382164,0.0037885637128476,-0.0012762684470534,0.0004520371693406,0.0071501464427027,-0.5446781322090873,0.0021031816188961123,0.004502343149608401,0.009216491020985706,0.0008121425199155551
1660869472333783,-0.9887235828183414,-0.128725108720531,0.0083619439993896,0.0021292604002868,0.0043635894042295,-0.0014001527220351,0.0002516479662826,0.0072682041984465,-0.5447095311647653,0.0020343798737553088,0.003722513961679108,0.006427137638731484,-0.0015762358428565004
1660869472349764,-0.9938506141756314,-0.1268940260929274,0.007385366598001,0.0025940773618814,0.0049665104407641,-0.0016541755747653,6.185258906047698e-05,0.0073957828517521,-0.544733795040088,0.001935963731992285,-0.001264065656049862,0.007432398239701571,-0.0022975319198205914
1660869472365746,-0.9956816968032348,-0.1322652018005646,0.0083619439993896,0.0028104729810848,0.0054787903546214,-0.0020123981894013,-0.0001168487013665,0.0075313254352154,-0.5447544620095494,0.0019044484078261364,-0.002785633455288039,0.0018551002788579352,-0.0011888590665887922
1660869472381713,-0.9971465629053178,-0.1340962844281681,0.0046997787441824,0.0027841659476386,0.0057981689366304,-0.0024366184156085,-0.0002857409028161,0.0076719004958975,-0.5447754823079188,0.001916771421703366,-0.00382544960163389,2.1615886129006112e-05,-0.004365921889616393
1660869472397695,-1.000320439459831,-0.1387350270847638,0.0027466239414053,0.0025754716207521,0.0058644230947543,-0.0028801396936842,-0.0004475734671691,0.0078123166104137,-0.5448003130385599,0.0019934711014819944,-0.006299393540532439,-0.004155414093420018,-0.005687169023154143
1660869472413676,-1.000198367284657,-0.1414206149385824,0.0053101396200503,0.0022801770950518,0.0056727746473897,-0.0032937481404012,-0.0006059293046331,0.0079458486385437,-0.5448311955417732,0.002086422823870853,-0.005559589228822603,-0.006156901752514765,-0.0028112880100582298
1660869472429657,-0.9964141298542764,-0.1400778210116731,0.0086060883497367,0.0020031969802678,0.0052708193849301,-0.0036295872389652,-0.0007644828583269,0.0080666435646782,-0.5448687678240224,0.0021415637851543165,-0.0015978166185977027,-0.0043326970430448974,0.00043619464766535276
1660869472445638,-0.9905546654459448,-0.1386129549095902,0.0103150988021667,0.0018320601801654,0.0047463255205601,-0.0038421046924934,-0.0009263447157317,0.008172156409339,-0.5449120955146363,0.0021731252979466957,0.003835483010760421,-0.0025810478468658027,0.0019306845900858172
1660869472461619,-0.9899443045700772,-0.1408102540627145,0.010803387502861,0.0018172229251096,0.0042106234870966,-0.0038934468704253,-0.0010935804066928,0.0082638023529169,-0.5449590978076125,0.002230875042660225,0.004001259497965259,-0.004300512299991094,0.0021770759617021074
1660869472477601,-0.9910429541466392,-0.135561150530251,0.0106813153276874,0.0019638047506654,0.0037773904288516,-0.0037652044221554,-0.0012669225878871,0.0083451185330664,-0.545007234439745,0.0022144606201717513,0.0026123489292628754,0.0008537321092251526,0.0018495034078756557
1660869472493582,-0.9905546654459448,-0.1316548409246967,0.0093385214007781,0.0022354773641312,0.0035404917475322,-0.0034661497170773,-0.0014457056485443,0.0084196285031433,-0.5450542288439982,0.0021588357029044963,0.0027905738669614655,0.0042840375433015054,0.0004560385328697212
1660869472509563,-0.9900663767452508,-0.1276264591439689,0.0104371709773403,0.0025677957982869,0.0035598176078739,-0.0030272262972855,-0.0016280408973128,0.0084909803695055,-0.5450986130065086,0.0020542997916899422,0.00295097631089003,0.007481177391626376,0.001399219298488727
1660869472525544,-0.9939726863508048,-0.127870603494316,0.0126344701304645,0.0028864728934015,0.0038572216305062,-0.002493333628515,-0.0018111707791219,0.008564019747368,-0.5451400035628317,0.0019382790374827801,-0.000859799965197583,0.006513329737151352,0.003236866606451635
1660869472541525,-0.99482719157702,-0.1325093461509117,0.0140993362325474,0.0031254856357875,0.0044147030570776,-0.0019220998301223,-0.0019919014942219,0.0086438895828985,-0.5451791209777812,0.0018821623632688704,-0.0015428746722715436,0.0016871283725000963,0.004231559437681082
1660869472557507,-0.9938506141756314,-0.1356832227054245,0.0111696040283817,0.0032402762515965,0.0051748016672298,-0.0013808752465463,-0.0021670623595206,0.0087337248678887,-0.5452175831085327,0.0018925525474009388,-0.0005096675437945564,-0.0013380733638114206,0.001171644510163843
1660869472573488,-0.9983672846570536,-0.1310444800488288,0.0121461814297703,0.00321328137215,0.0060534668442603,-0.0009357181297889,-0.0023339293583125,0.008833864476457,-0.5452575259493119,0.001821942953050998,-0.004523704222695102,0.002970602363505853,0.001933399720397199
1660869472589469,-0.99995422293431,-0.126161593041886,0.0092164492256046,0.0030517005587582,0.0069622561609968,-0.0006391246869629,-0.0024904989182176,0.0089430582409861,-0.5453011689478499,0.0017074817874452293,-0.005499578249956394,0.007068140433403786,-0.0008966992353916497
1660869472605450,-0.9937285420004578,-0.1276264591439689,0.0081177996490424,0.0027793591130762,0.0078233206602191,-0.0005182431269991,-0.0026356003736606,0.0090595434371647,-0.5453504707193092,0.0016486038781776222,0.0006534924155061628,0.0050429468981888215,-0.0017958139307584654
1660869472621431,-0.9988555733577478,-0.1298237582970931,0.0079957274738688,0.0024257517217367,0.0085732223070228,-0.0005660381397405,-0.002768960739527,0.0091812393500627,-0.5454069563310525,0.0016132723102370982,-0.004026185047605435,0.002561082970558154,-0.0017260974953388596
1660869472637413,-0.9966582742046236,-0.1310444800488288,0.0050659952697031,0.0020158358354883,0.0091645207198601,-0.0007460824035281,-0.0028912483221674,0.0093059741358427,-0.5454717141965602,0.0016237676560571786,-0.00164599730503312,0.0012063250969402417,-0.004190246729554103
1660869472653394,-0.9967803463797972,-0.1351949340047303,0.0059205004959181,0.0015632833303668,0.0095690818492645,-0.0010097677290091,-0.0030039945081125,0.009431531545895,-0.5455455293756752,0.001680686280556765,-0.0015912625321859997,-0.0026497159730651254,-0.003002167353005193
1660869472669375,-0.9972686350804914,-0.1366598001068131,0.0071412222476539,0.0010683620668538,0.0097801987842731,-0.0013120526568526,-0.0031093461954866,0.0095551803815167,-0.5456290930758273,0.0017413585828769508,-0.0018715961095920886,-0.0037031238676331624,-0.0016033010411424537
1660869472685356,-0.9962920576791028,-0.1380025940337224,0.008239871824216,0.0005204617682475,0.0098086903725323,-0.0016185634033339,-0.0032097392354418,0.0096740721190849,-0.5457231911239686,0.0018069082017499439,-0.0008055168373831689,-0.004541326015088193,-0.00045418631812231894
1660869472701294,-0.9964141298542764,-0.138124666208896,0.0077515831235217,-9.564041079917302e-05,0.0096728656894394,-0.0019039091816108,-0.0033076468007638,0.009786801159587,-0.5458288005979822,0.001871167239532124,-0.0008348301113010326,-0.004197058371235629,-0.0008482275169349575
1660869472717275,-1.000686655985351,-0.1361715114061188,0.0098268101014724,-0.0007914200592182,0.0093916128039857,-0.0021471892223375,-0.0034054698831164,0.0098936172528005,-0.5459470922324243,0.001887597042017533,-0.0045966206181379254,-0.002019513211612589,0.0011042995149141682
1660869472733256,-0.9989776455329212,-0.1356832227054245,0.0103150988021667,-0.0015661081691469,0.0089849580065326,-0.0023355987666471,-0.0035054753385782,0.0099944263575337,-0.5460793355051367,0.001896015259847444,-0.002598849149137439,-0.0013781020598264415,0.0014333293940476197
1660869472749237,-0.9992217898832684,-0.1342183566033417,0.0105592431525138,-0.0024002498564859,0.0084740535695177,-0.0024716071486778,-0.0036096869901906,0.0100878111834356,-0.5462266653676856,0.001884273650500494,-0.0025586941495361337,7.808763803071606e-05,0.0015097263699552482
1660869472765218,-0.9970244907301442,-0.1348287174792095,0.0078736552986953,-0.003253456824366,0.0078805206807802,-0.0025688666640278,-0.0037197689917066,0.0101726483662719,-0.5463897346745525,0.0018986029640936596,-0.00032525549677075993,-0.00047904591405337205,-0.0010582753354769266
1660869472781200,-0.9973907072556648,-0.1360494392309453,0.0100709544518196,-0.0040675897178087,0.0072367648449237,-0.0026418286186008,-0.0038369001354405,0.0102491777434819,-0.5465683859772626,0.0019137321866196473,-0.0006223248200623033,-0.001529790899210265,0.001025121435882636
1660869472797181,-1.002639810788128,-0.1366598001068131,0.0100709544518196,-0.0047753752098848,0.0066024229682313,-0.0027024279787044,-0.0039615174820552,0.0103181574167876,-0.5467614537572713,0.0019388007795583526,-0.005284285517273002,-0.001926136597570266,0.0009226092922943723
1660869472813162,-1.002029449912261,-0.1423971923399709,0.0117799649042496,-0.0053132527420638,0.0060632535417494,-0.002762461040075,-0.004092957392809,0.0103807942762904,-0.5469667261270418,0.002030051502372417,-0.00420653217726541,-0.0068971759476552374,0.0023684577702519326
1660869472829143,-0.9986114290074006,-0.1439841306172274,0.0109254596780346,-0.0056359121609637,0.00570846297253,-0.0028374812673505,-0.0042292361207416,0.0104397329526236,-0.5471811052777453,0.0021365886653082486,-0.0007096601451644924,-0.007635702802420569,0.0013625572896332396
1660869472845124,-0.9916533150225072,-0.1401998931868467,0.0117799649042496,-0.0057287922798744,0.0056107545141306,-0.0029479337537903,-0.0043671054474366,0.0104986555369842,-0.5474010042374711,0.0021715662797027867,0.005623608455756046,-0.003466318834835891,0.001995356264263415
1660869472861106,-0.9893339436942092,-0.134706645304036,0.010803387502861,-0.0056140324809727,0.0058190027270566,-0.0031100070264129,-0.0045023292109415,0.0105607757168904,-0.5476229086430768,0.0021365830952401813,0.007148681805648649,0.0018242361431773102,0.0009169009765873336
1660869472877087,-0.9883573662928208,-0.1286030365453574,0.0083619439993896,-0.0053460725335434,0.006347308829872,-0.0033241878131697,-0.0046301686768,0.0106280968660239,-0.5478439389459357,0.0020403826193526,0.007312733286333306,0.007135060411670335,-0.0013720882741956597
1660869472893068,-0.9851834897383078,-0.1242084382391089,0.0083619439993896,-0.0049965441486818,0.0071577985316041,-0.0035769467134234,-0.0047461019011192,0.0107014206290712,-0.548062243282141,0.0019096811810569506,0.009437948856761635,0.010376692846126967,-0.0012348794467760948
1660869472909049,-0.9923857480735484,-0.1223773556115053,0.0086060883497367,-0.0046327270543528,0.0081570739419744,-0.0038514679438814,-0.0048466372207277,0.010780599493119,-0.548277090490703,0.0017623592281197466,0.0020121214693690215,0.010986997926357503,-0.0008916615867860973
1660869472925030,-0.9950713359273672,-0.1246967269398032,0.0088502327000838,-0.0042966596524436,0.0092166846012048,-0.0041355127096936,-0.0049299352388148,0.0108652555716205,-0.5484886151472372,0.0016550342849346224,-0.000606119746004774,0.0078008639382536465,-0.000582765512795097
1660869472941012,-0.9964141298542764,-0.1325093461509117,0.0109254596780346,-0.0039921354379999,0.0102085376414937,-0.0044229387059597,-0.004996006302239,0.0109555113306224,-0.5486972941289474,0.001640571941276479,-0.0017540223056226045,-1.0579745569366805e-05,0.0013432153186401334
1660869472956993,-0.9955596246280614,-0.1367818722819867,0.0111696040283817,-0.0036845465759225,0.0110389583740226,-0.0047083440789928,-0.0050464422186056,0.0110515720458853,-0.5489033421381407,0.0016831026553852143,-0.0008095653714669249,-0.0038547952889799453,0.001428623702088511
1660869472972974,-0.997634851606012,-0.140688181887541,0.0094605935759517,-0.0033140501397635,0.0116653404843752,-0.0049826847074743,-0.0050838357675594,0.0111525702051815,-0.5491062278641294,0.0017796372262679529,-0.0025963131144757234,-0.006984994405080824,-0.0002523480753073397
1660869472988955,-0.9956816968032348,-0.1445944914930952,0.008239871824216,-0.0028176632728186,0.0120904501539238,-0.0052416747874957,-0.0051111083587663,0.0112567749075956,-0.5493044496438048,0.001929981513747122,-0.0005788424805287518,-0.009802173609571502,-0.0013257628443387355
1660869473004936,-0.9866483558403908,-0.1448386358434424,0.0109254596780346,-0.0021530229681035,0.0123457566751531,-0.0054984325097244,-0.0051309084936076,0.0113630185108234,-0.5494956538742461,0.0020722889428424016,0.007609048634083737,-0.009041686163926838,0.0012238425085318774
1660869473020874,-0.98115510795758,-0.1400778210116731,0.0061646448462653,-0.0013159906379414,0.0124753163850727,-0.0057804670619495,-0.0051451988110585,0.0114706369362572,-0.5496771056401503,0.0021839731117862405,0.011792066865205064,-0.0038527841989418055,-0.0031832750909136795
1660869473036854,-0.97944609750515,-0.1343404287785153,0.0060425726710917,-0.000345866710986,0.0125213149589844,-0.0061115992775943,-0.0051551392498825,0.0115780134765004,-0.5498463652616473,0.002231079374603134,0.012150969585871585,0.0016961472307943926,-0.0029748125394785533
1660869473052835,-0.9799343862058444,-0.1360494392309453,0.0068970778973067,0.0006838239911016,0.0125115078171841,-0.0064976406361039,-0.0051612869065273,0.011682344727503,-0.5500019145777186,0.0023014174332680144,0.010496412796659471,-1.1576899472065527e-05,-0.0019082765819371976
1660869473068816,-0.9860379949645228,-0.138979171435111,0.0050659952697031,0.0016853817441823,0.0124515070440346,-0.0069272045219684,-0.0051639903186237,0.0117806376832594,-0.5501435291402534,0.002381838048779496,0.003953523634182887,-0.00264717819327398,-0.0033654232885867164
1660869473084797,-0.9936064698252842,-0.1437399862668802,0.0075074387731746,0.0025799925348885,0.0123224325441163,-0.0073823481947316,-0.005163807622008,0.0118705079561829,-0.5502723069759266,0.0024573012366889,-0.0032534561039205823,-0.006667193722538878,-0.0008315818066036941
1660869473100777,-0.9960479133287556,-0.1454489967193102,0.0057984283207446,0.003315295975424,0.0120851486444929,-0.0078473529079322,-0.0051618339623727,0.0119507056136024,-0.550390374868669,0.0025472097969026623,-0.0051254096466527566,-0.007538583757471989,-0.0022865330331303243
1660869473116758,-0.994216830701152,-0.1458152132448309,0.0075074387731746,0.0038720252792046,0.0116950045449931,-0.0083096290411286,-0.0051598587475033,0.0120210050073132,-0.5505004117910779,0.0026358946659049355,-0.0029648943171441955,-0.00711432025469344,-0.0005197703226302907
1660869473132739,-0.9915312428473336,-0.1494773785000381,0.0057984283207446,0.0042593741384969,0.0111257275528344,-0.0087555419128653,-0.0051602683886978,0.0120812639368423,-0.5506051729652864,0.0027843840543669736,-0.00025137581699330447,-0.009698836958910578,-0.002005902697554262
1660869473148719,-0.9904325932707714,-0.1498435950255588,0.001403830014496,0.0045032684564502,0.0103906151872709,-0.0091676890241924,-0.0051656643326619,0.0121309260075549,-0.550707141193146,0.0029505038428325565,0.0007625463836120616,-0.009058548135988137,-0.005760450903422576
1660869473164700,-0.9860379949645228,-0.1533836881055923,0.0025024795910582,0.0046337274108312,0.0095463112545711,-0.0095272356361986,-0.005178309679327,0.0121692855271884,-0.5508083621707673,0.0031565687674126233,0.004641430220874598,-0.011338777094419467,-0.004195621194174338
1660869473180681,-0.9893339436942092,-0.1517967498283359,0.0042114900434881,0.0046764823282144,0.0086768550697816,-0.0098210191470886,-0.0051996223520503,0.0121958551679376,-0.5509104443428534,0.0033001633542187967,0.0012109333420694535,-0.008776654935446743,-0.0022379496675699936
1660869473196662,-0.9920195315480278,-0.1491111619745173,0.0081177996490424,0.0046509082427815,0.0078723725100694,-0.0100488710500559,-0.0052298686138723,0.0122110547862913,-0.5510146330056921,0.0033651709532279968,-0.0013271890605742742,-0.005481960373465322,0.0015015239441858747
1660869473212642,-0.9921416037232014,-0.1471580071717402,0.0081177996490424,0.004573091918202,0.0072177387769479,-0.0102215535154866,-0.005268061601646,0.0122165751211507,-0.5511218790544599,0.003398759381512181,-0.001304335112173094,-0.0031759250136194073,0.001351371549767287
1660869473228623,-0.9938506141756314,-0.1452048523689631,0.0050659952697031,0.0044613378208373,0.0067901439969367,-0.0103493911112615,-0.0053120088586614,0.0122145382898441,-0.5512328593795952,0.003412930540185388,-0.0027120110081427784,-0.0011004931897580783,-0.0015303895466148116
1660869473244604,-0.9944609750514992,-0.1449607080186159,0.005676356145571,0.0043413770122112,0.0066524304644419,-0.0104382721141395,-0.0053584842257077,0.0122071311167399,-0.5513479048438322,0.003418190429982005,-0.002990134695609603,-0.0007707139554697928,-0.0008280258036722204
1660869473260584,-0.9932402532997636,-0.1453269245441366,0.0026245517662317,0.0042486192405208,0.0068392122851611,-0.010497362092229,-0.0054035270828701,0.0121975016774239,-0.55146684630118,0.0034474909811610097,-0.0015924716494866153,-0.0010232374328914273,-0.0034918471647103684
1660869473276565,-0.9928740367742428,-0.1415426871137559,0.0015259021896696,0.0042254924966378,0.0073479023329307,-0.0105409244100814,-0.0054428617057453,0.0121896734656009,-0.5515888774038056,0.0034322769173695386,-0.001103629611569179,0.0024848999977403474,-0.004131447067145222
1660869473292546,-0.9992217898832684,-0.139833676661326,0.0064087891966124,0.0043141947462192,0.0081402248913414,-0.0105800405592109,-0.0054723941105797,0.0121871367361682,-0.5517125181720979,0.003353487529197247,-0.006706244448535292,0.0037745194051531927,0.0006762959458178203
1660869473308527,-0.9951934081025406,-0.1459372854200045,0.0049439230945296,0.004547456732963,0.0091470447237388,-0.0106200827227336,-0.0054887082116127,0.0121919782348129,-0.5518357030324504,0.0033818959059790064,-0.0024100764010268616,-0.0020961804181727772,-0.0007097131406384816
1660869473324507,-0.9851834897383078,-0.1438620584420538,0.0046997787441824,0.004940580845365,0.010273044407488,-0.0106662180230688,-0.0054894842846998,0.012204543601474,-0.5519559979466296,0.0034066622021029164,0.006839857766885338,-1.8858096199864116e-05,-0.0008584717418871138
1660869473340484,-0.9824979018844892,-0.1387350270847638,0.0037232013427939,0.0054875692243582,0.0114043593603507,-0.0107230975695867,-0.0054738114788487,0.012223381774334,-0.552070907827239,0.0033802414463246382,0.00857290105863362,0.004597355934981118,-0.0016515442289480528
1660869473356465,-0.9849393453879608,-0.1353170061799038,0.0068970778973067,0.0061629634995069,0.0124221672850972,-0.0107872686562401,-0.0054423850350815,0.0122463091547802,-0.5521781846626953,0.003291679718531632,0.005518311799645792,0.007213839155856994,0.0013700990930082726
1660869473372446,-0.9898222323949036,-0.1377584496833753,0.0051880674448767,0.0069287431426721,0.013223165352792,-0.0108438705185762,-0.005397511233569,0.0122716581497796,-0.5522760665380754,0.00323611608122954,0.0005718823134326367,0.004295156087146951,-0.00030502022347955477
1660869473388426,-0.9912870984969864,-0.1400778210116731,0.003967345693141,0.0077431576226161,0.013740871975498,-0.010870814049654,-0.0053428195642106,0.0122981142927149,-0.5523634160222478,0.003217025103989499,-0.0008036854097851487,0.0017782062829642675,-0.0013731677776937287
1660869473404407,-0.9899443045700772,-0.1456931410696574,0.0038452735179674,0.0085676525794893,0.0139583933984877,-0.0108461462138264,-0.0052826928334213,0.0123239414185863,-0.5524397428520145,0.0032760473178309662,0.000485197665411663,-0.003453402397518013,-0.001345715957580596
1660869473420388,-0.9893339436942092,-0.152895399404898,0.0059205004959181,0.0093694829973131,0.0139120085598414,-0.0107560346552828,-0.0052215226705574,0.0123472260330997,-0.5525051333718868,0.0034099390542364806,0.0009860026871516547,-0.009590094659482767,0.0006565599183330937
1660869473436369,-0.9884794384679942,-0.1555809872587166,0.0075074387731746,0.0101199158029458,0.0136886065038934,-0.0105965499191958,-0.0051629188831597,0.012367260544566,-0.5525601549077412,0.0035608232302395703,0.0016564571220299973,-0.011048114261971248,0.002019148376030634
1660869473452349,-0.9870145723659114,-0.1555809872587166,0.0110475318532081,0.0107902392693899,0.0134121234617686,-0.0103646589165588,-0.0051090593418791,0.0123856917046333,-0.5526058105468367,0.00368686780829712,0.002809190901701508,-0.009943302835774132,0.005003317310457721
1660869473468330,-0.9865262836652172,-0.1527733272297245,0.0101930266269931,0.0113491668340185,0.0132146359184273,-0.0100515366748235,-0.0050603967262711,0.0124059086721846,-0.5526435730738216,0.0037731687144245893,0.002967731642156024,-0.006422078526103825,0.003733930875818449
1660869473484311,-0.9875028610666056,-0.1464255741206988,0.006530861371786,0.0117643204459506,0.013203866178111,-0.0096503145732622,-0.0050157862415035,0.0124312439004966,-0.5526754413818792,0.003781623380951028,0.0017920388166908774,-6.68928753702891e-05,6.45890585502136e-05
1660869473500291,-0.987380788891432,-0.1409323262378881,0.0066529335469596,0.0120079521394572,0.0134469539654245,-0.0091648626260353,-0.0049728845952477,0.0124641542403396,-0.5527039188206004,0.0037177569463143533,0.0017226998926780368,0.00488371950669636,0.00016799511035143176
1660869473516272,-0.9923857480735484,-0.1371480888075074,0.0068970778973067,0.0120650718880425,0.0139706495013073,-0.0086046552724267,-0.0049286453406553,0.0125068061851923,-0.5527318583433684,0.00358972869959906,-0.002954033360494601,0.007801161243369353,0.00037092551462867846
1660869473532253,-0.9962920576791028,-0.1359273670557717,0.009948882276646,0.0119410482240405,0.0147585419839708,-0.0079774447582021,-0.0048798818462731,0.0125618232496465,-0.5527621812744316,0.0034288411196044173,-0.0061743086694441285,0.008119694695594565,0.0030804569045711806
1660869473548234,-0.9983672846570536,-0.1427634088654917,0.0136110475318531,0.0116650566876306,0.0157441047505958,-0.0072944384012852,-0.0048239062353543,0.0126324603090471,-0.5527975164544667,0.0033507111569453557,-0.007424582082655395,0.0011552875972871135,0.006068359943800452
1660869473564214,-1.000564583810178,-0.1458152132448309,0.0130006866559853,0.0112866659519646,0.0168222675017226,-0.0065803938499311,-0.0047590753005654,0.0127217707874305,-0.5528398527985618,0.003322111210073023,-0.008659693112201827,-0.0017068651038468774,0.004912199161139387
1660869473580195,-0.9987335011825742,-0.1459372854200045,0.009948882276646,0.0108657929626119,0.0178835118185511,-0.0058758209972572,-0.0046849709461993,0.0128309132826779,-0.5528903129497477,0.0033210185101604766,-0.006145749436138215,-0.0016460435511184424,0.0016743553036200794
1660869473596176,-0.9937285420004578,-0.1465476462958724,0.0081177996490424,0.0104592871575205,0.018844702974379,-0.0052294444277386,-0.004602152273849,0.0129582269577017,-0.5529491068665152,0.0033496148272933327,-0.0010267112286196367,-0.0020307639842877256,-0.00014105459158516957
1660869473612156,-0.9920195315480278,-0.1492332341496909,0.0067750057221331,0.010108937426402,0.0196573024185285,-0.0046861789721116,-0.0045117155173198,0.013100188351637,-0.5530156655553776,0.003421445025427769,0.0006140693014292653,-0.004244716654295599,-0.0013354636666450233
1660869473628137,-0.9909208819714656,-0.1453269245441366,0.0081177996490424,0.0098353389066405,0.0202984864708926,-0.0042789119993158,-0.0044149396440752,0.0132530704195839,-0.5530889123260885,0.003430160306594954,0.001541446990192319,-0.0003045663438671631,6.59723423785015e-06
1660869473644118,-0.9920195315480278,-0.1447165636682688,0.0081177996490424,0.0096397644521566,0.0207614812948786,-0.0040267254189238,-0.004313100457149,0.0134137624674134,-0.553167580578238,0.0034270682815725345,0.00039851767226706247,0.0002752150788005725,5.937510814065655e-06
1660869473660095,-0.9892118715190356,-0.1427634088654917,0.0040894178683146,0.0095130005080934,0.0210527856835173,-0.0039342930727445,-0.0042073804228838,0.0135795689323998,-0.5532504598690369,0.003421735285384254,0.0028855599311333746,0.0020055328934199257,-0.0036201998429223614
1660869473676076,-0.9916533150225072,-0.1460593575951781,0.0034790569924467,0.00944766983877,0.0211897116922874,-0.0039931641370919,-0.0040988120444478,0.0137474475262005,-0.5533364796481968,0.0034586904148384695,0.0003997047848955937,-0.0011613742526398463,-0.0038075046469112353
1660869473692056,-0.9932402532997636,-0.1504539559014266,0.0018921187151903,0.0094492840819945,0.0211938475110869,-0.0041885006292785,-0.0039882514636504,0.0139136728996318,-0.553424598233289,0.003554625661267654,-0.0010685101431248123,-0.005000375302999516,-0.004854998631750871
1660869473708037,-0.9934843976501108,-0.1533836881055923,0.0027466239414053,0.0095412916832651,0.0210865483493217,-0.0045054762102055,-0.0038763760275089,0.0140746561392325,-0.5535135453041345,0.003676321041563095,-0.001181389044124792,-0.007137096756448691,-0.0036004440649822847
1660869473724018,-0.99482719157702,-0.1574120698863202,0.0051880674448767,0.0097615380565382,0.0208853751637016,-0.0049333545895016,-0.0037636958383043,0.0142274380903041,-0.5536015557996519,0.0038260021532522245,-0.002271764673930643,-0.01004893068345894,-0.0010431005053597965
1660869473739998,-0.9893339436942092,-0.1564354924849316,0.0046997787441824,0.0101509155637866,0.0205935712164732,-0.0054728866317758,-0.0036506169650743,0.0143685747767425,-0.5536862425830308,0.003962388475638476,0.002899334887992211,-0.008165117953863321,-0.0013782502854486874
1660869473755979,-0.9883573662928208,-0.1494773785000381,0.0012817578393224,0.0107374712072975,0.0201908504835186,-0.0061396952266987,-0.0035375982461423,0.0144931414293291,-0.5537646826493404,0.004009809271590551,0.003488321060442612,-0.0010863035720728165,-0.004316644071277818
1660869473771960,-0.9864042114900436,-0.1471580071717402,-0.0011596856641489,0.0115208282102692,0.0196414718011112,-0.0069528697820119,-0.0034253480624073,0.0145952621700498,-0.5538337354355751,0.004040211102629519,0.0048973282768977056,0.0011097609806025588,-0.006082278817274207
1660869473787941,-0.9844510566872664,-0.1495994506752116,-0.0026245517662317,0.0124626353867937,0.0189150350686891,-0.0079195075226349,-0.0033149285751451,0.0146691932442502,-0.5538905594902668,0.004116136307354839,0.006165434771707501,-0.0011985142705819574,-0.006792430427421305
1660869473803921,-0.9866483558403908,-0.1547264820325016,-0.0009155413138017,0.0134874169878167,0.0180025786654674,-0.0090294158046581,-0.0032076874204068,0.0147098116558915,-0.5539332108118279,0.004237763744759465,0.003571322056724835,-0.0056929910650847515,-0.004575077977492175
1660869473819902,-0.9798123140306708,-0.1565575646601052,-0.0027466239414053,0.0144947731675252,0.0169235041723082,-0.010256035545321,-0.0031050474290392,0.01471225407194,-0.5539611490445515,0.004404034689199805,0.009366627479800327,-0.006771666323419495,-0.005765544544586198
1660869473835883,-0.9800564583810178,-0.1625391012436102,-0.0028686961165789,0.0153805895864243,0.0157279568717892,-0.0115600320620046,-0.0030082138290056,0.0146717390815516,-0.5539754734234416,0.00463256690543335,0.008210234816507955,-0.01147788261623206,-0.0052988550477838185
1660869473851863,-0.9795681696803236,-0.1666895551995116,-0.0064087891966124,0.0160623315804775,0.0144929872825814,-0.0128993671490179,-0.0029178368717476,0.0145847223513007,-0.5539787690912242,0.004913538475875386,0.007828671165482026,-0.014065502914920092,-0.007955053315035586
1660869473867844,-0.9877470054169528,-0.1638818951705194,-0.0015259021896696,0.0165011603100986,0.0133113338583528,-0.0142378610391545,-0.0028337041689214,0.0144504314561544,-0.553974569127555,0.005072675766156839,-0.0003151481140325485,-0.010132058597335125,-0.0027649496772835075
1660869473883825,-0.9987335011825742,-0.1515526054779888,-0.0032349126420996,0.0167133405256775,0.0122783560414252,-0.0155423230127659,-0.0027545784092479,0.0142714803490056,-0.5539665601225687,0.005030122205904389,-0.010171479491688618,0.0019775079856759192,-0.0040265641167421574
1660869473899806,-1.001785305561913,-0.1506981002517738,-0.0051880674448767,0.0167667111380561,0.0114775920750488,-0.0167793660869813,-0.0026782497699381,0.0140537203943914,-0.5539577342471165,0.004989074659931248,-0.011900955483924669,0.00254881189070183,-0.005381747027567331
1660869473915786,-0.9989776455329212,-0.1568017090104523,-0.0037232013427939,0.0167628566766773,0.0109616065843742,-0.0179254055485369,-0.0026017937179426,0.0138053304843341,-0.5539497185800764,0.005035082310213822,-0.008183965909439594,-0.0031993171811789956,-0.003525192832936078
1660869473931767,-0.9920195315480278,-0.1632715342946516,0.000549324788281,0.0168099882684277,0.0107344507461526,-0.0189789671919064,-0.0025219937166464,0.0135350288167263,-0.5539424681280428,0.005152057297285721,-0.0011032667320916012,-0.00870222821884048,0.0006725999683249394
1660869473947748,-0.9817654688334478,-0.1577782864118409,-0.0026245517662317,0.0169950423292851,0.0107462935157773,-0.0199577991426076,-0.0024358849369297,0.0132502224140326,-0.553934394599944,0.00523052867145914,0.008235716384239478,-0.002888082302426792,-0.002251148927568985
1660869473963729,-0.9801785305561914,-0.1519188220035095,-0.0078736552986953,0.0173645227043026,0.0109030628171425,-0.020886329719741,-0.0023413301193964,0.0129558197305357,-0.553922863418409,0.005265753348685498,0.008840389195346354,0.002674243895314149,-0.006750227214029326
1660869473979675,-0.982253757534142,-0.1510643167772945,-0.0092164492256046,0.0179202298378908,0.0110825394745827,-0.0217917966029899,-0.0022374828835854,0.0126537283543594,-0.553904872353656,0.0052940024339743,0.006088645995656172,0.0031758742093762338,-0.007283719026844764
1660869473995656,-0.9848172732127872,-0.1566796368352787,-0.0054322117952239,0.0186295453773291,0.0111396714391432,-0.0227103350435924,-0.0021250939938902,0.0123430769170962,-0.5538776764183534,0.0053586612190058835,0.00317261728530982,-0.002195501263747124,-0.003149533436817657
1660869474011636,-0.987380788891432,-0.1629053177691309,-0.0050659952697031,0.0194443081411588,0.010899069049193,-0.0236907740080323,-0.0020067934507166,0.0120212641235443,-0.5538391739020802,0.0054832849673905944,0.0005481914459986026,-0.00757906397783939,-0.0025049852201671718
1660869474027617,-0.9868925001907378,-0.1649805447470816,-0.0044556343938353,0.0203202550976564,0.0101595745380405,-0.0247936086280615,-0.001887382064217,0.0116849240330384,-0.5537879896884891,0.005619051376572959,0.0009328321320235533,-0.008688861860211089,-0.0017051619098694347
1660869474043598,-0.9861600671396964,-0.164858472571908,-0.004821850919356,0.0212301852399727,0.0087237868320119,-0.0260860500112746,-0.001773910976646,0.0113291602141522,-0.5537233140506436,0.005744662566294312,0.00149873866475847,-0.007710110716533741,-0.0018642405918511211
1660869474059579,-0.98286411841001,-0.1675440604257266,-0.0083619439993896,0.0221670405512232,0.0064374119627402,-0.027625593513494,-0.0016753697864899,0.0109455772152912,-0.5536446207681762,0.005924584318524063,0.004315218655000397,-0.009356128713317091,-0.00486390030469625
1660869474075559,-0.9855497062638284,-0.1747463187609672,-0.015930418860151,0.023136803290288,0.003233001869449,-0.0294353015636431,-0.0016019638293799,0.0105221878917435,-0.5535514048849114,0.006216344421204284,0.0014666677210637413,-0.014902548343701916,-0.011189137648911884
1660869474091540,-0.985671778439002,-0.1821927214465551,-0.0144655527580681,0.0241445459805585,-0.0008226191741911,-0.0314903118433166,-0.0015639128188428,0.0100461792180298,-0.553443074162547,0.00656241482192385,0.0012101359913011533,-0.02011405592636087,-0.008751844392146085
1660869474107521,-0.980544747081712,-0.1835355153734644,-0.0145876249332417,0.0251795319417264,-0.0055043321196646,-0.0337224881453487,-0.0015697898347716,0.0095067811424057,-0.5533190755606749,0.006907441922248357,0.0057034506137320085,-0.019311164867943154,-0.007986524910587718
1660869474123501,-0.978591592278935,-0.1847562371252001,-0.0139772640573738,0.0262051312866455,-0.0104449284263103,-0.0360301517288703,-0.0016247484365553,0.0088965970616271,-0.5531792313507882,0.007235679872527999,0.006890944874858085,-0.018478697957710954,-0.006638547631247836
1660869474139482,-0.97773708705272,-0.1887846189059283,-0.0160524910353245,0.0271563986385989,-0.0151682062793939,-0.0382829404081911,-0.0017290326014394,0.0082129070983347,-0.5530241731159055,0.007597792048863226,0.006970905090965762,-0.020256371764595243,-0.007842397148278682
1660869474155463,-0.97944609750515,-0.1863431754024565,-0.0151979858091095,0.0279464549115696,-0.019124711525964,-0.040324449122371,-0.001876933027726,0.0074594302931919,-0.5528557402922382,0.007882332269672113,0.004735705174682248,-0.016033435435011123,-0.0062891027298573165
1660869474171444,-0.9833524071107044,-0.1774319066147858,-0.0137331197070267,0.0284824398454011,-0.0217516339598278,-0.0419820232706198,-0.0020563556231862,0.0066470149104136,-0.5526772039588503,0.008004614811213544,0.0007464560122151243,-0.0064099499826063555,-0.004341812964997064
1660869474187424,-0.9899443045700772,-0.1618066681925687,-0.011657892729076,0.0286882312128304,-0.0225692629971598,-0.0430905452799776,-0.0022493381957108,0.0057930686089498,-0.5524931830073271,0.007884810836181009,-0.005260897302441947,0.00829375959564968,-0.002039927388341729
1660869474203405,-0.9933623254749372,-0.1438620584420538,-0.0050659952697031,0.0285259407195856,-0.0212862718654558,-0.043522494439387,-0.002433748801382,0.0049202648437002,-0.5523092044199522,0.007501153227397541,-0.007811026386571718,0.023614532411548123,0.0040967730639280536
1660869474219386,-0.9995880064087892,-0.1318989852750438,-0.0017700465400167,0.0280079751313294,-0.0178737872823261,-0.0432100144183572,-0.0025860177231894,0.0040540406616314,-0.5521309957982353,0.006969527918374944,-0.01263303658838133,0.03201984502070232,0.006653449614253009
1660869474235366,-1.005203326466773,-0.1192034790569925,0.0009155413138017,0.0271959822014761,-0.0125905482486438,-0.0421571209264084,-0.0026844196673467,0.003219405826591,-0.5519636899272329,0.006306665807532919,-0.016423520981728612,0.040243816114878234,0.008405133721264267
1660869474251347,-1.008010986495766,-0.1099259937438011,0.003967345693141,0.0261874725704737,-0.0059520998799295,-0.040444070614537,-0.0027122507335745,0.0024382263905356,-0.5518111433882974,0.005578970037801352,-0.01730806290964948,0.044569171285262665,0.010311244290543212
1660869474267328,-1.010574502174411,-0.1088273441672389,0.0068970778973067,0.0250942771614419,0.0013609771061671,-0.0382185013242247,-0.0026601746680768,0.0017264435548479,-0.5516755366856243,0.0048968328380121886,-0.017884420729465056,0.041101038775642376,0.01191687884523802
1660869474283309,-1.006912336919203,-0.1113908598458839,0.0145876249332417,0.0240179821212354,0.008624567704161,-0.0356704126464149,-0.0025272278565188,0.0576399545136085,-0.548586066555133,0.004265400874897118,-0.01280002992683138,0.03468377078729762,0.01764668329305572
1660869474299255,-1.000076295109483,-0.1195696955825132,0.0106813153276874,0.0230273150363677,0.0151751414030054,-0.0329907937474392,-0.0023205276731724,0.1130297308543709,-0.539774990070733,0.003836917722568723,-0.005367589305400267,0.0238544415456015,0.012366336318751277
1660869474315236,-0.9961699855039292,-0.1334859235523003,-0.0038452735179674,0.0221440244344491,0.0204974218296684,-0.0303209922791852,-0.0020540210005637,0.1673058371493995,-0.5253366016363205,0.0037439559405780076,-0.001315151729861852,0.008944392218232955,-0.00194422727421317
1660869474331216,-0.9899443045700772,-0.1495994506752116,-0.0104371709773403,0.0213419216457303,0.0243046843209825,-0.0277222500525963,-0.0017463941835823,0.2198896295809858,-0.5054230632069577,0.0039067676207927915,0.004419476283591184,-0.006452221414210507,-0.007682512260227463
1660869474347197,-0.9918974593728542,-0.1651026169222551,-0.0093385214007781,0.0205584521566287,0.0265693829486614,-0.0251887443780527,-0.0014182846914276,0.2702208069196822,-0.4802427382150429,0.00421333220366198,0.002219689332732644,-0.019759848895128634,-0.005925476415298737
1660869474363178,-0.994216830701152,-0.1675440604257266,-0.0055542839703974,0.0197158357896816,0.02747617629284,-0.0226891562958036,-0.0010893878142645,0.3177639827154142,-0.4500585286016067,0.004485367347171719,-8.971379600863916e-05,-0.019981163158740073,-0.001927115086426233
1660869474379159,-0.9960479133287556,-0.1668116273746851,0.0006713969634546,0.0187468154793994,0.0273354046462155,-0.020210301700182,-0.0007761473564079,0.3620151031998172,-0.4151852478142222,0.004674894585547673,-0.0017287167812510829,-0.01732385709692874,0.00386870926268319
1660869474395139,-0.9986114290074006,-0.1649805447470816,0.0042114900434881,0.0176172861105194,0.026502483933585,-0.0177864397444139,-0.0004903121138339,0.4025058540738192,-0.3759867678855175,0.0048024980309316736,-0.0038630092139064764,-0.013943497022392726,0.006667922108445022
1660869474411120,-1.001052872510872,-0.1630273899443044,0.0001831082627603,0.0163391942510039,0.0253160757363119,-0.0154988900471417,-0.0002383629485855,0.438807024824504,-0.3328732498318676,0.004928275729193351,-0.005674007445640172,-0.010791307997653987,0.0023755862949454993
1660869474427101,-1.003860532539864,-0.1583886472877087,-0.004821850919356,0.0149713330018515,0.0240530421605213,-0.013446198430653,-2.180059254517796e-05,0.4705329548025641,-0.2862968402260924,0.005021400281538992,-0.00763350072716884,-0.005537308806952468,-0.002366435598453721
1660869474443081,-1.002273594262608,-0.1502098115510795,-0.0111696040283817,0.0136093350336389,0.022899431751698,-0.0117122382328248,0.00016180707784,0.4973462615160305,-0.2367456417386826,0.0050516648083645905,-0.005441906204921576,0.0023773742367090844,-0.007842769836731479
1660869474459062,-0.9971465629053178,-0.1539940489814602,-0.0158083466849774,0.0123681719658846,0.0219451909474351,-0.0103537376458146,0.0003173630693808,0.5189613060946111,-0.1847377469374678,0.0051634889002132155,-0.0002833873628682593,-0.0012661768743044977,-0.01123336124399446
1660869474475043,-0.9912870984969864,-0.1608300907911802,-0.0182497901884488,0.0113614608383795,0.0212070344675241,-0.0093996912998746,0.0004508491513141,0.5351467805395175,-0.1308158771728666,0.005368639487578373,0.005018469340916765,-0.007291996815622037,-0.012307324272719276
1660869474491024,-0.990798809796292,-0.1680323491264208,-0.0206912336919202,0.0106822350087588,0.020661621443018,-0.0088544706273031,0.0005683322549701,0.5457281061403614,-0.0755418859674733,0.005661402511730798,0.004956082237450032,-0.013044829635776356,-0.01327389099857161
1660869474507004,-0.9945830472266728,-0.1644922560463873,-0.0138551918822003,0.0103889162181411,0.0202656965334759,-0.0087112187237704,0.0006754063030629,0.5505893539521546,-0.0194913033620372,0.005827029711537885,0.0010546603263622556,-0.008554262900168585,-0.0057940642699665385
1660869474522985,-0.9905546654459448,-0.156313420309758,-0.0161745632104981,0.0104979554125328,0.0199608978526623,-0.00896526148748,0.0007769140620344,0.549674499484303,0.0367519574559121,0.005900043161363073,0.004574737896381076,-0.0003378844471853826,-0.007302092038437905
1660869474538966,-0.9846952010376137,-0.1547264820325016,-0.0221560997940031,0.0109828198561362,0.0196776162710943,-0.00960533346588,0.000876747500422,0.5429880557084943,0.0926016534821223,0.006004715145787879,0.009390782074241044,0.001124148447063933,-0.011955265759748616
1660869474554947,-0.9838406958113984,-0.1542381933318073,-0.0255741206988631,0.011779186744312,0.0193502711082019,-0.010595923239337,0.000977674889323,0.5305949175468329,0.1474756945126259,0.0061316555043743354,0.009220758570410603,0.001451193432982445,-0.013835957998147755
1660869474570927,-0.9821316853589686,-0.1549706263828488,-0.0285038529030288,0.0127964356947374,0.0189389561743029,-0.0118810006041892,0.0010813678662792,0.5126196260127451,0.2008017087654943,0.006291094542243635,0.009836792120556437,0.0006468843437468508,-0.015089121182082109
1660869474586908,-0.9821316853589686,-0.1544823376821545,-0.0286259250782023,0.0139336381141033,0.0184394465604757,-0.0134006228691941,0.0011887290092846,0.4892453539328245,0.25202199635595,0.006438230116334917,0.008853112908500771,0.001021655739997046,-0.013690074021530047
1660869474602889,-0.9831082627603572,-0.1522850385290302,-0.0265506981002516,0.0150961745543671,0.0178791898734647,-0.0150948545527413,0.0013003429834489,0.4607125026835844,0.3005988157936313,0.006531656266805381,0.007088881956400894,0.0028970594038092434,-0.010453362339221412
1660869474618835,-0.9851834897383078,-0.1519188220035095,-0.0260624093995574,0.0162091648814021,0.0173159766812492,-0.0168994590321937,0.001416889110301,0.4273168594865303,0.3460200098464305,0.006607057485918543,0.004512289480605225,0.002936948336396933,-0.008968566274674492
1660869474634815,-0.9875028610666056,-0.1541161211566338,-0.0271610589761195,0.0172249770378939,0.016840474319261,-0.0187472026249246,0.0015395502757695,0.3894070862052356,0.38780496739313,0.00670567779125839,0.0019736263370767615,0.0006656842649453709,-0.009060494266112933
1660869474650796,-0.9868925001907378,-0.1577782864118409,-0.0285038529030288,0.0181231810059899,0.0165628197041853,-0.0205696853121152,0.0016703591038939,0.3473810545579172,0.4255107524952595,0.006847204800618257,0.002325588491650099,-0.00269683289123554,-0.00936295937372001
1660869474666776,-0.9840848401617456,-0.158876935988403,-0.029846646829938,0.0189029851797447,0.0165813380843303,-0.0222946827043383,0.0018122313043083,0.3016813331280835,0.4587374305167845,0.007006283879453546,0.0046199236685781075,-0.0034159342210178523,-0.009635177970566292
1660869474682756,-0.9915312428473336,-0.1596093690394444,-0.0321660181582359,0.0195702920023536,0.0169568629289492,-0.0238439117226546,0.0019685849056188,0.2527906035208592,0.4871321369060966,0.007164458515718909,-0.002543831115308981,-0.003733530544853342,-0.010759094368977772
1660869474698736,-0.9921416037232014,-0.1525291828793773,-0.0297245746547645,0.0201234711744335,0.0176959275212161,-0.0251344383804795,0.0021426618678959,0.2012267632108513,0.5103925401304155,0.0072133246718653335,-0.002838772792059019,0.003011990053692376,-0.007485885778955734
1660869474714717,-0.990798809796292,-0.1416647592889295,-0.0263065537499045,0.02054281067781,0.0187208933108288,-0.0260884459226263,0.0023365709653628,0.2012657889147748,0.5103876243609137,0.0071241022645619715,-0.0013463809786347092,0.012488772279726168,-0.003661078386686164
1660869474730697,-0.9895780880445564,-0.1272602426184481,-0.0234988937209124,0.020787308450974,0.0198432287355511,-0.0266500501884059,0.0025500447790478,0.2012923091930515,0.5103923654228324,0.006892099755309262,-0.00011309330420927743,0.024203960055186796,-0.0007680765219246558
1660869474746677,-0.989089799343862,-0.1211566338597696,-0.0245975432974745,0.0208001958322612,0.0207928823094476,-0.0267887391813326,0.002779295809153,0.2013102544290461,0.5104041129852864,0.006659766454906737,0.0003376758568366389,0.027276811932478773,-0.0016800534886380787
1660869474762657,-0.9904325932707714,-0.136415655756466,-0.0239871824216066,0.0205225030453964,0.0213038267258027,-0.0264818935770279,0.0030166122074819,0.2013217097933903,0.5104193196572286,0.006574771400056103,-0.0009046062630654328,0.010816011032204143,-0.0009627233514931596
1660869474778638,-0.9980010681315328,-0.152895399404898,-0.0285038529030288,0.0199114223674771,0.0211954167737173,-0.0257075253598775,0.0032510104478898,0.2013280524294307,0.5104333230691112,0.006666897370778919,-0.007625773011444181,-0.005097359354605063,-0.004931454449623826
1660869474794618,-1.001541161211566,-0.1652246890974287,-0.0219119554436559,0.0189576915680356,0.0204130482404318,-0.0244718631056449,0.0034698142913322,0.2013301796387055,0.5104409056730309,0.006768780009034,-0.010049279482329587,-0.015683984142422197,0.0014943987087741688
1660869474810598,-1.002639810788128,-0.1641260395208666,-0.0171511406118867,0.0176956691890539,0.0190346929925885,-0.0228458331110021,0.0036608168016372,0.201327655642793,0.51043739964255,0.00680500217212283,-0.010033136153002609,-0.013126801109274083,0.005629692186489031
1660869474826578,-1.000564583810178,-0.1619287403677423,-0.015930418860151,0.0162025012496592,0.0172539467055161,-0.0209697202743989,0.0038145348107962,0.2013188371262074,0.5104193541747164,0.006815621742352954,-0.007162118257547312,-0.0098365517605348,0.006165372544402255
1660869474842558,-1.001297016861219,-0.1593652246890973,-0.0143434805828945,0.0145871168294876,0.0153440082977941,-0.0190258537536281,0.003926006065402,0.2013023408329381,0.510384558328651,0.006789384550165414,-0.007105096177729475,-0.006545732473700827,0.006977079739492879
1660869474858539,-1.001785305561913,-0.1516746776531623,-0.0182497901884488,0.0129726728696851,0.0136060033732351,-0.0172042362342439,0.0039957325496268,0.2012784472814274,0.5103318892777308,0.006740422820916271,-0.006834046390581161,0.0010303331060107501,0.0027636931205447246
1660869474874519,-1.001907377737087,-0.1460593575951781,-0.0260624093995574,0.0114767191027771,0.0123106408322225,-0.0156687730217585,0.004029589606585,0.201249777041595,0.510261160142389,0.006732575065233266,-0.0062605067091796585,0.005981087847595462,-0.004544033481507486
1660869474890499,-1.000076295109483,-0.1438620584420538,-0.030701152056153,0.0101930213344746,0.0116516743236993,-0.0145269898743292,0.0040377528004333,0.2012209211652884,0.5101730857599747,0.0067619794058913245,-0.003986481673418085,0.007360548300647807,-0.008264498524292778
1660869474906479,-0.9966582742046236,-0.1419089036392767,-0.0321660181582359,0.0091787277292911,0.0117219285037637,-0.0138187010371469,0.0040329702789782,0.2011968834550362,0.5100694713971088,0.006793407252145975,-0.0005116146917027997,0.008382332793082425,-0.00875642816373811
1660869474922460,-0.9955596246280614,-0.1383688105592431,-0.0339971007858395,0.0084494572101116,0.0125062535276717,-0.0135245391082477,0.0040286093114249,0.2011813840211522,0.5099532733890538,0.006819364009219543,0.0005283313963734271,0.010730183285804412,-0.009528759712207537
1660869474938446,-0.9939726863508048,-0.1339742122529946,-0.0331425955596245,0.0079825307816863,0.0138856127874159,-0.0135775517291464,0.0040367629119554,0.2011763171285874,0.5098281325655265,0.006805331583268377,0.0019037427062669199,0.013612303432847639,-0.007806829037393288
1660869474954426,-0.9927519645990692,-0.1311665522240024,-0.0354619668879223,0.0077267613931199,0.0156539647608577,-0.0138755067912231,0.0040665972087319,0.2011822511414544,0.5096975693528025,0.006809820387389433,0.002812018012202211,0.014777967115655877,-0.00911358032912198
1660869474970406,-0.99140917067216,-0.1325093461509117,-0.0337529564354923,0.0076162181764285,0.0175491548988445,-0.0143006172079957,0.0041231575891914,0.2011988827801658,0.50956437287197,0.006811555115889757,0.0037393307452002755,0.012091655869871903,-0.006664112889022782
1660869474986386,-0.9970244907301442,-0.1322652018005646,-0.0337529564354923,0.0075844235874227,0.0192933936109954,-0.0147390834978901,0.0042068259167312,0.2012252820612943,0.5094303011190606,0.006815606207882666,-0.001688390381505589,0.011102220198197094,-0.0059977016001205065
1660869475002367,-0.9970244907301442,-0.1370260166323338,-0.0343633173113602,0.0075756117022625,0.0206368533531938,-0.0150945209069752,0.004313491591362,0.2012603644402575,0.5092959374628533,0.006861268862693854,-0.001519551343355019,0.005707264829785119,-0.005947256228389562
1660869475018347,-0.9951934081025406,-0.1405661097123674,-0.0313115129320209,0.0075511929927182,0.0213991352463893,-0.0153022976493948,0.0044354225064376,0.2013026734478274,0.5091610184036167,0.006886005693256686,0.00028037815582371284,0.0019504545747763558,-0.0026059066641452334
1660869475034327,-0.9933623254749372,-0.1455710688944838,-0.0288700694285495,0.0074911275825338,0.0214990741588743,-0.0153405709569385,0.0045627308824087,0.2013491931292319,0.5090252494630078,0.006907418054199552,0.0019003147050844493,-0.0027490541466060336,-0.00014801684460645503
1660869475050307,-0.9905546654459448,-0.1486228732738231,-0.0278934920271609,0.0073915596272738,0.0209622798106012,-0.0152253165285223,0.0046851218620193,0.20139553208405,0.5088886155745265,0.006934599703230145,0.004237177260669189,-0.0052207726733507764,0.000745704501103929
1660869475066288,-0.9889677271686884,-0.1514305333028152,-0.0263065537499045,0.0072613018989015,0.0199093517797874,-0.0149965042734646,0.0047935374743464,0.2014379722056592,0.5087509538901802,0.006959090766942906,0.005241703984133039,-0.007225589432108603,0.002099378500524298
1660869475082268,-0.9893339436942092,-0.1536278324559395,-0.0243533989471274,0.007119002569709,0.0185349215120603,-0.0147089212103006,0.0048814818796673,0.2014743292005187,0.5086119545511207,0.006973258074282257,0.004387938712751005,-0.008480599726709614,0.003647279972971259
1660869475098248,-0.9928740367742428,-0.1522850385290302,-0.0244754711223009,0.0069910636566227,0.0170762156233315,-0.0144228918692848,0.0049459100738879,0.2015028884718348,0.5084718490389325,0.006978217393328975,0.0007630610694456808,-0.006424025219820273,0.00317268701801798
1660869475114228,-0.99311818112459,-0.1467917906462195,-0.0278934920271609,0.0069093401897503,0.0157672329187146,-0.0141892525506744,0.0049874844860013,0.2015216954747065,0.5083318691690624,0.0069882244122299025,0.0004670250471886517,-0.0008376996033085948,-0.00022080049815781724
1660869475130209,-0.9955596246280614,-0.1431296253910124,-0.0319218738078888,0.0069072663121154,0.0147921942603772,-0.0140369821004738,0.0050100824271778,0.2015284650761179,0.5081943421044248,0.007020644953217507,-0.0017769766106544571,0.0025420190867086745,-0.003824264050997145
1660869475146189,-0.9944609750514992,-0.1394674601358052,-0.0281376363775081,0.0070136232526538,0.014258873670464,-0.0139704752605161,0.0050197362383423,0.2015205172366882,0.5080626197546759,0.006978586659671952,-0.0006104943306831645,0.005583765907724303,-3.602395855479765e-05
1660869475162169,-0.9900663767452508,-0.135561150530251,-0.0258182650492102,0.007244853434479,0.0141932945747268,-0.0139724689709199,0.005023352967232,0.2014957590036745,0.50794043188518,0.006890033913352772,0.003405693578008795,0.008541067961950644,0.002055012632768794
1660869475178149,-0.9892118715190356,-0.1317769130998703,-0.0271610589761195,0.0075981208363246,0.0145429626903506,-0.0140062166978042,0.0050274402010209,0.2014540808380235,0.5078309400500559,0.006806765599697338,0.0038341789238016677,0.011092774853098203,0.0006409968352735426
1660869475194130,-0.9916533150225072,-0.129579613946746,-0.0278934920271609,0.0080474420145088,0.0151878108982641,-0.0140192155528597,0.0050369536858191,0.20139723862874,0.5077363091501962,0.006729236752593423,0.001253461878297002,0.011961066605600257,-8.229259419107252e-05
1660869475210110,-0.99311818112459,-0.1293354695963989,-0.0253299763485159,0.0085447105792057,0.0159670812506886,-0.0139568356053705,0.00505447627026,0.201327966575954,0.50765757314099,0.0066264814020316355,-0.00019026380140718668,0.010984689860352614,0.002233100776008537
1660869475226090,-0.9923857480735484,-0.1292133974212253,-0.0238651102464331,0.0090262739769268,0.016715090983117,-0.0137823334033037,0.005079965195733,0.2012492488203355,0.5075945064812825,0.006517490585992936,0.000487952324670915,0.009996085831973589,0.0033281701902822015
1660869475242070,-0.9889677271686884,-0.1327534905012588,-0.0241092545967802,0.0094242904993673,0.0172895495482575,-0.0134874628125729,0.0051110655722467,0.2011626003996448,0.5075460480714652,0.006447282251552217,0.0035153759065778,0.005810393476746084,0.0027756232559415957
1660869475258026,-0.9883573662928208,-0.138979171435111,-0.0261844815747309,0.009681237901722,0.0175900205258099,-0.0130893562651893,0.0051437776554087,0.2525962245231049,0.4840322868765308,0.006445720558239759,0.0037131631042008895,-0.0003737587113954999,0.0006303566501918018
1660869475274006,-0.9881132219424736,-0.139833676661326,-0.0232547493705652,0.009765078210791,0.01757270534961,-0.012624485868137,0.0051733176378647,0.3013371142947551,0.4553709301761975,0.0064105965380535455,0.003561576709093295,-0.0011054375438494801,0.0032040799689217504
1660869475289986,-0.9940947585259784,-0.1392233157854581,-0.0226443884946974,0.0096813258289575,0.0172595272365161,-0.0121456921761253,0.005195107671821,0.3468707931893695,0.4218666471210753,0.00635871892952549,-0.0021779638869703355,-0.00044556900118342124,0.0034329967603105964
1660869475305966,-0.9989776455329212,-0.1408102540627145,-0.0209353780422674,0.0094778325162369,0.0167334348719374,-0.0117184866457128,0.0052057696387172,0.3887195474181701,0.3838726994662863,0.006291434369032762,-0.006354765804521878,-0.0018292565505958203,0.004627806491466539
1660869475321947,-0.9973907072556648,-0.1384908827344167,-0.0211795223926145,0.0092393306649096,0.0161162542410266,-0.0114117678604901,0.0052038811429779,0.426444914025287,0.3417882698048919,0.006224777718307021,-0.004291044774538899,0.0004411032999317721,0.0039452959270074965
1660869475337927,-0.9980010681315328,-0.1351949340047303,-0.0253299763485159,0.0090712550533496,0.0155377823111175,-0.0112814654777713,0.0051902615894332,0.4596509621564245,0.2960556715058983,0.00620202423610593,-0.004411265085366267,0.0033633468266563715,-0.00018464222600451247
1660869475353907,-0.995925841153582,-0.1344625009536888,-0.0291142137788966,0.0090755469343298,0.0151134930637539,-0.0113531836424444,0.0051677550755778,0.487988541702854,0.2471560669494267,0.006231184776121606,-0.002102434296673894,0.0036862018899280757,-0.0035719916907466925
1660869475369887,-0.9920195315480278,-0.1351949340047303,-0.0270389868009459,0.009324235786119,0.0149376231995327,-0.0116144407729843,0.0051407106840485,0.5111586237846264,0.1956056173061691,0.006237713054756183,0.0016234877779922607,0.0026583919549979518,-0.001347088241516397
1660869475385868,-0.9865262836652172,-0.1332417792019531,-0.0297245746547645,0.009837916107763,0.0150833355981482,-0.0120179003215989,0.0051143980605362,0.5289159277298116,0.1419510469426698,0.006276526506189981,0.006405062094722469,0.004150392081997634,-0.003629408485801497
1660869475401848,-0.9870145723659114,-0.1288471808957046,-0.0289921416037231,0.0105750901136551,0.0156041036119422,-0.0124885709757856,0.0050944755485196,0.5410732024782752,0.0867616367152691,0.006282504195749567,0.005325096054625389,0.007690491349421513,-0.0026072778912840863
1660869475417828,-0.9886015106431678,-0.1242084382391089,-0.0313115129320209,0.0114358042924525,0.0165352618358463,-0.012934188506417,0.0050865490363329,0.547503716536649,0.0306204974029686,0.006300492355260933,0.0033643419996320922,0.011096310605415494,-0.004433984297623695
1660869475433808,-0.9889677271686884,-0.1243305104142824,-0.0294804303044173,0.0122796679032081,0.0178904218096726,-0.0132613414788916,0.0050958227445964,0.5481419160401179,-0.0258808511032385,0.0062966178442379825,0.002698312926700308,0.0098768145872178,-0.002342611503018087
1660869475449789,-0.9859159227893493,-0.1276264591439689,-0.0277714198519873,0.0129546463723272,0.0196511607934828,-0.0133927543054367,0.0051267873351654,0.5429841743999291,-0.0821469040661162,0.00629045958044509,0.005175105575435546,0.005922779271778172,-0.0005702409455292795
1660869475465769,-0.9884794384679942,-0.127870603494316,-0.0242313267719538,0.0133303478380797,0.0217571357377241,-0.0132815077247393,0.0051828940240499,0.5320893196418413,-0.1375847109863406,0.006233968322134139,0.0023504309071115115,0.0051107714292879525,0.002672866921053795
1660869475481749,-0.9945830472266728,-0.1245746547646296,-0.0200808728160524,0.0133282431598667,0.0241009342988149,-0.0129226182527206,0.0052662276120263,0.5155776236033548,-0.1916113632205499,0.006103912528707781,-0.0033778600664103875,0.007566048143076917,0.0061409887892596784
1660869475497729,-1.001297016861219,-0.1162737468528268,-0.0198367284657052,0.0129411508594882,0.0265278019989735,-0.0123575844468424,0.0053772063012911,0.4936281686300346,-0.243660583164002,0.005949629703680097,-0.0090826467308609,0.014280260449391749,0.005746619825646188
1660869475513710,-1.008133058670939,-0.1110246433203632,-0.0180056458381017,0.0122362305752901,0.0288454167994886,-0.0116645183663032,0.0055143258651607,0.4664753252891807,-0.2931880109913718,0.005773880586407836,-0.014326819686522718,0.017576427583669826,0.00681993220792472
1660869475529690,-1.010696574349584,-0.1117570763714046,-0.0170290684367131,0.0113398685575728,0.0308507502829976,-0.01093256972509,0.0056740156441576,0.4344054530610585,-0.3396752013919259,0.005618941966265038,-0.015201301828650982,0.015159595079365581,0.007016858648381988
1660869475545670,-1.00849927519646,-0.121889066910811,-0.0231326771953916,0.010408021815479,0.0323690468914511,-0.0102295369465816,0.0058507186084889,0.3977545782977375,-0.3826331996901126,0.005596245632585076,-0.011703602407974523,0.004524844085963264,0.000821924900733139
1660869475561650,-0.9970244907301442,-0.1361715114061188,-0.0261844815747309,0.0095903602373127,0.0332845640763529,-0.0095822841674258,0.0060372463425277,0.3569062202569452,-0.4216073076997638,0.005644019892385896,-0.0002059361474927579,-0.008781840368410093,-0.002006891530745545
1660869475577606,-0.9887235828183414,-0.1467917906462195,-0.0256961928740366,0.0089988014484146,0.0335512226785882,-0.0089830544189718,0.0062253675309465,0.3122879992574731,-0.4561830973935044,0.005707539560841811,0.007285474587879093,-0.017461907647659702,-0.0013667425470461209
1660869475593586,-0.9844510566872664,-0.1492332341496909,-0.0276493476768138,0.0086889682053958,0.0331962662056659,-0.0084124693202285,0.0064066127226428,0.2643672961845716,-0.4859920116616378,0.005815042166877441,0.010402200647058657,-0.017913016036017998,-0.0029879076148409886
1660869475609566,-0.989089799343862,-0.1412985427634088,-0.0250858319981688,0.0086581553735912,0.0323223263791975,-0.0078644554094756,0.0065733104410936,0.2136468279195216,-0.5107158510956643,0.005858056899054229,0.005187112191416765,-0.008980492184762323,-0.00038195274257639064
1660869475625547,-0.9911650263218128,-0.1327534905012588,-0.0225223163195238,0.0088583109787726,0.0310891489454827,-0.0073632494689055,0.006719678819394,0.1606595727708019,-0.5300907272377622,0.005831823376070912,0.0028006966921193532,-0.00039189593035107717,0.001963406642461748
1660869475641527,-0.9893339436942092,-0.1358052948805981,-0.0198367284657052,0.0092180140181073,0.0296754688699546,-0.0069586514117468,0.006842575734788,0.1059624908829686,-0.5439103793968602,0.0057841229388667795,0.004168601387750659,-0.003099330278721335,0.004184095046652313
1660869475657507,-0.9895780880445564,-0.1388570992599374,-0.0177615014877545,0.0096651151734712,0.0282462867167925,-0.0066990334472855,0.0069416314285998,0.0501303024941506,-0.5520281946505079,0.005725346472956588,0.0035320113336630987,-0.0055360211922545755,0.005633389822142714
1660869475673487,-0.9964141298542764,-0.1404440375371938,-0.0183718623636224,0.0101433021487988,0.0269298077992092,-0.0066075774923302,0.0070187919314508,-0.0062496727907948,-0.5543582381666904,0.0056812464887290555,-0.0029736274284511977,-0.006410663522559895,0.004520726051647335
1660869475689468,-0.9972686350804914,-0.1370260166323338,-0.0259403372243838,0.0106189332179204,0.0257968362315639,-0.0066781193263762,0.0070774485383031,-0.0060623608787827,-0.5543374097587793,0.005731724330117913,-0.0034453193891995637,-0.002693378355929893,-0.00274297392820266
1660869475705448,-0.9928740367742428,-0.1362935835812924,-0.0280155642023345,0.0110774837719045,0.0248576146798413,-0.0068803451077126,0.0071214069499059,-0.0058866217586439,-0.5543063551274442,0.005807136592600427,0.0008543510253441466,-0.00176485077439964,-0.004336380815538023
1660869475721428,-0.9898222323949036,-0.138124666208896,-0.0274052033264666,0.0115129733670261,0.0240844674506622,-0.0071662602163696,0.0071540381062998,-0.0057231869648141,-0.5542653739389889,0.005877894582681438,0.003515539864214934,-0.0032363400618029003,-0.0033534179457031105
1660869475737408,-0.985427634088655,-0.136415655756466,-0.0289921416037231,0.0119165779149222,0.0234354545175081,-0.0074778998119398,0.007177806449447,-0.0055717301590887,-0.5542148902169749,0.005962024121501118,0.007119124353417217,-0.0013745966484356165,-0.004446320600663647
1660869475753389,-0.9893339436942092,-0.1322652018005646,-0.0230106050202181,0.0122696228409171,0.0228591026597913,-0.0077484379624821,0.00719403001922,-0.0054296254812368,-0.5541555636259571,0.005933700449171726,0.002891533273076674,0.0024982715767191965,0.0013816943845572152
1660869475769369,-0.9911650263218128,-0.1293354695963989,-0.0208133058670938,0.0125432735252104,0.0222954929011795,-0.0078973032362668,0.0072026656231275,-0.0052928747950184,-0.5540884387862632,0.005863471550606474,0.0009544055809258545,0.004885203402796412,0.0032210941839133644
1660869475785349,-0.9933623254749372,-0.1294575417715724,-0.0188601510643167,0.0127047443229637,0.0216930476855731,-0.0078401338259894,0.007202237968866,-0.0051583750513327,-0.5540150377097907,0.005771063624454536,-0.001118604214978669,0.004286818104860618,0.00465682408802142
1660869475801329,-0.9955596246280614,-0.1356832227054245,-0.0203250171663995,0.0127273695906568,0.0210312709420824,-0.0075191075849942,0.0071902036314802,-0.0050245257069557,-0.5539373399007412,0.0057302447273431985,-0.0029843130312926514,-0.0017449765460923194,0.0028727621873447587
1660869475817309,-0.9944609750514992,-0.1409323262378881,-0.0177615014877545,0.0126001112128866,0.0203296484997538,-0.0069242847869191,0.0071637408070978,-0.0048893380314577,-0.5538576277157554,0.005683211636907441,-0.0016970971092574727,-0.006294672070700336,0.004892650079390784
1660869475833290,-0.9964141298542764,-0.1401998931868467,-0.0156862745098038,0.0123330221430432,0.0196389594197676,-0.006088007086077,0.0071206034665781,-0.0047492977787286,-0.5537782037602319,0.005609039589265911,-0.0032852267208312025,-0.005006015117693052,0.0062710893516073375
1660869475849270,-0.9950713359273672,-0.1369039444571603,-0.0114137483787288,0.011957658561607,0.0190202615931529,-0.0050749790650884,0.0070597076990135,-0.0046013835881878,-0.5537010367818822,0.005472204757118513,-0.0017481895145298187,-0.0015390597492059843,0.009489253934414105
1660869475865250,-0.9977569237811856,-0.130434119172961,-0.0104371709773403,0.0115224183024658,0.0185224997567385,-0.0039789715274876,0.0069813645894512,-0.0044449930892111,-0.5536274456235605,0.00530178844626093,-0.003990399631513375,0.004437688981493992,0.009419248202222343
1660869475881230,-0.9984893568322272,-0.1262836652170596,-0.0175173571374074,0.0110831111802869,0.0181753695434101,-0.002901249454202,0.0068872091979993,-0.0042803942044764,-0.553557920238566,0.00522492024662007,-0.004250549414299365,0.007729328643655858,0.002105155837939722
1660869475897216,-0.9971465629053178,-0.1282368200198367,-0.0228885328450445,0.0106909422329799,0.01799352102701,-0.0019140983570688,0.0067798771849715,-0.0041069251597668,-0.5534921098317376,0.005241391805030026,-0.002616979938650954,0.005198556456790904,-0.0029394178827276407
1660869475913197,-0.9998321507591365,-0.130434119172961,-0.0166628519111924,0.0103816286656549,0.0179680194881559,-0.0010514324629733,0.0066624680439845,-0.0039242489228711,-0.5534289716294555,0.005179722295717411,-0.004772311013222619,0.002701131573299931,0.002957636746012012
1660869475929177,-0.9933623254749372,-0.1317769130998703,-0.011657892729076,0.0101683446280696,0.0180467000889756,-0.0003317087654646,0.006537867203178,-0.0037334035095151,-0.5533670681438374,0.0050656155933669145,0.0015277628438790103,0.0012225038817515743,0.007166336335315569
1660869475945157,-0.9923857480735484,-0.1290913252460517,-0.018493934538796,0.0100395312019015,0.0181355644334547,0.0002266787589489,0.0064080949013007,-0.0035356310091692,-0.5533049535799492,0.005046378239680476,0.0022539062207410643,0.003517282562013141,0.0002972650730360092
1660869475961137,-0.9932402532997636,-0.1266498817425803,-0.0182497901884488,0.0099622039071092,0.0181349967268247,0.0006169509309373,0.0062739309259849,-0.0033321110944989,-0.5532415438054759,0.005015947625670574,0.0012594608950732278,0.005362853458936112,0.00048726848104489046
1660869475977118,-0.9970244907301442,-0.1299458304722667,-0.0239871824216066,0.0098910072673193,0.0179830534883043,0.0008615080000176,0.0061349735838299,-0.0031248589702235,-0.5531763791303357,0.005078683905284179,-0.002272298881776602,0.0018602142563247104,-0.004725111376901618
1660869475993098,-0.9898222323949036,-0.1232318608377203,-0.0234988937209124,0.0097817718627953,0.0176692065096306,0.0010103244008152,0.0059900298356503,-0.0029164569673772,-0.553109712114239,0.005110723559980482,0.0044369635081176195,0.007716765501784004,-0.0038131404085866745
1660869476009078,-0.9895780880445564,-0.1306782635233081,-0.0232547493705652,0.0096059802075249,0.0172240052014025,0.0011198072747144,0.005837619919801,-0.002709446705742,-0.5530423740723107,0.005164351396647247,0.004212997072618352,0.0002433265345765656,-0.0032120964524155297
1660869476025058,-1.000442511635004,-0.139833676661326,-0.0193484397650109,0.0093610053760143,0.0167207596829943,0.0012271587237285,0.0056766091002807,-0.0025061405955497,-0.5529754438366856,0.005179939840066659,-0.005986283866046382,-0.008020877943097193,0.0006247918378248958
1660869476041039,-1.001907377737087,-0.1370260166323338,-0.0192263675898374,0.0090722826593751,0.0162829757418177,0.0013317252980654,0.0055070797859403,-0.002307880556708,-0.5529098200925326,0.005184466910959535,-0.006706034971316499,-0.004691896122694494,0.0006721776116985559
1660869476057019,-0.9975127794308384,-0.1331197070267796,-0.0132448310063324,0.0087864559636776,0.0160572947471787,0.0013932825293227,0.0053311492875748,-0.0021143895601788,-0.5528458300549851,0.0050944449054033765,-0.0020802929985610508,-0.0007070278654262852,0.005988342775683197
1660869476072999,-0.9998321507591365,-0.1262836652170596,-0.0127565423056381,0.0085569545120458,0.0161609340600857,0.0013498906285238,0.0051531716140956,-0.0019240515023586,-0.5527830046895026,0.004978960982409095,-0.003959697894173275,0.005516112549864338,0.005828968328739748
1660869476088979,-0.9949492637521936,-0.1187151903562982,-0.0183718623636224,0.0084261072315668,0.016648317587751,0.0011406383996352,0.0049791817781418,-0.0017347946081947,-0.5527201107470797,0.004928904788067322,0.0008308702014926395,0.011776128669563193,0.00019228344367990674
1660869476104960,-0.9922636758983748,-0.1192034790569925,-0.0239871824216066,0.008409916306217,0.0175052608737803,0.0007222790412554,0.0048159112924413,-0.0015454338585086,-0.552655447157706,0.004971361034315525,0.003164812249780269,0.010159055971981995,-0.004880732952873862
1660869476120940,-0.9912870984969864,-0.1194476234073396,-0.0244754711223009,0.0084906660552804,0.018651721786909,8.40382504204225e-05,0.0046696567410767,-0.00135648100173,-0.5525873246564962,0.005023358772329151,0.0037272506860518417,0.008923420459471407,-0.004832119488211346
1660869476136920,-0.9926298924238957,-0.1215228503852903,-0.0219119554436559,0.0086196337206755,0.019947400311653,-0.0007421293096884,0.0045451058971409,-0.0011693183846009,-0.5525145860061158,0.005041587095465231,0.0021460110832283164,0.006163374133368635,-0.002041743428609709
1660869476152900,-0.9954375524528878,-0.1204242008087282,-0.0189822232394902,0.0087290631732261,0.0212053038229562,-0.001687092655297,0.004444277622575,-0.0009848900919247,-0.5524370076399673,0.0050140206064660285,-0.0005954840511873671,0.006535821338937653,0.0007991898980003916
1660869476168881,-0.9917753871976808,-0.1200579842832075,-0.0210574502174409,0.0087496146769527,0.0222146881818843,-0.0026624383018893,0.0043658081778523,-0.0008036012559759,-0.5523554628519394,0.00502284386931615,0.0027600130836177295,0.006211834078012526,-0.0011484333719552764
1660869476184861,-0.9938506141756314,-0.125307087815671,-0.0254520485236895,0.0086278920290419,0.0227723227576132,-0.0035771044911126,0.0043047508160715,-0.0006263792502682,-0.5522718048088154,0.005101182864679603,0.0006163074951004432,0.0008664574909941491,-0.00498872851038349
1660869476200841,-1.007888914320592,-0.1289692530708781,-0.0186160067139695,0.0083393705959338,0.0227186004280133,-0.0043526852394669,0.0042529695173764,-0.0004554829622829,-0.5521885082791308,0.005071459294774902,-0.012079793384874193,-0.002516136987791656,0.0016625819694028598
1660869476216827,-1.001541161211566,-0.1216449225604639,-0.0154421301594567,0.0078940902798728,0.0219671343602817,-0.0049454556814209,0.0042001369157616,-0.0002939989933899,-0.5521081640317319,0.004993820914315401,-0.005158836248263299,0.0043273741703602625,0.004352812671524094
1660869476232807,-0.9954375524528878,-0.127016098268101,-0.0103150988021667,0.0073343038655244,0.0205240682483897,-0.0053659270446671,0.0041352371428292,-0.0001450259688582,-0.5520329455650681,0.004859669368532357,0.0008502952593734125,-0.0009394213835491605,0.008531859625932687
1660869476248788,-0.9944609750514992,-0.1344625009536888,-0.0105592431525138,0.0067246692535089,0.0185098640665979,-0.0056710751019817,0.0040484004685423,-1.156836411896631e-05,-0.5519641722845093,0.004755925120237769,0.0016441853946858043,-0.0075472416622232585,0.007458943748027028
1660869476264768,-0.9923857480735484,-0.1482566567483024,-0.0140993362325474,0.0061377227981774,0.0161767202618699,-0.005924544641477,0.0039328194355217,0.0001039874192515,-0.5519020674060141,0.004752357220855271,0.003347471135373037,-0.01920725771115317,0.0035269656011940823
1660869476280748,-1.000442511635004,-0.1552147707331959,-0.0121461814297703,0.0056396312431373,0.01388547358934,-0.0061608765082077,0.0037863237144439,0.0002009417000925,-0.5518457460657726,0.00476422699158403,-0.0042383631834742586,-0.023548834526441992,0.004932108363574066
1660869476296728,-0.9978789959563592,-0.1410543984130617,-0.011657892729076,0.0052799914558486,0.0120295657163554,-0.0063886426323003,0.0036121381219889,0.0002808346330969,-0.5517933998113302,0.004728935645009693,-0.0015073627543464863,-0.008449615985677006,0.0048783573578415305
1660869476312708,-0.9950713359273672,-0.1232318608377203,-0.0144655527580681,0.0050851153223829,0.0109414936227954,-0.0066104385348067,0.0034185588428149,0.0003481589771032,-0.5517426145955974,0.004660690910927243,0.0011702675471809698,0.008435629430697963,0.0018636275959644875
1660869476328689,-0.9955596246280614,-0.1079728389410239,-0.0160524910353245,0.0050530731494407,0.0108264377836462,-0.0068147592928379,0.0032175697198731,0.000410418486576,-0.5516907803783936,0.004571966214747806,0.0006137809618380619,0.021325186194654913,0.0002490203868372766
1660869476344669,-0.9953154802777142,-0.1051651789120318,-0.0132448310063324,0.0051524328039937,0.0117376663075692,-0.0069564608491361,0.0030227180614801,0.0004756427831284,-0.5516355571682954,0.00446693110182685,0.0007721327809666612,0.021719561601282314,0.0027510123742464383
1660869476360649,-0.9944609750514992,-0.1085831998168918,-0.0089723048752574,0.005328110199285,0.0135782321447723,-0.0069789263075481,0.0028468424915067,0.0005505492236418,-0.5515753057375398,0.00433699140277011,0.001463974206463492,0.016471386626780077,0.0063211846547892945
1660869476376629,-0.9943389028763256,-0.1069962615396354,-0.0066529335469596,0.0055134423544254,0.0161159418858685,-0.0068616286565058,0.0027001951107623,0.0006419060632892,-0.5515093614643011,0.004198885745093456,0.0014274417434733122,0.01625249241363283,0.007776500384778384
1660869476392610,-0.9938506141756314,-0.1067521171892882,-0.0093385214007781,0.0056442757915019,0.0190210490129129,-0.006629971638882,0.0025891578426483,0.000756545228349,-0.5514380976419299,0.004127086561976703,0.0017241573997508475,0.014846973087582024,0.004581821277863895
1660869476408590,-0.9944609750514992,-0.1112687876707104,-0.0083619439993896,0.0056722195819376,0.0219307236738719,-0.0063334602440116,0.0025156181996256,0.0008980585794856,-0.551362786447305,0.004055203463192978,0.0010024168714947157,0.009297272345543853,0.0050025588113271555
1660869476424570,-1.001419089036393,-0.1091935606927597,-0.0089723048752574,0.005574587465248,0.0245125843919693,-0.0060401412285809,0.00247712181451,0.0010645832634531,-0.551285278251578,0.004004516963839045,-0.005360127402059156,0.01023524939114509,0.00395297814191342
1660869476440550,-0.9961699855039292,-0.1135881589990082,-0.005676356145571,0.0053572444581975,0.0265021917833844,-0.0058358923571433,0.0024676993316483,0.0012493207127437,-0.5512075695566448,0.00391120222736772,-9.992148263593403e-05,0.005256585976406936,0.006524034184439838
1660869476456531,-0.99995422293431,-0.1194476234073396,-0.0023804074158846,0.0050484737317602,0.0277250022939567,-0.0057993396333075,0.0024790015907617,0.0014425110897474,-0.5511313892779415,0.0037693675086567795,-0.00349574302171507,-0.000542590588732017,0.008837984622713613
1660869476472511,-1.007888914320592,-0.1243305104142824,-0.0034790569924467,0.0046859283808892,0.0281135481825994,-0.0059711676948529,0.0025014825756394,0.0016343627491948,-0.551057931694056,0.003651983733103203,-0.01028739096719744,-0.004882929836107344,0.006965401541536363
1660869476488491,-1.002761882963302,-0.1297016861219196,-0.0139772640573738,0.004301122926866,0.0277084097862697,-0.0063357340807395,0.0025255116863216,0.0018170161771792,-0.5509878234713879,0.003691673708518324,-0.004644323648916648,-0.009228694989370081,-0.003179524971051664
1660869476504471,-0.9922636758983748,-0.1233539330128939,-0.0162966353856717,0.0039067129275752,0.0266471241928737,-0.006809175866586,0.0025422947759153,0.0019846343688605,-0.5509213316995036,0.003763329230491672,0.005268495074409518,-0.002592847692309941,-0.004949006669414608
1660869476520452,-0.9834744792858778,-0.131288624399176,-0.0236209658960859,0.0034916159292763,0.0251593642816826,-0.0072433862048351,0.0025446533723673,0.0021340520438001,-0.55085871202131,0.003930674112309642,0.012651922518215786,-0.009474785170732844,-0.011046003461845928
1660869476536407,-0.9906767376211184,-0.1483787289234759,-0.0166628519111924,0.0030272800669792,0.0235525088327657,-0.0074597237405642,0.0025278214606248,0.0022663868864744,-0.5508005367859273,0.004000306307698363,0.004904697764677612,-0.02390840072552948,-0.0036791005292571826
1660869476552387,-0.9977569237811856,-0.1459372854200045,-0.0068970778973067,0.0024839880991711,0.0221560854489196,-0.0073017638143281,0.0024901035014657,0.0023869525677233,-0.5507478494322031,0.003946449869818506,-0.001957939555850663,-0.019320261499852276,0.0054780061361656635
1660869476568368,-0.999343862058442,-0.1342183566033417,0.000549324788281,0.0018500355080676,0.0212430212437401,-0.006681975335446,0.0024330000038121,0.0025032525577448,-0.5507020430809976,0.0037803319875936428,-0.0031903900497962656,-0.006841199414870519,0.011631967939578028
1660869476584348,-1.003860532539864,-0.1196917677576868,0.0064087891966124,0.0011445430750839,0.0209780570547724,-0.0056033161145629,0.0023607035524743,0.0026236120740155,-0.5506644700792794,0.003512866039164363,-0.006936354478096374,0.006916850487705933,0.015742289113118486
1660869476600328,-1.005935759517815,-0.1124895094224461,0.0084840161745631,0.0004189854756873,0.0214017386314297,-0.0041537238519517,0.0022791911740405,0.0027572582039646,-0.5506359166957575,0.0032344244379788564,-0.00811042331044276,0.012707197940651976,0.016035764481962266
1660869476616308,-1.002639810788128,-0.1110246433203632,0.006530861371786,-0.0002524044921868,0.0224272852010273,-0.0024814658995262,0.002195063658215,0.0029139748373251,-0.5506161426860868,0.003019295248531458,-0.004333027122680133,0.01275485763846139,0.01267434871126665
1660869476632289,-0.9988555733577478,-0.118471046005951,0.0023804074158846,-0.0007901803005019,0.0238600358509568,-0.0007591604186552,0.00211425546375,0.0031020735983963,-0.5506036582269509,0.00289409711152878,-0.0004939107230699236,0.004777609457586235,0.007671505279828725
1660869476648269,-1.000564583810178,-0.118471046005951,0.0016479743648432,-0.0011293485132513,0.0254536296713067,0.0008515046686014,0.002040983468145,0.003326036462826,-0.5505958128304931,0.0027960288067072187,-0.0019826290579502137,0.004299848511827617,0.0062451650059085935
1660869476664249,-0.9916533150225072,-0.1117570763714046,-0.0079957274738688,-0.0012346221962877,0.0269715633616205,0.0022252371243003,0.0019772682567181,0.0035857024763494,-0.5505891595539808,0.002838347453458229,0.006235775756748496,0.009912436331736621,-0.0030586831495230653
1660869476680229,-0.983962767986572,-0.1198138399328603,-0.0012817578393224,-0.0011067779002716,0.0282264261560403,0.0032872877027109,0.0019229950295885,0.0038770183171699,-0.5505799832899707,0.002780348593178583,0.012533690513415241,0.0016701054932528325,0.0032897578365210004
1660869476696210,-0.9883573662928208,-0.1298237582970931,0.0042114900434881,-0.000778668352297,0.0291074936007739,0.0040081990427704,0.001876401689004,0.0041931497596758,-0.5505648478246409,0.0026529976441558817,0.007325182986449796,-0.007505831583881989,0.00790470514739835
1660869476712190,-0.9940947585259784,-0.1359273670557717,0.0086060883497367,-0.0003031048400781,0.029597457441113,0.0043827743567171,0.0018349789595126,0.0045250035105152,-0.5505410221579061,0.002483018561323171,0.0014290116779629436,-0.012248496308304518,0.011069373108282255
1660869476728170,-0.9981231403067063,-0.1322652018005646,0.0001831082627603,0.0002621166357364,0.0297605880903156,0.0044223825335835,0.0017965192265765,0.0048617267064667,-0.5505066898266998,0.0024548180146674366,-0.0023394330924885187,-0.007727697947787701,0.00238175371917527
1660869476744150,-0.9861600671396964,-0.1276264591439689,-0.0101930266269931,0.0008669668132817,0.0297039958431727,0.0041652702130236,0.0017598045305343,0.0051929515984448,-0.5504609102919793,0.0025840458479348006,0.008661276067069346,-0.0027800597620727813,-0.007194943053520318
1660869476760131,-0.9900663767452508,-0.1220111390859846,-0.0138551918822003,0.0014771849695258,0.0295323908157427,0.0036750627521417,0.0017246775863881,0.0055120750895591,-0.5504033910916174,0.00274073572939057,0.004279469815363535,0.0025517342663203546,-0.009771397477854766
1660869476776111,-0.9882352941176472,-0.1336079957274738,-0.0033569848172732,0.00207662138482,0.0293161046481675,0.0030203893511663,0.0016916654283517,0.0058168749633344,-0.5503342034195431,0.0027591144915834294,0.005499497198670489,-0.008140610137651966,0.0006541286283651008
1660869476792091,-0.9936064698252842,-0.1339742122529946,0.004821850919356,0.0026639037376289,0.0290762634315053,0.0022548405797185,0.0016614405239886,0.006106523015979,-0.5502535533038759,0.002657878367752067,0.00011548934193017502,-0.007656143996855491,0.007949667928494872
1660869476808071,-0.9972686350804914,-0.1382467383840695,0.007385366598001,0.0032446254738311,0.0287728186788757,0.0014125871852058,0.0016341939498682,0.0063790779256393,-0.5501616365506196,0.002547380292379982,-0.0031920083219492135,-0.01073580311513736,0.009461865246425883
1660869476824051,-0.9929961089494164,-0.1189593347066453,-0.0018921187151903,0.0038211324680738,0.0282977383893,0.0005266560125905,0.0016088228293134,0.0066324963422999,-0.5500585850838857,0.0025149575595390067,0.0009724660282132147,0.007696440506058166,0.00016594193991112545
1660869476840032,-0.9853055619134814,-0.1203021286335546,-0.0100709544518196,0.0043833258348833,0.0275011801768347,-0.0003487310057294,0.0015820893163578,0.006866138219008,-0.5499445621081361,0.002627203346771689,0.007796711757733332,0.00571828192123397,-0.007211604417046358
1660869476855987,-0.987380788891432,-0.1356832227054245,-0.0057984283207446,0.0049044751297582,0.0262531403534103,-0.0011409507122574,0.0015483096124519,0.0070792620268677,-0.5498200201126889,0.002714196979131083,0.005149336301804475,-0.008696530935572322,-0.0026451704573742215
1660869476871967,-0.9894560158693828,-0.1421530479896238,-0.0016479743648432,0.0053434643237922,0.0245049770136172,-0.001774813196125,0.0014999705952989,0.0072696849159046,-0.5496859820614487,0.002763836247162381,0.0027666983914682586,-0.013649720597794485,0.0013547551486744606
1660869476887948,-0.9920195315480278,-0.1504539559014266,-0.003967345693141,0.0056523414415754,0.0223198205430628,-0.0021779777008395,0.001429068186176,0.0074360837011441,-0.5495441872639507,0.002891358499235487,0.00018286444154091974,-0.019755565658637564,-0.0008681545616610054
1660869476903928,-0.9973907072556648,-0.1391012436102845,0.0103150988021667,0.0057875002798675,0.0198639571485448,-0.0022896664811393,0.0013286531735656,0.007580316291683,-0.5493970831733839,0.0027602935083887196,-0.004669480139486537,-0.007562568030745925,0.012072860940282025
1660869476919908,-0.988845654993515,-0.1392233157854581,-0.0016479743648432,0.0057211880994928,0.0173766606240132,-0.0020790684494937,0.0011942169124212,0.0077066342252752,-0.5492476839963548,0.00282426637492379,0.0034880149103969638,-0.006916176185327555,9.880899594491305e-05
1660869476935888,-0.992507820248722,-0.1626611734187837,0.010803387502861,0.0054493851473885,0.0151427236954226,-0.0015560577475221,0.0010247944649463,0.0078202086730062,-0.5490992820810376,0.0029283571130520494,-0.0001567353103291147,-0.02731863043678784,0.011295153777284203
1660869476951869,-0.997634851606012,-0.1486228732738231,0.0081177996490424,0.0049954383920905,0.0134462180797673,-0.0007772178938089,0.0008236244416903,0.0079264787760414,-0.5489550466136423,0.0029505713412591237,-0.004755390000857229,-0.011952297262644518,0.007748609331119042
1660869476967849,-0.9961699855039292,-0.1325093461509117,0.0088502327000838,0.0044095126095481,0.0124817055077083,0.000151177120074,0.0005979098179454,0.0080308821269138,-0.5488175784507667,0.002815629586612828,-0.00296147150889714,0.0037451068742401783,0.007632938143944398
1660869476983829,-1.000564583810178,-0.1159075303273061,0.0092164492256046,0.0037613747125718,0.0122832624785886,0.0010931832921683,0.0003574041402026,0.0081391349267404,-0.5486885031687219,0.002515611656741614,-0.00662046283363138,0.018312230428061224,0.0071992392025186785
1660869476999809,-1.000930800335698,-0.1135881589990082,0.0126344701304645,0.0031269001400945,0.0127267938667721,0.0019172456626998,0.0001123059879111,0.0082568481382054,-0.5485682411513576,0.0021939126734775156,-0.006288011423236317,0.01856844158072321,0.00955553409664072
1660869477015790,-1.006301976043336,-0.1149309529259175,0.0244754711223009,0.0025727030974104,0.0135702133233768,0.0025174342194399,-0.0001287732866877,0.0083875163160204,-0.5484560523490318,0.001784486994644937,-0.010493268417786972,0.01550308288843251,0.01925688157962941
1660869477031770,-1.00337224383917,-0.1089494163424125,0.002258335240711,0.0021422620530978,0.0145049343015752,0.0028338370978257,-0.000360373392603,0.008530762736972,-0.5483503262012664,0.0016372254867923282,-0.006807182592258654,0.019336157524743755,-0.002664228871764442
1660869477047750,-0.9859159227893493,-0.1256733043411917,-0.011657892729076,0.0018465671542338,0.015228405800595,0.0028837426113627,-0.0005810963057485,0.008682463812843,-0.5482490382116011,0.001836156730713004,0.009584224611805747,0.0023510425733681006,-0.014922411157396299
1660869477063730,-0.9921416037232014,-0.1240863660639353,-0.0094605935759517,0.0016636240069384,0.0155151160540565,0.0027666550743941,-0.000793668249732,0.0088362258911048,-0.5481502745514213,0.0019846427372496632,0.0030226893101582553,0.0035441827655620373,-0.011452600803844798
1660869477079711,-0.9939726863508048,-0.137270160982681,0.003112840466926,0.0015486068000256,0.0152709195486476,0.0026176378448711,-0.0010039672510387,0.0089850404634471,-0.5480526800758249,0.0020276643688594592,0.0010724460142993442,-0.008675650937865292,0.0010087499151296103
1660869477095691,-0.9889677271686884,-0.1538719768062866,0.0128786144808117,0.0014508122989761,0.0145724046507762,0.002544853412636,-0.0012189654306009,0.0091225530986924,-0.547955689563917,0.002094972464877602,0.005469664676774122,-0.022749720085323805,0.00969707153611378
1660869477111671,-0.9905546654459448,-0.1536278324559395,0.0202029449912259,0.0013314516198039,0.0136498861145636,0.0025980604811465,-0.0014441406418057,0.0092442651993091,-0.5478594692732037,0.002140552446135358,0.0034944537595659186,-0.020255018161479038,0.015319261841875181
1660869477127651,-0.9969024185549706,-0.1350728618295567,0.0160524910353245,0.0011775321311932,0.0127964779075967,0.0027731084621738,-0.0016815277109138,0.009348498094874,-0.547764594775934,0.002049930949712875,-0.002567969414513871,-0.0015300427815866102,0.010051927097376403
1660869477143632,-0.9994659342336156,-0.1215228503852903,0.0103150988021667,0.0010071854852411,0.0122718169258328,0.0030319239519151,-0.0019291642204439,0.0094365465265312,-0.5476715788281091,0.001867699481205961,-0.00461833658384303,0.010817971796411793,0.0038830813777967427
1660869477159612,-1.004348821240558,-0.1204242008087282,0.0123903257801174,0.000864019527287,0.0122527724510862,0.0033249547163932,-0.0021817140948471,0.0095125827141018,-0.5475803997880887,0.0016692452767420507,-0.008551101231706881,0.010724959235676484,0.005362477520172699
1660869477175567,-0.99824521248188,-0.118471046005951,0.0112916762035553,0.0008031376670578,0.0128069083492354,0.0036106210503143,-0.0024317837447078,0.0095828525765131,-0.5474902034557415,0.0014921785228739573,-0.0022027432257260005,0.011410302634608308,0.003837445149249539
1660869477191547,-0.9892118715190356,-0.1146868085755703,0.0081177996490424,0.0008740360228651,0.0138716847136867,0.0038670792661247,-0.0026716907954107,0.0096528719175748,-0.5473993045915143,0.0013465089523656587,0.006147537963406613,0.013675086058490118,0.0005972117352629749
1660869477207527,-0.9878690775921264,-0.1187151903562982,0.0103150988021667,0.0011057146947797,0.0152729656642093,0.0040964490074656,-0.0028953126157714,0.0097252835373191,-0.5473054334048035,0.001250734211352915,0.0067412987012841485,0.008682033849986018,0.002515059799548547
1660869477223507,-0.9893339436942092,-0.1260395208667124,0.0119020370794231,0.0014987463866752,0.0167940184095167,0.0043209918876885,-0.0030993303693559,0.0098012926395342,-0.5472060845171007,0.0012128473044706802,0.004748789339281245,0.0012219330056146283,0.003691798269124455
1660869477239486,-0.9910429541466392,-0.1309224078736553,0.0172732127870602,0.0020261881667929,0.018240652386417,0.0045697192118063,-0.0032834751729334,0.0098825171718365,-0.5470989197084528,0.0011626124474129927,0.0027358009981661713,-0.0032948586011954384,0.0081566765790854
1660869477255466,-0.9921416037232014,-0.1267719539177539,0.0178835736629281,0.0026413772421257,0.0194583426587541,0.0048639929546669,-0.0034500934942042,0.0099702598722524,-0.5469821689924501,0.0010795735481631923,0.0014734362794436295,0.0007700358192353762,0.00789033370945797
1660869477271446,-0.9911650263218128,-0.1238422217135882,0.015075913633936,0.0032889727534058,0.0203294088876684,0.0052134238725979,-0.0036035397556151,0.0100643449004292,-0.5468548917213667,0.0010138101521870292,0.002205012312749055,0.00332979122106096,0.004574406312419283
1660869477287426,-0.988845654993515,-0.1255512321660182,0.0120241092545967,0.0039159489575471,0.0207893371380691,0.0056218042424831,-0.0037494829560887,0.0101631149871306,-0.5467170343188557,0.0010171081736412883,0.004071945276942213,0.0014587026917678436,0.0013703417397719839
1660869477303405,-0.9910429541466392,-0.1333638513771267,0.0147096971084153,0.0044804334877924,0.0208483395090845,0.0060924807185839,-0.0038939962106111,0.0102642936321017,-0.5465693129347939,0.001061030583346909,0.0016871815114362088,-0.005718524867406594,0.0036503366342315272
1660869477319385,-0.9876249332417792,-0.1350728618295567,0.0151979858091095,0.0049575188707592,0.0205889304501601,0.0066237155902936,-0.0040425166905638,0.0103666329373489,-0.5464129601170727,0.0011500535453612885,0.00459468217466652,-0.0066847817878529225,0.0037247628014331537
1660869477335365,-0.9926298924238957,-0.1400778210116731,0.0171511406118867,0.0053414477671484,0.0201417873615638,0.0071997310826823,-0.0041989351488111,0.0104705632184002,-0.5462494277706097,0.0012488408544559905,-0.00036924930670489964,-0.010520766872972404,0.005110125843789318
1660869477351345,-0.9940947585259784,-0.1362935835812924,0.0170290684367131,0.0056437010237035,0.0196546070211461,0.00779134812757,-0.0043650350169261,0.0105767739100826,-0.5460801351114014,0.001297812458605338,-0.001650703867908887,-0.006062876498332537,0.004489248301754147
1660869477367324,-0.9921416037232014,-0.1315327687495231,0.0178835736629281,0.0058875999189875,0.0192591001155295,0.0083646740239283,-0.0045404130124503,0.0106854153030422,-0.5459062544931281,0.0012997700275042242,0.0002722058413813233,-0.0011718554999069208,0.004809378175172232
1660869477383304,-0.9933623254749372,-0.1265278095674067,0.0172732127870602,0.0061009622281594,0.0190436771663374,0.0088857218373328,-0.0047228706379829,0.0107970947080419,-0.5457285477614531,0.0012355659124218986,-0.0008536643193191029,0.003449793313988536,0.0037791155693738983
1660869477399284,-0.99140917067216,-0.1288471808957046,0.0166628519111924,0.00630847976832,0.0190423251898035,0.0093225061061318,-0.0049090986415662,0.0109133459336323,-0.5455473327154963,0.0012233366665403685,0.0009895414351123177,0.001017379787121575,0.0028518792241554857
1660869477415264,-0.9905546654459448,-0.1299458304722667,0.014221408407721,0.0065254028926661,0.0192395150380812,0.0096568319129242,-0.0050954599554096,0.0110359330644777,-0.5453625937155792,0.0012368866605649092,0.0016596419951947494,-7.314281049647375e-05,0.00036939214861567843
1660869477431244,-0.9944609750514992,-0.1316548409246967,0.0105592431525138,0.0067540024966335,0.0195844722614527,0.0099021785365255,-0.0052787584171805,0.0111660994858833,-0.5451741803640455,0.0012489119523419977,-0.0020220008493236907,-0.0016039379366338258,-0.0029634957959323704
1660869477447223,-0.9932402532997636,-0.1279926756694896,0.0127565423056381,0.006983947406863,0.020008041960095,0.010103107391286,-0.0054568609915406,0.0113039675063755,-0.5449820343510183,0.0012192670638069938,-0.0007211511878293386,0.0018524045867159555,-0.0006895769785272635
1660869477463203,-0.9886015106431678,-0.1277485313191424,0.0149538414587624,0.0071964699141034,0.020435287014142,0.0103075115612015,-0.005629002611656,0.0114485810688717,-0.5447863608774228,0.0012184717734438123,0.0035258323218898546,0.001886894043356846,0.0013569499571373326
1660869477479183,-0.9928740367742428,-0.1273823147936217,0.0137331197070267,0.0073703276338003,0.020793633046891,0.0105408508087227,-0.0057957333964881,0.0115987264700485,-0.5445876902057728,0.0011852782597179877,-0.0006720244282666377,0.0020277995119898085,0.00012260538486146867
1660869477495147,-0.9944609750514992,-0.1310444800488288,0.0153200579842831,0.0074872542007791,0.0210227014619471,0.0108066156373469,-0.0059586402572321,0.0117528363834504,-0.5443868695466813,0.0011855573460286537,-0.0020330664349708094,-0.001470929168895574,0.0015385892959060826
1660869477511127,-0.9950713359273672,-0.1349507896543831,0.0172732127870602,0.0075358229804316,0.0210886167636285,0.0110972824255376,-0.0061199470495572,0.0119079249571747,-0.5441850115915373,0.0012307702382267523,-0.0023790845797548865,-0.004839514897004876,0.003142569688814866
1660869477527107,-0.994216830701152,-0.1366598001068131,0.0138551918822003,0.0075133596948934,0.0209960937831304,0.0113941899497831,-0.0062819752565004,0.0120603960732424,-0.5439833508913379,0.0013066236727631592,-0.0013721214181857677,-0.0058936728144914075,-0.00024790609444053265
1660869477543087,-0.99482719157702,-0.1334859235523003,0.0161745632104981,0.0074257332855567,0.020783516034374,0.0116631102872037,-0.0064465368260477,0.0122087028304534,-0.5437830353974149,0.0013297319056012572,-0.001784234064648449,-0.0024478166339807206,0.0018643187104715412
1660869477559066,-0.9929961089494164,-0.1322652018005646,0.011657892729076,0.0072853385481083,0.0204996002409066,0.0118616657831233,-0.0066145346776435,0.0123536439329614,-0.5435849975196587,0.0013485119292645474,4.2163706659770206e-05,-0.0011043853940205517,-0.002387116593855503
1660869477575046,-0.9947051194018464,-0.1308003356984817,0.009094377050431,0.007108034363619,0.0201856836324975,0.0119566451939473,-0.0067859464359955,0.0124954064996058,-0.5433899556613517,0.0013418969996934803,-0.0015001620711931896,0.00032443263725612237,-0.004455569045250452
1660869477591026,-0.9937285420004578,-0.1344625009536888,0.0084840161745631,0.0069101166380341,0.0198762547400787,0.0119363657480006,-0.0069600458162478,0.0126319784151891,-0.5431984311587109,0.001394597569085372,-0.00047122620282424865,-0.003003959356155883,-0.004559336929006518
1660869477607006,-0.9960479133287556,-0.1358052948805981,0.0103150988021667,0.0067062877212866,0.0195998359340846,0.0118109356013365,-0.0071356646346281,0.0127608028797025,-0.543010719157399,0.0014472007980241613,-0.0025115377780098314,-0.003912077954758647,-0.002455428871262629
1660869477622985,-0.9958037689784084,-0.1322652018005646,0.0078736552986953,0.0065087195184321,0.0193733181701214,0.0116029623548082,-0.0073114517875071,0.0128800716625124,-0.5428268906149588,0.0014581227298569729,-0.0020406540848962873,-0.0003347863872526502,-0.004407185137260626
1660869477638965,-0.994216830701152,-0.1327534905012588,0.004821850919356,0.0063267352041381,0.0192027678027621,0.0113324710002864,-0.0074860683740862,0.0129883886899887,-0.5426468438396757,0.0014966463177356571,-0.0004083442268759674,-0.0007407675791521462,-0.006713090564939933
1660869477654945,-0.9947051194018464,-0.1300679026474403,0.009094377050431,0.0061667621559424,0.0190863114561002,0.0110061436789027,-0.0076582538715224,0.0130851335838451,-0.5424703352520571,0.0014789849706849253,-0.0008069696348133037,0.0017503382471996953,-0.002196507990478439
1660869477670925,-0.9929961089494164,-0.1316548409246967,0.0095826657511253,0.0060322763308644,0.0190097829473222,0.0106225680502351,-0.0078268804438952,0.0131710948957206,-0.5422970025554696,0.0014886066489788294,0.0008118367358550538,0.00014705997294897633,-0.0015373973608057267
1660869477686905,-0.99482719157702,-0.1328755626764324,0.0075074387731746,0.0059237100828549,0.018948142824779,0.0101843856668428,-0.0079910971807046,0.0132477163612906,-0.5421264303116421,0.0015174913529180253,-0.0009173213025737148,-0.0009662956009080514,-0.0032513619048807835
1660869477702884,-0.9950713359273672,-0.1349507896543831,0.0049439230945296,0.0058386826879991,0.0188774907012611,0.009698113409654,-0.0081504291870801,0.013316136209968,-0.5419582236908714,0.001585342348321398,-0.0010453190876288376,-0.0027373703209728484,-0.005233389825173205
1660869477718864,-0.9951934081025406,-0.1320210574502174,0.0038452735179674,0.0057724202957396,0.0187819778457208,0.009166714547983,-0.008304715167527,0.0133769942023295,-0.5417920564229282,0.0016189607305474609,-0.0010506521365221122,0.00017312569487357155,-0.0056988354615618644
1660869477734844,-0.9940947585259784,-0.1315327687495231,0.0029907682917524,0.0057177781727914,0.0186536874316857,0.0085922227729958,-0.008453978762444,0.0134303571562632,-0.5416277116779142,0.0016565942013202994,4.3197696036112454e-05,0.0005952729560110559,-0.005898006618999177
1660869477750824,-0.9934843976501108,-0.1334859235523003,0.0029907682917524,0.005665199239604,0.0184943244731595,0.0079828789912363,-0.0085983280714605,0.013475724861861,-0.5414651228411844,0.0017190382564298372,0.0005882027147133817,-0.0012220936620895295,-0.005308205957099259
1660869477766803,-0.9934843976501108,-0.1339742122529946,0.0060425726710917,0.0056035947497796,0.0183153775888614,0.0073504228597533,-0.008737860070608,0.0135123880535757,-0.5413043990728301,0.0017584334120697746,0.0005293824432420768,-0.001539344126505443,-0.0020307614199839624
1660869477782783,-0.99482719157702,-0.1334859235523003,0.0021362630655374,0.0055222409352052,0.0181331738309597,0.0067030858717482,-0.008872559306255,0.0135399403999818,-0.5411458223011757,0.0018160298449242426,-0.0007320703353004276,-0.0009459498832300184,-0.005343363922984436
1660869477798763,-0.994216830701152,-0.1299458304722667,0.0046997787441824,0.0054130778833477,0.0179618582621368,0.0060447045177021,-0.0090022479016747,0.0135585702987907,-0.5409898140257035,0.0018097141017114793,-0.00010953851348916022,0.0023347288771232155,-0.002501863419905493
1660869477814758,-0.9927519645990692,-0.1323872739757381,0.0009155413138017,0.0052729021822752,0.0178058690421489,0.0053765319330334,-0.0091266400191293,0.0135687616190696,-0.5408368807484066,0.0018701220187796474,0.001219794829734222,-9.60431637133663e-05,-0.005657490765257575
1660869477830738,-0.9944609750514992,-0.1305561913481346,0.0009155413138017,0.0051045881885278,0.0176585833525506,0.0046988006788907,-0.0092454713239023,0.0135707150329164,-0.5406875391138338,0.0019026075108017806,-0.0004402940604262273,0.001561535517501128,-0.0050917416887318176
1660869477846717,-0.99653620202945,-0.132997634851606,0.002258335240711,0.0049162796265556,0.0175131720668686,0.0040151001042755,-0.0093585863874837,0.0135642118084588,-0.5405422278887867,0.001941252218390988,-0.0022639689345392844,-0.0007919171873732589,-0.0033740529856402654
1660869477862697,-0.9981231403067063,-0.1323872739757381,0.0037232013427939,0.0047185702309412,0.0173725192213489,0.003333224923871,-0.0094659030755959,0.0135488299639482,-0.5404012427425015,0.001953284846209384,-0.0034658164906160582,-0.00016340068035480826,-0.0017182681952016294
1660869477878677,-0.9980010681315328,-0.1337300679026474,0.0053101396200503,0.004520583892327,0.0172430329688992,0.00265605604567,-0.0095673180148947,0.0135240359548019,-0.5402647271425174,0.001964141281855077,-0.0030093698838983274,-0.0013555751465376964,-0.0001181969261507057
1660869477894657,-0.99482719157702,-0.1327534905012588,0.0016479743648432,0.0043257112794723,0.0171239657791416,0.0019763679224335,-0.0096626716816568,0.0134893776946657,-0.5401327216788944,0.002005726138340737,0.00014805600355294324,-0.0003410979706341688,-0.003402325963222025
1660869477910637,-0.9923857480735484,-0.1336079957274738,-0.0004272526131074,0.0041283607038678,0.0170108505238053,0.0012877186691848,-0.0097517864609812,0.0134451608980997,-0.540005261272414,0.0020775440723425718,0.002330549556322059,-0.001076042877164285,-0.004929797647055363
1660869477926616,-0.9923857480735484,-0.1305561913481346,0.0007934691386282,0.0039141963953206,0.0169062227558907,0.0005962274890249,-0.0098344972809502,0.0133929282875954,-0.5398825076292851,0.002100802613152686,0.0020974946006898643,0.0017781853519574231,-0.0033381683057877864
1660869477942596,-0.992507820248722,-0.1310444800488288,0.001403830014496,0.0036650962304012,0.0168222985285188,-8.201492269774638e-05,-0.0099106261584775,0.0133347789476426,-0.539764873531674,0.0021213069078167843,0.0017778801829646529,0.0011609069861369115,-0.002455026686927988
1660869477958576,-0.9970244907301442,-0.1332417792019531,0.000549324788281,0.0033670584168414,0.0167760258728052,-0.0007295413739171,-0.0099799277353978,0.0132722593992091,-0.539653052548564,0.002160805131042981,-0.0024649112686118135,-0.0009327529502886622,-0.0029785787218286892
1660869477974556,-0.9960479133287556,-0.1267719539177539,0.0011596856641489,0.0030177412031885,0.0167805949898882,-0.0013316930396738,-0.0100420767909086,0.0132063272002056,-0.5395478931929857,0.0021329365991733748,-0.0013395004805009103,0.004983365100519499,-0.00213139606136471
1660869477990535,-0.997634851606012,-0.1279926756694896,0.0044556343938353,0.0026305010728167,0.0168372657919173,-0.0018762743408272,-0.0100967558271005,0.0131381969945674,-0.5394501554089928,0.0020815012875013733,-0.002633794881981455,0.0033863790139053995,0.0010480974014895213
1660869478006515,-1.001419089036393,-0.1309224078736553,0.0027466239414053,0.0022329515112016,0.0169378346215954,-0.0023522606860161,-0.0101437887357232,0.0130697222758598,-0.5393602583594116,0.0020771673757099536,-0.005776229081126294,0.0004109821287657245,-0.0005948217458464308
1660869478022495,-0.9986114290074006,-0.1333638513771267,0.003967345693141,0.0018603707295267,0.017075567235453,-0.0027549975330099,-0.0101831660142761,0.0130028405529267,-0.5392781172777396,0.002085969579519652,-0.002671712146920635,-0.0018274152372351193,0.0005633100053003422
1660869478038475,-0.995925841153582,-0.132143129625391,0.0051880674448767,0.0015461826960051,0.0172489984203508,-0.0030953144877363,-0.0102149106728509,0.0129389217389311,-0.5392031103848487,0.002071504278090173,1.2488136208244072e-05,-0.0005460241369494856,0.001605628581332438
1660869478054454,-0.9940947585259784,-0.1315327687495231,0.0033569848172732,0.0013123647811069,0.017458386977365,-0.0033959324687482,-0.0102389202939363,0.0128787875807023,-0.539134180426113,0.002074703320881317,0.0016592136874306052,5.79030650265655e-05,-0.00020290864164395576
1660869478070434,-0.9909208819714656,-0.1282368200198367,0.0020141908903639,0.0011632558050803,0.0177028763989743,-0.0036787330385613,-0.0102549186053852,0.0128228546295047,-0.5390700616165847,0.0020670673204265235,0.0043497812177490935,0.0030184666152416884,-0.0013911323116979298
1660869478086414,-0.9889677271686884,-0.1259174486915389,0.0051880674448767,0.0010855175738653,0.0179756566636853,-0.0039634652840562,-0.0102625163213729,0.0127710094605608,-0.5390095649711224,0.002010782446444085,0.005672642418473539,0.004804054149185527,0.0016044698185333829
1660869478102394,-0.9958037689784084,-0.125307087815671,0.0051880674448767,0.001053583228354,0.0182608113935098,-0.0042702068839201,-0.0102613226619369,0.0127229699865058,-0.5389518070014062,0.0019448225463946115,-0.0010470594521218013,0.004872973522548091,0.0014440228366800444
1660869478118373,-0.9961699855039292,-0.1265278095674067,-6.103608758678547e-05,0.00103746029948,0.018539474575031,-0.0046089867662644,-0.0102510677248495,0.0126787883488154,-0.5388963306273226,0.001958263108487348,-0.0012719483798784292,0.003287026593731146,-0.003424572626205097
1660869478134369,-0.99653620202945,-0.1311665522240024,0.003967345693141,0.0010103353540103,0.0187943817768852,-0.0049736012011054,-0.0102317169282874,0.0126383684548245,-0.5388431318518466,0.001958895825080065,-0.0014743484148592723,-0.0012165444565780947,0.0005434282390704196
1660869478150348,-0.9962920576791028,-0.1315327687495231,0.0050659952697031,0.0009539748627385,0.0190061375861064,-0.0053531057936548,-0.0102035585748772,0.0126009873425518,-0.5387925813699568,0.001950177593237446,-0.0011071836580608396,-0.001424484883888938,0.0014778700340692683
1660869478166328,-0.9951934081025406,-0.1298237582970931,0.0032349126420996,0.0008601080526137,0.0191560113458555,-0.0057398094860139,-0.0101672199968678,0.012565979411369,-0.5387452590004356,0.0019520503369785708,-7.680673348886558e-06,0.0002560730116869525,-0.0003178913341808087
1660869478182308,-0.9947051194018464,-0.127870603494316,0.0012817578393224,0.0007282050981192,0.0192370105514228,-0.0061230194349506,-0.010123580693261,0.0125330970126661,-0.5387018042069823,0.0019623838095069253,0.0004325472246108353,0.0019883050330176677,-0.002043941523262208
1660869478198288,-0.9917753871976808,-0.1305561913481346,0.003967345693141,0.0005622390229235,0.0192566063825983,-0.0064863476373473,-0.01007362568596,0.0125018043585201,-0.5386628402184063,0.001965698488630868,0.0030260514858988508,-0.0006275545387208481,0.0005774816975007528
1660869478214267,-0.99482719157702,-0.1333638513771267,0.0043335622186617,0.0003682824290672,0.0192314691933513,-0.0068161302904519,-0.0100182935738088,0.0124714240087479,-0.5386289204620082,0.001981906901910847,-2.3177604096313864e-05,-0.0030916931109416512,0.0008493284007193075
1660869478230247,-0.9970244907301442,-0.1337300679026474,0.0020141908903639,0.0001531368191226,0.0191850742407576,-0.0071091155449584,-0.009958313213123,0.012442269987926,-0.5386004766755407,0.0020238221960963486,-0.0019984290814983874,-0.003112118672816133,-0.001323038634820643
1660869478246227,-0.9947051194018464,-0.1284809643701839,0.0055542839703974,-7.622268991835815e-05,0.0191424569451568,-0.0073717821468247,-0.0098940652725739,0.0124155348867776,-0.5385778118725826,0.0019807419052410226,0.00028884802211948113,0.0019232863736826644,0.001995349000691571
1660869478262207,-0.994216830701152,-0.1277485313191424,0.003967345693141,-0.0003126896374021,0.0191177904368374,-0.0076143478239359,-0.0098255928446369,0.0123920864602477,-0.5385611250072305,0.001955500566209154,0.0006994230505324994,0.00239014748225172,0.000367569651091654
1660869478278186,-0.9967803463797972,-0.1272602426184481,0.0034790569924467,-0.0005490768146522,0.0191089107180961,-0.0078466197694397,-0.0097527765822321,0.0123720668359048,-0.5385505160970817,0.0019308727576960937,-0.0016776833653014966,0.0025905925646514394,-0.00010864714464238175
1660869478294166,-0.9956816968032348,-0.1297016861219196,0.0043335622186617,-0.0007785155368322,0.0191037656758767,-0.0080789233539163,-0.0096755159500117,0.0123550387990202,-0.538545981801021,0.0019199131806957395,-0.0005211304098652336,0.00013423415506194636,0.0006712722734153569
1660869478310146,-0.9961699855039292,-0.1299458304722667,0.0049439230945296,-0.0009953418674789,0.0190868806445593,-0.0083217847032318,-0.0095938185549644,0.0123398330083079,-0.5385474300671299,0.0019040712445972843,-0.00090847719950371,-9.891917575666209e-05,0.001153469834354931
1660869478326126,-0.9961699855039292,-0.1306782635233081,0.0067750057221331,-0.0011964557446229,0.0190453406740277,-0.0085791154469545,-0.0095078317774776,0.0123249558154982,-0.5385547010283044,0.001874306658737421,-0.0008176294795534389,-0.0007482170041182568,0.0026860972157625876
1660869478342105,-0.9949492637521936,-0.1318989852750438,0.0045777065690089,-0.0013824990133636,0.0189783645628666,-0.0088418621084713,-0.0094178193033188,0.0123098313821658,-0.5385675907567398,0.0018854805953988725,0.0003627830449638436,-0.0017720448802685529,0.0004399182563745493
1660869478358085,-0.9911650263218128,-0.1325093461509117,0.0010376134889753,-0.0015577926845499,0.0188993682706643,-0.0090906788472828,-0.0093240717521158,0.0122951627041753,-0.5385859080150633,0.001947848169140023,0.0037323184278101884,-0.0021441651805228223,-0.002790157341293146
1660869478374065,-0.99482719157702,-0.1323872739757381,-0.0001831082627603,-0.0017287608800509,0.018827339162505,-0.0093051911480389,-0.0092268150283169,0.0122816928245982,-0.5386095559592247,0.002011403857734121,6.313785534273197e-05,-0.0018198837048143124,-0.0036097911837258715
1660869478390045,-0.99482719157702,-0.127016098268101,0.0054322117952239,-0.0019016564446358,0.0187800536404883,-0.0094704305674196,-0.0091261626225426,0.0122695051173514,-0.5386385652050019,0.001958815361941063,5.6824069808447675e-05,0.0031961628025405087,0.0018049759868324954
1660869478406025,-0.9962920576791028,-0.1279926756694896,0.0045777065690089,-0.0020805626863734,0.0187703060307803,-0.0095755696301096,-0.0090221203391953,0.0122590437977428,-0.5386730468097093,0.0019272384155426033,-0.0012672378290469188,0.0019976268610367165,0.000855423684555746
1660869478422004,-0.9972686350804914,-0.1283588921950103,0.008239871824216,-0.0022662285479688,0.0188000465769519,-0.0096115615337964,-0.0089146722554782,0.0122515610303185,-0.5387131340688869,0.0018572767267584194,-0.002019433707391882,0.00146826930196442,0.004065830045786562
1660869478437984,-0.9944609750514992,-0.1299458304722667,0.0078736552986953,-0.0024560411369693,0.0188589727808548,-0.0095758435750027,-0.0088039076791478,0.0122480348151104,-0.5387589528023176,0.0018162079243573778,0.000709403689440169,-0.00010680207776281314,0.0033296521682392756
1660869478453949,-0.9958037689784084,-0.1292133974212253,0.0077515831235217,-0.0026452317313541,0.0189319637937985,-0.0094780739941517,-0.0086900646076622,0.0122488721058167,-0.5388105798275662,0.001772864610638108,-0.0005700512137221114,0.000563067875950729,0.0028868219937591083
1660869478469928,-0.99482719157702,-0.127016098268101,0.0072632944228274,-0.0028288348475481,0.0190086577703194,-0.0093371127066091,-0.0085734444700054,0.0122547731664806,-0.5388679980779222,0.0017224449210988446,0.00036587356889961065,0.0024843303261675442,0.0021586799637583276
1660869478485908,-0.9934843976501108,-0.1279926756694896,0.0061646448462653,-0.0030033477364656,0.0190878521858386,-0.0091738841487837,-0.0084542706599486,0.0122669176822446,-0.5389311012075678,0.0017004827636180363,0.0015378007462280019,0.001356977632301054,0.0009540273484766057
1660869478501888,-0.9936064698252842,-0.130434119172961,0.007385366598001,-0.0031673866286348,0.019175520705106,-0.0090079792447788,-0.0083325724548926,0.0122864222363334,-0.5389997376667618,0.0016873963794694527,0.0012741557139491766,-0.0009760192840533033,0.001957274190191075
1660869478517868,-0.9945830472266728,-0.1315327687495231,0.006530861371786,-0.0033215927950548,0.0192817062578799,-0.0088563400642756,-0.0082081230318617,0.0123138593889653,-0.539073758125957,0.0016934984896032589,0.00026782048130458147,-0.001867201974553867,0.0009924920675784673
1660869478533847,-0.9958037689784084,-0.1275043869687953,0.0059205004959181,-0.0034684463293702,0.0194190587782223,-0.0087308945686464,-0.008080423833232,0.0123490680891844,-0.5391530534104935,0.0016684425410590199,-0.000857611143387893,0.0019450618255565377,0.00034391807253951034
1660869478549827,-0.995925841153582,-0.1276264591439689,0.004821850919356,-0.0036124533406684,0.0195979807331843,-0.008633925759556,-0.0079487606504025,0.0123916118418502,-0.539237576285743,0.00165960510370835,-0.0008817149867053065,0.0016406906853446424,-0.0006792583536203312
1660869478565807,-0.9978789959563592,-0.1305561913481346,0.0088502327000838,-0.0037606742102659,0.0198181349173558,-0.0085536502502389,-0.0078123883631732,0.0124412657429407,-0.5393273683813261,0.0016276858109202622,-0.0025513828105342418,-0.001160137366938957,0.0030142110843967215
1660869478581787,-0.9956816968032348,-0.1293354695963989,0.0078736552986953,-0.0039227659592637,0.0200632316927554,-0.0084697261391953,-0.0076708062828013,0.0124978019475187,-0.5394226082700526,0.001603669063088896,-0.00031867529166884623,5.452594631705221e-05,0.0018338703147073995
1660869478597767,-0.9927519645990692,-0.1282368200198367,0.0070191500724803,-0.0041095347827006,0.0203016573101122,-0.0083690390201034,-0.0075239801083038,0.0125611691077681,-0.5395236337593876,0.0015868771135106208,0.0023499512212470375,0.0010378579705913327,0.0008814285796431599
1660869478613746,-0.9917753871976808,-0.126161593041886,0.0104371709773403,-0.0043298010765842,0.0204926750395128,-0.0082545752910755,-0.0073724179799529,0.0126320735920399,-0.5396309131847273,0.0015184817375748058,0.0029938757603720223,0.0028017764536878154,0.0038695045360528446
1660869478629726,-0.9932402532997636,-0.123598077363241,0.0043335622186617,-0.0045860962294936,0.0205975660687906,-0.0081393951713301,-0.0072171150581022,0.0127111032190322,-0.5397449965101853,0.0015020284398365817,0.0013761086924601873,0.004828762919099533,-0.0020106938003631794
1660869478645706,-0.9954375524528878,-0.1245746547646296,0.0066529335469596,-0.0048703780076389,0.0205915166703577,-0.0080371882864596,-0.007059400498787,0.012797362300567,-0.5398664159839744,0.0014653954296833943,-0.000739071414597503,0.00346696696593983,0.00027780977514124845
1660869478661686,-0.9994659342336156,-0.1286030365453574,0.0070191500724803,-0.0051620115584131,0.020473953333725,-0.0079561982586729,-0.0069006925846027,0.0128892403911333,-0.5399954857559129,0.0014513981222321801,-0.004290707875792776,-0.0005052733333091586,0.0005796236705957539
1660869478677665,-0.9995880064087892,-0.1359273670557717,0.006530861371786,-0.0054301623391891,0.0202758509686585,-0.0078948409786883,-0.0067421734557554,0.0129860589723604,-0.5401320849117265,0.0015089902555523805,-0.0039715020458697126,-0.007046643459351104,8.22014729113087e-05
1660869478693645,-0.9983672846570536,-0.1375143053330281,0.0098268101014724,-0.0056406597756006,0.0200560860324254,-0.0078439295060632,-0.0065844470738961,0.0130879701064348,-0.540275561086079,0.001548773359258122,-0.002475702264720714,-0.007770223562946765,0.003040335182337938
1660869478709625,-0.9911650263218128,-0.1360494392309453,0.0077515831235217,-0.005765322053565,0.0198845035825794,-0.0077960416761287,-0.006427293332088,0.0131951274590009,-0.540424778632199,0.0016069027560610507,0.004253900463468074,-0.005674821714777567,0.0008685973839485141
1660869478725605,-0.9899443045700772,-0.1299458304722667,0.0066529335469596,-0.0057908880929576,0.0198252184690627,-0.0077489166071985,-0.0062696040244442,0.0133078958373817,-0.5405782796518216,0.0016146920872976928,0.004927159993683317,0.0003859083395109375,-0.0002070469733522276
1660869478741584,-0.9921416037232014,-0.1240863660639353,0.0045777065690089,-0.0057243223220195,0.0199294435502175,-0.007699254407035,-0.0061094953118633,0.0134272870129784,-0.5407345507666327,0.001583737858952263,0.0024568747565032467,0.005620835473058111,-0.002054046556172635
1660869478757564,-0.9920195315480278,-0.1221332112611582,0.0081177996490424,-0.0055920454504417,0.0202284079550283,-0.0076391960386736,-0.0059445577332487,0.0135548828062455,-0.5408923399294681,0.0015054888083263064,0.0023210522385090915,0.006816591248251708,0.0013374418714747777
1660869478773529,-0.9933623254749372,-0.1217669947356375,0.0076295109483481,-0.0054334455427427,0.0207188080062495,-0.0075589093182428,-0.0057722597579937,0.0136926566328285,-0.541050915761823,0.0014374905922522315,0.0008804324804396746,0.006464526996395173,0.00076423785370243
1660869478789508,-0.9932402532997636,-0.1232318608377203,0.0092164492256046,-0.0052916050903637,0.0213522339339456,-0.0074484670960985,-0.0055905075238701,0.0138424644829828,-0.5412102061996822,0.001373721353034577,0.0009022541900518544,0.004499694804881146,0.0021160585178630386
1660869478805488,-0.9939726863508048,-0.1248187991149767,0.0083619439993896,-0.0052045083498495,0.0220438175557791,-0.0073004793803786,-0.0053981999248718,0.0140053743007239,-0.5413707960864321,0.0013371152732055355,0.00015283902510954128,0.0026214808748622476,0.0011353979624832353
1660869478821468,-0.9970244907301442,-0.127870603494316,0.0072632944228274,-0.0051990347640926,0.0226975058298598,-0.007118557492956,-0.0051955044080344,0.0141818523391945,-0.5415337850354259,0.0013297944156314084,-0.002609068818806848,-0.00038729115402935665,3.307354732893109e-05
1660869478837448,-0.9954375524528878,-0.126161593041886,0.0083619439993896,-0.0052889815815545,0.023229245192962,-0.0069260468378424,-0.0049837283924116,0.0143722410192144,-0.5417005753591511,0.001302990441868559,-0.0009199174873953941,0.001189547368560584,0.0010185508115020192
1660869478853428,-0.9989776455329212,-0.1276264591439689,0.0100709544518196,-0.0054771110050538,0.0235774339496817,-0.0067630810056362,-0.0047649346236052,0.0145761257468544,-0.5418726930114637,0.0012602954617296524,-0.0040140095106859786,-0.0002477868601700739,0.002454805137538818
1660869478869407,-0.9966582742046236,-0.1310444800488288,0.0071412222476539,-0.0057596316497667,0.0237075224922454,-0.006672119528221,-0.0045415219597199,0.0147912633690781,-0.5420516779492677,0.0012918480531863218,-0.0015251743641494508,-0.003299226988526971,-0.0004274343599641947
1660869478885387,-0.9928740367742428,-0.1317769130998703,0.0062867170214389,-0.0061303102685963,0.0236137797683992,-0.0066878598732657,-0.0043158602884655,0.0150137737646806,-0.5422390146632967,0.0013462770996994949,0.0020331567596082456,-0.0036284940356116346,-0.001153745627561275
1660869478901367,-0.9926298924238957,-0.1303120469977874,0.003967345693141,-0.0065820723252069,0.0233146389028076,-0.0068357803380784,-0.0040899916303031,0.0152395135838339,-0.5424360778278619,0.001409888931923827,0.00204957099895986,-0.0019472651401758467,-0.0031258052602732567
1660869478917347,-0.9944609750514992,-0.132997634851606,0.0029907682917524,-0.0071060766072309,0.0228501068687796,-0.0071265328543744,-0.0038654096547378,0.0154650364962754,-0.5426440946545211,0.0014965614220803839,0.00019663953422066616,-0.0041695676945950055,-0.003692144395495672
1660869478933326,-0.9971465629053178,-0.1348287174792095,0.0029907682917524,-0.007689323825398,0.022284976733171,-0.0075505018582091,-0.0036428790175607,0.0156876051148538,-0.5428641087986551,0.0015850184043873922,-0.002240053487638116,-0.005400585289978638,-0.0033229299559461053
1660869478949306,-1.002517738612955,-0.1328755626764324,0.0045777065690089,-0.0083121837749563,0.0217000922183415,-0.0080855029491453,-0.003422283848854,0.0159053230861667,-0.5430969011957155,0.0016234073702662078,-0.006850106275747669,-0.0031026874384814107,-0.0015623925108206455
1660869478965286,-1.000442511635004,-0.1303120469977874,0.0026245517662317,-0.0089482272870339,0.0211668040483702,-0.0087042697515941,-0.0032026528930954,0.0161175142568342,-0.5433428761989099,0.0016633725659586356,-0.0042973913680171005,-0.0004852545838527622,-0.003163992582238061
1660869478981266,-0.9992217898832684,-0.1308003356984817,0.0007934691386282,-0.0095680010955122,0.0207288737388766,-0.0093695914390149,-0.0029824764055692,0.0163243043126126,-0.5436019933859988,0.0017272933538863132,-0.0027690026546534074,-0.0008761889560923719,-0.004495567688857405
1660869478997245,-0.9969024185549706,-0.1311665522240024,0.001403830014496,-0.0101452302043849,0.0204063462670486,-0.0100331801431972,-0.0027601455129075,0.0165258777836486,-0.5438737881894011,0.0017823936977268684,-0.00040466819372009244,-0.0011181649334517652,-0.0034966861316906442
1660869479013225,-0.9940947585259784,-0.1333638513771267,0.003112840466926,-0.0106623876946582,0.0202077447435635,-0.0106456634028252,-0.0025342448003754,0.016722677141408,-0.5441574605302733,0.0018324767586858034,0.0021626926517449574,-0.002983917677918446,-0.0016089081113345796
1660869479029205,-0.9940947585259784,-0.131288624399176,0.0025024795910582,-0.0111135400498055,0.0201354602588942,-0.011164279760748,-0.0023036523347053,0.0169161792634068,-0.5444520125472257,0.001866616741425003,0.0019464233865704728,-0.0008178216299709606,-0.001997342088482142
1660869479045185,-0.9944609750514992,-0.1286030365453574,0.0029907682917524,-0.0115035449694473,0.0201829287029099,-0.011556685808172,-0.0020675759260614,0.0171091755836388,-0.5447564141500627,0.0018685197854844873,0.0014221861749446063,0.0016809896014628734,-0.0013581480490091479
1660869479061164,-0.99653620202945,-0.1277485313191424,0.006530861371786,-0.0118440791366605,0.020328013077646,-0.0118085597857152,-0.0018256091941575,0.0173051524072858,-0.5450697525802163,0.0018210972840178358,-0.0005877367227056229,0.00228194534491008,0.0019637505279220075
1660869479077144,-0.995925841153582,-0.1262836652170596,0.0072632944228274,-0.0121486178227274,0.0205306252830812,-0.0119307295927309,-0.0015777910777485,0.0175069462292677,-0.5453913273780806,0.0017579633790887456,2.0361737846252836e-05,0.00337213030229358,0.002426565221067067
1660869479093139,-0.9989776455329212,-0.1272602426184481,0.007385366598001,-0.0124286960635149,0.0207406694637379,-0.0119583370275413,-0.0013246016680531,0.0177156157381399,-0.5457206692078422,0.0017064608061210498,-0.002728298377343674,0.002155997610814586,0.002293773656616601
1660869479109119,-0.9958037689784084,-0.1266498817425803,0.0071412222476539,-0.012692579343993,0.0209101821570209,-0.0119409567147034,-0.0010668618147915,0.0179306106918956,-0.5460574852704878,0.0016594961824799134,0.0004010203594522199,0.0024897226380141413,0.001844666375642551
1660869479125099,-0.9972686350804914,-0.131288624399176,0.0088502327000838,-0.0129461177470177,0.0210027307496002,-0.0119276608573064,-0.0008055828110571,0.0181507999413222,-0.5464015827094011,0.001636070700355182,-0.0009574611683675904,-0.0019341180167233851,0.003198309145265205
1660869479141079,-0.9945830472266728,-0.1317769130998703,0.0049439230945296,-0.0131944411928916,0.0210012746077082,-0.0119576708998813,-0.0005417936551728,0.0183749243448081,-0.5467528355018352,0.001666056190915451,0.0015553140169058954,-0.0021801660456759187,-0.0006372004142600951
1660869479157058,-0.9916533150225072,-0.128725108720531,0.0064087891966124,-0.0134428857753447,0.0209101536850688,-0.0120602185918296,-0.0002763380207498,0.0186015319953035,-0.547111190698165,0.0016524601061995597,0.004036541598964383,0.0007844745002970333,0.0007448991190404349
1660869479173038,-0.9936064698252842,-0.132143129625391,0.0081177996490424,-0.0136965031357865,0.0207471456111994,-0.0122512226230836,-9.726307379581472e-06,0.0188293582620664,-0.5474766651448207,0.0016510693019913117,0.0018750481165686894,-0.0023701917641066605,0.0022085186143233912
1660869479189018,-0.9953154802777142,-0.1315327687495231,0.003112840466926,-0.0139584261874828,0.0205366100434731,-0.0125250496648515,0.0002578635677176,0.0190573692225942,-0.5478493359534724,0.0016982850976129938,0.00014943389772481552,-0.0015838477994148947,-0.002516796511013708
1660869479204998,-0.9967803463797972,-0.1314106965743496,0.0038452735179674,-0.0142276385981598,0.0203093080173836,-0.0128568234293767,0.0005265129473587,0.0192840232700564,-0.5482293245198027,0.0017297816260824239,-0.0011838889839222988,-0.001315598061817247,-0.0016059271139750773
1660869479220977,-0.9956816968032348,-0.131288624399176,0.0034790569924467,-0.0144972641518544,0.0200970022045623,-0.013214306407351,0.0007965073449488,0.0195077871777779,-0.5486167080416573,0.0017624519038617276,-7.671546662391115e-05,-0.0010741732979792917,-0.0017749292755462002
1660869479236957,-0.9987335011825742,-0.1288471808957046,0.0061646448462653,-0.0147546910447688,0.0199193848056724,-0.0135653414485242,0.0010682306948422,0.0197288304240146,-0.549011375387764,0.0017370335687082062,-0.0028156678613669994,0.001230543184942895,0.0008195927204451611
1660869479252937,-0.9938506141756314,-0.1294575417715724,0.007385366598001,-0.0149836552476811,0.0197777380840733,-0.0138834242757574,0.0013419771816419,0.0199489633059175,-0.5494129480275296,0.0017104633189350131,0.001860497231018221,0.0005581640781675834,0.001836283024962775
1660869479268917,-0.9932402532997636,-0.1318989852750438,0.0110475318532081,-0.0151673715485523,0.0196606633437477,-0.014155104623768,0.0016178107260757,0.0201700680483692,-0.5498207865543039,0.0016709948483170567,0.0022237722961973017,-0.0016949514827734324,0.004948603452152888
1660869479284896,-0.99311818112459,-0.1289692530708781,0.0071412222476539,-0.0152917112761669,0.0195505982161474,-0.0143800351955732,0.0018955390928441,0.0203933088451539,-0.5502340245411618,0.0016515634650573353,0.0021112600242337853,0.0011113026492530487,0.0009380644619388194
1660869479300876,-0.9938506141756314,-0.1290913252460517,0.0068970778973067,-0.0153474102628766,0.0194228616402277,-0.0145663354808509,0.0021747081572438,0.0206189750243789,-0.5506516278130479,0.001637146631701647,0.0012409442758731792,0.0008903074266714828,0.0006245281004324576
1660869479316856,-0.992507820248722,-0.1293354695963989,0.009094377050431,-0.0153309203636847,0.0192437489959137,-0.0147314850321607,0.0024545613551211,0.0208466406524788,-0.5510724686014877,0.0016062574609519654,0.0023253643825043024,0.0005815467686918485,0.0025396445282010816
1660869479332836,-0.9955596246280614,-0.1301899748226139,0.009948882276646,-0.0152446687713826,0.018976261295526,-0.0149011020427582,0.0027340242816297,0.021075652189471,-0.551495398310095,0.001571957960988274,-0.0006537959971516516,-0.00024566261177083604,0.0030547347789744734
1660869479348816,-0.9915312428473336,-0.1310444800488288,0.0064087891966124,-0.0150973500036223,0.0185900396486803,-0.0150971037854767,0.0030117455316336,0.0213047647150076,-0.5519193561429849,0.0015956911193082826,0.003037127205218426,-0.0009901510541871494,-0.0004368224709532147
1660869479364795,-0.9940947585259784,-0.1360494392309453,0.0071412222476539,-0.0149038057130921,0.018069057545512,-0.0153263146656608,0.0032861667041036,0.021531609441264,-0.5523434924290146,0.0016540279948717743,0.0004262503739163037,-0.0053955992126732966,0.0002660495220794569
1660869479380775,-0.992507820248722,-0.1342183566033417,0.0094605935759517,-0.0146837274354102,0.0174166100790634,-0.0155812936827814,0.0035556379853751,0.021753934344298,-0.5527672279687128,0.0016715369483777706,0.001811869786055409,-0.003208064926562726,0.0023268787653395306
1660869479396755,-0.9877470054169528,-0.1325093461509117,0.0095826657511253,-0.014458825271261,0.0166553807443695,-0.0158489567620173,0.0038186065515636,0.0219712742990619,-0.5531902637963467,0.0016855529346403943,0.005915416156042075,-0.001349149026719454,0.002204055846461818
1660869479412719,-0.9898222323949036,-0.1311665522240024,0.0076295109483481,-0.0142487614595591,0.0158229150390499,-0.016117056168609,0.0040738344924047,0.0221847036826586,-0.5536125931387228,0.0016978008197311018,0.00345617026028211,-5.719589829145111e-06,0.000225810939316156
1660869479428699,-0.9920195315480278,-0.1299458304722667,0.011657892729076,-0.0140668711963111,0.0149707593518154,-0.0163772528388134,0.0043206176523511,0.0223955709559761,-0.5540344778620433,0.0016526888003559155,0.0011329839964421273,0.0010935019457158912,0.003828773448039651
1660869479444679,-0.9933623254749372,-0.1294575417715724,0.0110475318532081,-0.0139171285144285,0.0141643659338483,-0.0166276388140019,0.0045590202885277,0.0226047072472241,-0.5544563508610356,0.0016072499030470927,-0.00018882893742055984,0.0014236115817691797,0.002896571314954577
1660869479460659,-0.9937285420004578,-0.1332417792019531,0.0098268101014724,-0.013794033817554,0.0134718160349243,-0.0168708506994932,0.0047900335725668,0.0228118497450617,-0.5548786855564548,0.0016167209673552917,-0.0004995409166470566,-0.0021245632637503786,0.001508264606896988
1660869479476638,-0.9960479133287556,-0.1367818722819867,0.0101930266269931,-0.0136866106195167,0.0129474692460707,-0.0171062669539044,0.005015504027758,0.0230160054416046,-0.5553018641710412,0.0016543648154492558,-0.002537021020450392,-0.005098190709405592,0.0016870330191759205
1660869479492618,-0.9956816968032348,-0.1323872739757381,0.0172732127870602,-0.0135857144132421,0.0126229381528111,-0.0173268179241449,0.0052378422789371,0.023217408025661,-0.5557260809169856,0.0015899500757413153,-0.001953724045436589,-0.0006332331628412791,0.007890497261318718
1660869479508598,-0.9947051194018464,-0.1267719539177539,0.0123903257801174,-0.013491845872368,0.0125015440958296,-0.0175253467316804,0.0054596436084766,0.0234182731429857,-0.5561514016593656,0.0015053641774206475,-0.0008794319796433525,0.004483878205628622,0.0027068492289383256
1660869479524578,-0.9927519645990692,-0.1223773556115053,0.0111696040283817,-0.0134202442195399,0.0125542694360368,-0.0176986922719308,0.0056832838537419,0.0236208182886471,-0.5565780159853264,0.001393498414767838,0.0009663505408203932,0.007990628860689478,0.0013375147294823631
1660869479540557,-0.9916533150225072,-0.1215228503852903,0.0103150988021667,-0.0134003896047058,0.0127244733811212,-0.0178420988974244,0.0059105138785531,0.0238261933270853,-0.5570064973051386,0.0012979663591604026,0.0018585001056441453,0.007960620678214028,0.00043470855294062624
1660869479556537,-0.9904325932707714,-0.1243305104142824,0.0131227588311588,-0.0134680495355491,0.0129373760573629,-0.0179438690697255,0.0061421086026349,0.0240359302158002,-0.5574379131244644,0.0012323963034916252,0.0027712996716420246,0.004637664584299747,0.0029181317237394547
1660869479572517,-0.9929961089494164,-0.1248187991149767,0.0151979858091095,-0.0136508230194779,0.0131071910525977,-0.0179893079029923,0.0063776254325153,0.0242521112691684,-0.55787380161041,0.001151439276720763,0.00018700559369733138,0.0037344382952448907,0.004494022831521139
1660869479588497,-0.994216830701152,-0.1243305104142824,0.0169069962615395,-0.0139516023203907,0.013150737688655,-0.0179705187006109,0.0066153612406481,0.0244755000529939,-0.5583159716938537,0.001055589768768817,-0.0009303445422345069,0.0038004542963452764,0.005582729955556023
1660869479604477,-0.9970244907301442,-0.1262836652170596,0.0161745632104981,-0.0143360170138621,0.0130115278125475,-0.0178954228156603,0.0068526456553757,0.0247054358259037,-0.5587660108893593,0.0009803737678489705,-0.003364204114104097,0.001662569544211262,0.004365267214063162
1660869479620456,-0.9966582742046236,-0.1275043869687953,0.0156862745098038,-0.0147293007256695,0.0126761661508517,-0.0177887788668966,0.0070864549067147,0.0249412994742159,-0.5592246145109111,0.0009347627903441291,-0.0026981888297251677,0.00039766301322802233,0.0034892806620319752
1660869479636436,-0.9995880064087892,-0.1315327687495231,0.016784924086366,-0.0150257295463812,0.0121733533026971,-0.0176808220598705,0.0073140909846929,0.0251822859823895,-0.5596910292373521,0.0009278255480861985,-0.0050651289305017055,-0.00326764689074982,0.0041291372147347575
1660869479652416,-1.00166323338674,-0.1375143053330281,0.0191042954146638,-0.0151099331680692,0.0115678970298246,-0.0175941913001899,0.0075337146993228,0.0254264325307249,-0.5601627755199879,0.001002201668515053,-0.006426320317607259,-0.00832426512682935,0.005803657688729303
1660869479668396,-0.99653620202945,-0.1382467383840695,0.0175173571374074,-0.0148849899207751,0.0109480920675027,-0.0175386928022111,0.0077446766724373,0.0256714509070587,-0.560635702744254,0.0011158452194421017,-0.001169360064285696,-0.00815102836008369,0.003795047470325611
1660869479684375,-0.9870145723659114,-0.1266498817425803,0.011657892729076,-0.0142993159762027,0.0103933184055914,-0.0175052287797604,0.0079474913071781,0.0259162876043615,-0.5611044525912612,0.0010969619204715436,0.00751704263932762,0.003101245453264956,-0.0018579752442052077
1660869479700355,-0.978347447928588,-0.121889066910811,0.0077515831235217,-0.0133638138940625,0.009940443305057,-0.0174614718096578,0.0081433120322603,0.0261613226394268,-0.5615633160996515,0.0010972627343974765,0.014565750368985997,0.007075854256530817,-0.005187856364783558
1660869479716335,-0.9767605096513314,-0.117616540779736,0.0225223163195238,-0.0121529411339598,0.0095782028432599,-0.0173651098152604,0.0083331705917369,0.0264075280405612,-0.5620072671792011,0.0010825379588866957,0.014537419781618266,0.010213542348845236,0.008624589148096688
1660869479732330,-0.982009613183795,-0.1185931181811246,0.0219119554436559,-0.0107888280469148,0.0092647035160604,-0.0171814752859179,0.0085174221511391,0.0266558153770846,-0.5624328654152319,0.0010915026362716788,0.0083594846242393,0.008313268452710978,0.00721280544500591
1660869479748310,-0.9872587167162584,-0.1308003356984817,0.0182497901884488,-0.0094135371636405,0.0089487458915693,-0.0168835157630757,0.0086955297208017,0.0269066923865677,-0.5628388001288392,0.0011617688441657055,0.0027993429825983185,-0.0035045541581815165,0.0031955761708189288
1660869479764289,-0.9868925001907378,-0.1297016861219196,0.0136110475318531,-0.0081574990335715,0.0085844398319623,-0.0164454167831652,0.008866071844924,0.0271602306383241,-0.5632259556170842,0.001218301376090069,0.002849003557307106,-0.002165314123457468,-0.0012988498371990943
1660869479780269,-0.9922636758983748,-0.1281147478446631,0.015930418860151,-0.007112464040208,0.0081365610246259,-0.0158474019999831,0.0090268822494969,0.0274167727887794,-0.5635969824250551,0.0011948721952237287,-0.002269954935296914,-0.0005205382615808551,0.0009184693419889266
1660869479796249,-0.9916533150225072,-0.1265278095674067,0.0205691615167467,-0.0063154162579904,0.007587453728999,-0.0150930108071879,0.0091753626516096,0.0276775522224631,-0.5639555219062141,0.00117232013834299,-0.0014936346534863976,0.0009597600141079965,0.005001490798726162
1660869479812229,-0.9939726863508048,-0.1251850156404974,0.0271610589761195,-0.0057458488402689,0.0069473588856059,-0.0142299786797187,0.0093090675345413,0.0279440518975386,-0.5643053212333599,0.0011397825872139005,-0.003431705383605599,0.0020722985469155686,0.010434049432289066
1660869479828209,-0.9927519645990692,-0.1232318608377203,0.0317998016327152,-0.0053348678738144,0.0062491577420966,-0.0133485313173512,0.0094264007777764,0.0282170519445838,-0.564649407975014,0.0011585713724246978,-0.001989885268683045,0.0036229080147233833,0.013565512879996293
1660869479844188,-0.9867704280155642,-0.124452582589456,0.0214236667429617,-0.0049820140413898,0.0055306011159163,-0.0125492982421808,0.0095270176703856,0.0284966032725003,-0.5649894416179053,0.0012032096964387524,0.003592486183339738,0.002161967636688897,0.0028704401912185117
1660869479860168,-0.9879911497673,-0.1275043869687953,0.0197146562905317,-0.0045743444309232,0.0048275435190783,-0.0119209935828627,0.0096118394407109,0.0287820330294321,-0.5653253617194202,0.0012424752432378156,0.0021345879884436814,-0.0008008530683853432,0.0010452867649096594
1660869479876148,-0.9898222323949036,-0.1266498817425803,0.0164187075608452,-0.0040035044380289,0.0041734574041709,-0.0115433255399929,0.0096829400490393,0.0290712069474802,-0.5656553594047169,0.0012308488271049367,0.0002731548247559834,4.828694204667139e-05,-0.0020255957682991585
1660869479892128,-0.9886015106431678,-0.1216449225604639,0.0154421301594567,-0.0031797075592236,0.0035919639889034,-0.011477034088579,0.0097433497865021,0.0293603458684292,-0.565976076553249,0.0011950015026115084,0.0013444889188426457,0.0045479215117467525,-0.0027019558527188944
1660869479908107,-0.9883573662928208,-0.1152971694514382,0.0156862745098038,-0.0020426829965284,0.0030931967875917,-0.0117368875652154,0.0097966341730181,0.0296452035540198,-0.5662829576720912,0.0011383938847923957,0.00142976994227062,0.009806107158695204,-0.002212030352134617
1660869479924087,-0.98628213931487,-0.1137102311741818,0.0153200579842831,-0.0005686348490198,0.0026736333257782,-0.0122818260365834,0.0098462991114398,0.0299222350360096,-0.5665707538906385,0.0011259493374771682,0.003154497228199382,0.010253740892356436,-0.0023204221898897853
1660869479940067,-0.98457312886244,-0.1166399633783475,0.0083619439993896,0.0012271929449051,0.0023062982414706,-0.0130184196298966,0.0098951013969679,0.0301888468588245,-0.5668341404210074,0.001134715301428204,0.004377156912566349,0.006591607819371653,-0.008350682557304956
1660869479956047,-0.9826199740596628,-0.1246967269398032,0.0104371709773403,0.0032924074858229,0.0019411021498142,-0.0138079993380926,0.0099443359665318,0.030443583920604,-0.5670683379513021,0.0012066376804779969,0.005697280543809136,-0.0013186401678756399,-0.005647910021418829
1660869479972026,-0.9772487983520256,-0.119325551232166,0.0177615014877545,0.0055453218590626,0.0015340545912998,-0.0145021611159263,0.0099934982673667,0.0306866513100296,-0.5672696351148397,0.0013628780916154807,0.009961610626301742,0.003647281985785414,0.0015087784400958336
1660869479988006,-0.9730983443961244,-0.1100480659189746,0.0151979858091095,0.007888718564985,0.001072535210784,-0.0149914813821293,0.0100406607900739,0.0309200223725346,-0.5674357398501765,0.0015643768755414685,0.012700858123982584,0.01163229056907912,-0.0009492635146942496
1660869480003986,-0.980300602731365,-0.1069962615396354,0.0156862745098038,0.0102262159619671,0.000566128171176,-0.0152145947770652,0.0100831922000608,0.0311467642294993,-0.5675659085963596,0.001670411866078522,0.004948739809867764,0.0132156854535765,-0.0004148773325999555
1660869480019966,-0.98115510795758,-0.1130998702983139,0.0210574502174409,0.0124781679400831,2.360357828402404e-05,-0.0151431491624636,0.0101182295314383,0.0313701435945738,-0.5676608236195952,0.001759844116077348,0.0036848111252875126,0.006400869025408193,0.004460668537533432
1660869480035946,-0.9832303349355308,-0.1148088807507439,0.0302128633554588,0.014593946893039,-0.0005510182991041,-0.0147939903648297,0.0101429521611856,0.0315932029906456,-0.5677222216848938,0.0018394517924661881,0.0014486257326030705,0.004222672715680373,0.012254473507996199
1660869480051910,-0.987136644541085,-0.1063859006637675,0.0250858319981688,0.0165554900997323,-0.0011371315960491,-0.014245206497423,0.0101550892589064,0.0318189278648114,-0.5677523650063955,0.0018935604238986164,-0.002211915485656024,0.0113810875223911,0.00641469793563558
1660869480067890,-0.9895780880445564,-0.1091935606927597,0.0259403372243838,0.0183696154484489,-0.0016742219011486,-0.0136120169518748,0.010153704443877,0.0320505235520012,-0.567753549467007,0.001918298000097098,-0.00418802309021471,0.007716084744059007,0.006542282845665524
1660869480083870,-0.9882352941176472,-0.1023575188830397,0.0200808728160524,0.0200526475193508,-0.002062334429679,-0.0130118331262714,0.0101399027371464,0.0322908138086206,-0.5677278564821511,0.0019861156994098136,-0.0025607062469749087,0.013096913898401105,0.0006145365936007091
1660869480099849,-0.9867704280155642,-0.0968642710002289,0.018493934538796,0.0216130510826691,-0.0021808111768774,-0.0125562927376859,0.0101172330659698,0.0325407289761316,-0.5676772174634035,0.002119284578991069,-0.0009862561304027073,0.01673114560309072,-0.0008751615152901189
1660869480115829,-0.9860379949645228,-0.0960097657740139,0.0205691615167467,0.0230369767183269,-0.0019122659357172,-0.0123503929035107,0.0100917597971523,0.0327990765428666,-0.5676036740071543,0.0022840879611483013,-0.0002284407714251424,0.015827085746375147,0.0010800589163945246
1660869480131809,-0.9870145723659114,-0.0947890440222782,0.0231326771953916,0.0242812605689087,-0.0011798752603188,-0.012479277090786,0.0100716537704411,0.0330641807246239,-0.5675097206125086,0.0024602523275916157,-0.0010845163555324167,0.015343026748299765,0.003279217135535483
1660869480147789,-0.9906767376211184,-0.0852674143587397,0.0219119554436559,0.0252766114623135,1.088982649882233e-05,-0.0129977104057567,0.0100661411273545,0.033334360370241,-0.5673987205983854,0.0027013004672753185,-0.004272013449665546,0.022378190770654435,0.0018526458454198036
1660869480163768,-0.99482719157702,-0.0783093003738462,0.0187380788891431,0.0259403530072132,0.0015564609536043,-0.0139323110707536,0.0100840204713053,0.0336067899275399,-0.5672752587601768,0.0029857194172451485,-0.0075802206650104065,0.026402674279993155,-0.0011891076381836951
1660869480179748,-0.9964141298542764,-0.0681773098344398,0.0173952849622338,0.0261953509337209,0.0032643861401799,-0.0152863883502032,0.0101321626090042,0.0338775171147071,-0.5671451862577077,0.003390753027125581,-0.008250443048040013,0.0328811983374596,-0.0022787114085836974
1660869480195728,-1.004104676890211,-0.0704966811627376,0.0098268101014724,0.0259899540447687,0.0048703434361672,-0.0170355605432916,0.0102141936092292,0.0341417742222519,-0.5670153452691591,0.00370472572874007,-0.014346891075577295,0.02750564430824562,-0.008862467642410587
1660869480211708,-1.012527656977188,-0.0728160524910355,0.0098268101014724,0.0253138662268553,0.0060736751408873,-0.0191179751625624,0.0103294849109977,0.0343927358712986,-0.5668930917087235,0.003968973403805098,-0.020492884046298676,0.022667645681952966,-0.007976220878169528
1660869480227687,-1.005935759517815,-0.072938124666209,0.0064087891966124,0.024206843721439,0.0065950431273635,-0.0214346084756454,0.0104727506712736,0.0346211815250377,-0.5667856019685927,0.004247994726108047,-0.012510887928233183,0.020291016156101516,-0.010254817604726576
1660869480243667,-1.005447470817121,-0.0800183108262762,0.0046997787441824,0.0227589304928086,0.0062279955995465,-0.0238625553088964,0.0106344556654132,0.0348173884532814,-0.5666990218084489,0.004415074552107656,-0.01082033930478521,0.011889746996430889,-0.010767445251440917
1660869480259647,-1.009231708247501,-0.0913710231174182,0.0084840161745631,0.0211023713975401,0.0048717586940716,-0.0262739001336255,0.0108019358095134,0.0349730054761714,-0.5666376823903169,0.004413371625248602,-0.013144119061648696,0.0004833312347600066,-0.006284887038954195
1660869480275627,-1.012527656977188,-0.0966201266498818,0.0172732127870602,0.019396549292342,0.0025531841693934,-0.0285591641361203,0.0109610668520564,0.0350819409147227,-0.5666035425842779,0.004347901111137153,-0.014796061012201989,-0.004289195067933238,0.002253878616188615
1660869480291607,-1.012771801327535,-0.0972304875257497,0.0175173571374074,0.0178079582317998,-0.0005733141021982,-0.0306465271087738,0.0110982551987583,0.0351404071503503,-0.5665959416953757,0.004292107354494981,-0.013536184826294262,-0.0044096003494210195,0.0022482206698822317
1660869480307586,-1.006668192568856,-0.0935683222705425,0.0164187075608452,0.0164881034918798,-0.0042586326516704,-0.0325010759816219,0.0112022744888785,0.0351464170707895,-0.5666117035752454,0.004292774057583557,-0.006689318460853744,-0.0006726915847924397,0.0010346139839880301
1660869480323566,-1.002395666437781,-0.0889295796139468,0.0134889753566795,0.0155532831222756,-0.0082060978026873,-0.034108953045798,0.0112654818156997,0.0351002520331539,-0.5666455242009499,0.004353074247380938,-0.0021751130968008514,0.0035694459646229276,-0.0017056063981599028
1660869480339546,-1.000686655985351,-0.0817273212787061,0.0126344701304645,0.0150704426261378,-0.012113925152326,-0.0354620494892436,0.011284289088039,0.035005296628789,-0.5666906089678666,0.004507425376055283,-0.0004194923799336614,0.009694533869877259,-0.0023041004619374136
1660869480355526,-0.992507820248722,-0.0785534447241933,0.0143434805828945,0.0150521489595115,-0.0157102760292916,-0.0365473465429041,0.0112589939356287,0.0348669861331618,-0.5667395468184941,0.004679924993573559,0.006983409021025677,0.011581569381951054,-0.000535581008556673
1660869480371521,-0.9937285420004578,-0.0757457846952012,0.0206912336919202,0.0154616036839977,-0.0187783798832595,-0.0373450503665491,0.0111931440226192,0.0346915222902352,-0.5667851898061312,0.004880914851100339,0.005186418542360793,0.012950306469848835,0.005230954890422126
1660869480387500,-0.99482719157702,-0.0692759594110019,0.0227664606698709,0.016226168087178,-0.021173271312969,-0.0378414087828678,0.0110926555234244,0.0344863924746137,-0.5668212860339129,0.005159551976435387,0.003678992069218734,0.01747811857864333,0.006575563681535543
1660869480403480,-0.9922636758983748,-0.0624399176012815,0.0256961928740366,0.0172551951376922,-0.0228357073449998,-0.0380460104613554,0.0109648399503545,0.0342602292554731,-0.5668428762587473,0.005512002779701071,0.005618256973077607,0.021882744349527354,0.008554766297131117
1660869480419460,-0.9918974593728542,-0.0564583810177765,0.0285038529030288,0.0184567120785328,-0.0237951286831909,-0.037996523975473,0.0108174023518365,0.0340213599789249,-0.5668464672766816,0.005922011361389437,0.005386026148738288,0.02507785283972911,0.010226183693510985
1660869480435440,-0.9962920576791028,-0.0507209887846187,0.0328984512092773,0.0197493810283022,-0.0241522480315833,-0.0377488403966443,0.0106575191947189,0.0337777673802615,-0.566829911351892,0.006384347978065574,0.0008922850582406827,0.027733720565598224,0.013158703799783535
1660869480451419,-0.9945830472266728,-0.0441290913252458,0.0296025024795909,0.0210690679993875,-0.0240513624594698,-0.0373634727255299,0.010491134810835,0.0335371970242854,-0.5667921458042119,0.006891628280906781,0.0023411659596036527,0.030893056222474014,0.008876479563087424
1660869480467399,-0.9903105210955978,-0.040955214770733,0.0276493476768138,0.0223708338903443,-0.0236545929111606,-0.0368980251152395,0.0103225434772515,0.0333051240676121,-0.5667329890273085,0.007390805550193849,0.005952322881610739,0.030660239499288137,0.006230992284279289
1660869480483379,-0.9864042114900436,-0.034973678187228,0.0309452964065002,0.023627539892393,-0.0231159206001815,-0.0364042383096447,0.010154287722901,0.0330836163984398,-0.5666529036028255,0.007934103043194972,0.008872769238448375,0.032977598474513835,0.008574246912569118
1660869480499359,-0.9929961089494164,-0.0388799877927823,0.0311894407568473,0.0248262699627944,-0.0225536434215711,-0.0359195426647256,0.0099873815399387,0.0328732579283009,-0.5665526602317013,0.008367264214313407,0.0020527846011680895,0.026164159982063576,0.007936552136624597
1660869480515339,-0.9980010681315328,-0.0398565651941709,0.0310673685816738,0.0259637160363047,-0.0220321187239766,-0.0354547703720463,0.0098217678001941,0.0326748451017401,-0.5664330928383027,0.008741707662157124,-0.0026569571228535205,0.022668824322607486,0.00703303196530599
1660869480531318,-0.9950713359273672,-0.0410772869459066,0.0305790798809795,0.0270415149989998,-0.0215642765689947,-0.0349947614647427,0.0096568378982206,0.0324886975014723,-0.5662950564391817,0.00906150354468257,0.00024549757318081955,0.01930329231378461,0.00589026893815052
1660869480547298,-0.9932402532997636,-0.0377813382162202,0.0331425955596245,0.0280618837923055,-0.0211304950582029,-0.0345157865203048,0.0094918752585382,0.0323140565885257,-0.5661394443101581,0.009402915969224702,0.0018689221807058898,0.020339316939123907,0.00760840615511597
1660869480563278,-0.9927519645990692,-0.032410162508583,0.0333867399099716,0.0290233521226995,-0.0206981334848438,-0.0339995323402426,0.0093263583590322,0.0321503846104311,-0.5659671579084838,0.009787583302224864,0.0021214897932602117,0.02313944338208499,0.007067295454916758
1660869480579258,-0.9944609750514992,-0.0210574502174409,0.0308232242313266,0.0299170309691142,-0.0202367689091818,-0.033428766119595,0.0091600614802865,0.0319985089945141,-0.5657791361648591,0.010288066570983533,0.0003712314067472189,0.031042940105904384,0.004053401798644586
1660869480595237,-0.9964141298542764,-0.0202029449912259,0.0339971007858395,0.0307248431163644,-0.0197330869045229,-0.0327809328423144,0.0089929038015437,0.0318598891428822,-0.5655765233072799,0.010757773139851544,-0.0014237310564269023,0.028707700798907443,0.0065045505178417395
1660869480611217,-1.000442511635004,-0.0200808728160524,0.0327763790341038,0.0314205393402076,-0.0191987451331262,-0.0320407269901443,0.0088246655405791,0.0317356692713187,-0.5653608482197431,0.011178444775911539,-0.004906901553439091,0.02594679567667285,0.004755445889495436
1660869480627197,-0.9972686350804914,-0.0169069962615395,0.038391699092088,0.0319727207721517,-0.0186641333948258,-0.0312177606226323,0.0086548137914123,0.0316271480653361,-0.5651340858232158,0.011617106085630451,-0.0015597224990338,0.026208605008067182,0.009333689352731673
1660869480643177,-0.9969024185549706,-0.0193484397650109,0.0370489051651787,0.0323489979333147,-0.018166542770745,-0.0303450518924796,0.0084825181556954,0.0315363355412861,-0.564898652643248,0.011974300329807251,-0.001074155376161845,0.021390445354136197,0.007191805883240136
1660869480659156,-1.000442511635004,-0.0200808728160524,0.0382696269169144,0.0325215583161916,-0.0177422505274191,-0.0294674062321079,0.0083067506244665,0.0314649374002312,-0.5646574167761046,0.012288654740446834,-0.004152823610575673,0.018592211072785227,0.0075712748714782535
1660869480675136,-1.000076295109483,-0.0171511406118867,0.0391241321431294,0.0324741531605219,-0.017422583613379,-0.028636439517204,0.0081264011647139,0.03141285482975,-0.5644136439472252,0.012615926127403183,-0.0034079463765491758,0.019369748949255836,0.007583202087923929
1660869480691101,-0.9992217898832684,-0.0127565423056381,0.0369268329900052,0.0322089522150637,-0.0172324485663608,-0.0279021109202787,0.0079403769775475,0.0313780849782112,-0.564170765325778,0.012966767955799072,-0.00229809703530115,0.021387912529953992,0.004847312641319754
1660869480707080,-1.006179903868162,-0.0089723048752574,0.0331425955596245,0.0317511476565318,-0.0171906543455825,-0.0272926522538645,0.0077475955518923,0.0313578550328611,-0.5639319972748376,0.013326726566580308,-0.008330589918175368,0.022654934964301224,0.0009567676898451505
1660869480723060,-1.008377203021286,-0.0072632944228274,0.034119172961013,0.0311498256037967,-0.0173107623569194,-0.0267986738037887,0.0075468257288077,0.0313499480182769,-0.5636999183253536,0.013679468747718639,-0.009475100164169525,0.021927550875058106,0.0017400105821102838
1660869480739040,-1.009109636072328,-0.0057984283207446,0.0344853894865337,0.0304742610956169,-0.0175987998905228,-0.0263736488262157,0.0073364770591838,0.0313534132124435,-0.563476107387936,0.014020360351675382,-0.009186779893690322,0.021053175279426815,0.001895604396867881
1660869480755020,-1.008133058670939,-0.0026245517662317,0.0348516060120545,0.0298057367388517,-0.0180429596560339,-0.025946592094218,0.007114528978765,0.0313680601203488,-0.563260942474618,0.014373602399309753,-0.0073891822430711684,0.021804346650545745,0.0020356388301498093
1660869480771000,-1.000930800335698,-0.000549324788281,0.0322880903334095,0.0292266813884512,-0.0185993989766076,-0.0254419808736179,0.0068787600865187,0.0313937646351482,-0.5630535573269277,0.014710358013405249,-0.00016823151704725703,0.021491616265646798,-0.0004750891636456714
1660869480786979,-0.995925841153582,-0.0023804074158846,0.0364385442893109,0.0288098745888221,-0.0191854260392288,-0.024801717991239,0.0066272905347088,0.0314309705108108,-0.5628518940890394,0.014995460661858804,0.004353054898561859,0.01769448027423888,0.003307828313030156
1660869480802959,-1.001052872510872,-0.0042114900434881,0.036682688639658,0.0286097593106662,-0.0196845801970131,-0.0239987953217505,0.0063592789762611,0.0314814478424752,-0.5626528826363847,0.015229593123255645,-0.0006965788128554529,0.014277057881971839,0.003196775397039532
1660869480818939,-1.006912336919203,-0.001403830014496,0.042664225223163,0.0286568359575439,-0.0199642875042447,-0.0230394756831039,0.0060755254913245,0.0315481892676914,-0.5624527704426487,0.015498888421897138,-0.0059004388990677725,0.015376246119867543,0.00826048078249008
1660869480834919,-0.9994659342336156,0.0105592431525138,0.0440070191500723,0.0289553889827366,-0.0199077761840235,-0.0219623453161747,0.0057787361935713,0.0316350487124321,-0.562247517970071,0.015910136244068337,0.0013913674078676053,0.02460538735818961,0.008642947238459445
1660869480850898,-0.9967803463797972,0.0191042954146638,0.0416876478217744,0.0294841739079073,-0.0194488360488054,-0.0208384140276843,0.0054733227178986,0.0317462067479001,-0.5620332012769214,0.016393626068265173,0.0036692597355173495,0.029835395658305647,0.0056912183191453886
1660869480866878,-0.9928740367742428,0.0259403372243838,0.0408331425955594,0.0301998010565943,-0.0185866558786873,-0.019764211827832,0.0051648310664123,0.0318847547615447,-0.56180642486149,0.01692184302643848,0.006818012406964558,0.033004293721223085,0.004353041783637358
1660869480882858,-0.99311818112459,0.0297245746547645,0.0379034103913937,0.0310433605322254,-0.0173760236116258,-0.0188415036173018,0.0048592269264936,0.0320510868283776,-0.5615646777737302,0.017444001261033446,0.005916481250955674,0.03310967803644341,0.0012809786215244937
1660869480898838,-0.9915312428473336,0.0300907911802852,0.0381475547417409,0.0319506124944248,-0.0159117128071407,-0.018152953145103,0.0045621786213275,0.0322426629215504,-0.5613065001775184,0.017920249729778487,0.006753077575390898,0.030128305105767694,0.0013726106746845199
1660869480914817,-0.9909208819714656,0.0335088120851452,0.033264667734798,0.0328642075591568,-0.0143189896704176,-0.0177476558073275,0.0042783587567929,0.0324552321884999,-0.5610314041399113,0.018386005698487355,0.006627094606133088,0.03019169340956493,-0.0031592486990325436
1660869480930797,-0.99482719157702,0.0355840390630959,0.0319218738078888,0.0337445666563157,-0.0127434883941391,-0.0176378592576205,0.0040108106833938,0.0326841417652882,-0.5607396131378602,0.01883312074192904,0.0024487065005207587,0.029040228348764068,-0.004051838363347569
1660869480946777,-0.99995422293431,0.031555657282368,0.0326543068589302,0.0345758583026783,-0.0113340637721619,-0.0178023277187296,0.003760504060436,0.0329248276667449,-0.5604317208884748,0.019181266006157795,-0.0024104923710923654,0.022510661911232546,-0.0029874647810755606
1660869480962757,-1.00166323338674,0.034973678187228,0.0368047608148316,0.035364782621024,-0.0102195873844274,-0.0181927450536417,0.0035262088192899,0.0331725862820308,-0.5601083626957318,0.019553196780871262,-0.003707552541170056,0.02333581453448329,0.0010466902573432468
1660869480978737,-0.9983672846570536,0.043518730449378,0.0320439459830623,0.0361320781072365,-0.0094823322601737,-0.0187386721144265,0.0033047594811928,0.0334223706339063,-0.5597699728590644,0.01999886270250807,-0.000370443430335321,0.028692780116969963,-0.0033427121169834415
1660869480994716,-0.9933623254749372,0.0407110704203859,0.030701152056153,0.0368998114855379,-0.0091382690111954,-0.01935646015458,0.0030916956531411,0.0336697458401564,-0.5594166461054676,0.02035717507553104,0.004171064176602957,0.02329660807918008,-0.00421695543950347
1660869481010711,-0.9939726863508048,0.0365606164644845,0.0304570077058059,0.037679390440715,-0.0091355904891814,-0.0199670042093795,0.002882155782408,0.0339124787635479,-0.5590481484040242,0.020620822390669757,0.0032046329706617582,0.017231538710950806,-0.004014989810865517
1660869481026691,-0.9938506141756314,0.0361943999389637,0.029846646829938,0.0384639651180165,-0.0093632281764008,-0.0205064046584422,0.002671835745738,0.0341502807139629,-0.5586641863708446,0.020852245239010237,0.0029940346312516963,0.01517878996688701,-0.004162815618060079
1660869481042671,-0.994216830701152,0.0393682764934766,0.0335088120851452,0.0392273191856681,-0.0096600024882899,-0.0209245510714553,0.0024578620862973,0.0343829989638711,-0.5582648413734959,0.021113201252318806,0.0023650362951580517,0.01651739986925992,-0.0004505853265675888
1660869481058651,-0.9923857480735484,0.0496223392080565,0.0353398947127487,0.0399302128551537,-0.0098386565240078,-0.0211917358748647,0.0022394562980412,0.0346109709024952,-0.557850814876276,0.021498071908984406,0.0037765070304854875,0.024094316325455833,0.001242447570932316
1660869481074630,-0.9934843976501108,0.0523079270618751,0.0430304417486837,0.0405315153699525,-0.0097270830181452,-0.0213094362699758,0.0020182167890707,0.0348374809405205,-0.5574233671999638,0.0218974066557477,0.002410071708530803,0.02410191376134699,0.008039695146180588
1660869481090610,-1.002761882963302,0.0536507209887844,0.0433966582742044,0.0409988009701767,-0.0091995296819532,-0.0213027739522104,0.0017979122520055,0.0350688249012659,-0.5569842126330501,0.022276600434787328,-0.006180672244194385,0.022900236919430664,0.00756532050453116
1660869481106590,-0.9984893568322272,0.0637827115281908,0.0403448538948652,0.0413152535484999,-0.0081913267610535,-0.0212061387588617,0.0015838693798612,0.0353117779063993,-0.5565354464382363,0.022756708477738887,-0.0017173315018075286,0.02972900471295336,0.004062164512672772
1660869481122570,-0.9997100785839628,0.0701304646372165,0.0441290913252458,0.0414820000127209,-0.0067135952588849,-0.0210625301511848,0.0013820966824878,0.0355723704175644,-0.556079314089721,0.023286910220797236,-0.0026442479281887366,0.03246908203978116,0.007061761748748029
1660869481138549,-0.9983672846570536,0.0764782177462421,0.040100709544518,0.0415153200872294,-0.0048599967892419,-0.0209234330626116,0.0011982565844216,0.0358556361823196,-0.5556179132677855,0.023846632472248677,-0.001171308601151555,0.034935151633926076,0.0027300419712182056
1660869481154529,-0.9998321507591365,0.0801403830014493,0.0376592660410466,0.0414400267811344,-0.0027925888401143,-0.0208350713401272,0.0010366332352802,0.0361642350396837,-0.5551530568204307,0.024398053226536334,-0.0023725572329110767,0.03473758520021995,0.0002597386209721303
1660869481170509,-0.9939726863508048,0.0823376821545736,0.0413214312962537,0.0412823041444833,-0.000717441861495,-0.0208234412199043,0.0008992522411053,0.0364978965287997,-0.5546862159678064,0.024932467489625017,0.0031382164578784844,0.033241395918009835,0.0035297134885613063
1660869481186489,-0.9990997177080948,0.0776989394979779,0.0440070191500723,0.0410647183432049,0.0011458215214904,-0.0208928770724955,0.0007853145083502,0.0368544713111997,-0.5542184708479667,0.025352730738975336,-0.0017899334094703123,0.025742387935272726,0.005593771208141918
1660869481202468,-0.9975127794308384,0.0780651560234986,0.0455939574273287,0.0408042226658798,0.0026041919811554,-0.0210383604565186,0.0006911625874537,0.0372302328778223,-0.5537505818829908,0.025739254457460177,-0.0001826956189925344,0.023497744014714085,0.006462638536858481
1660869481218448,-0.9962920576791028,0.0818493934538793,0.0479133287556265,0.0405120481682486,0.0035290765762532,-0.0212570817597997,0.0006108823673315,0.0376200101192864,-0.5532831008325947,0.02614574214830259,0.0009342235194687021,0.02455378330058531,0.007903808878640659
1660869481234428,-1.002639810788128,0.0807507438773171,0.0488899061570151,0.0401934489893166,0.0038801839906157,-0.0215436820349622,0.0005373591240847,0.0380186336475869,-0.552816403709353,0.026498543724760973,-0.004872176630600911,0.02110962035162079,0.00799234765202634
1660869481250408,-1.004470893415732,0.0772106507972836,0.0488899061570151,0.0398463977163503,0.0037123890847873,-0.0218785986568139,0.0004634808259833,0.0384215511444432,-0.5523508119206028,0.02676626975796058,-0.006032933332384416,0.015812574544428568,0.007193112886823706
1660869481266388,-1.003128099488823,0.0757457846952007,0.0444953078507666,0.0394597304186626,0.0031655103759143,-0.0222287981843696,0.0003832744876857,0.038824068475573,-0.5518868481720557,0.02697729955390051,-0.004221125464927811,0.012912937598111088,0.002518663122517688
1660869481282367,-0.9988555733577478,0.0795300221255814,0.0421759365224687,0.0390113375814797,0.0024485131150768,-0.0225560640942551,0.0002928984691586,0.0392221428380174,-0.5514253988292556,0.02721558666979107,4.6260599532610414e-05,0.015027457525642607,0.0001793626147978053
1660869481298347,-1.001419089036393,0.0844129091325243,0.042664225223163,0.0384679403684582,0.0018188689745827,-0.0228218723189727,0.000191435227767,0.0396144728711734,-0.550967774190432,0.027501148682708292,-0.002265529571201297,0.017919310079326956,0.0006008861839428975
1660869481314327,-0.9978789959563592,0.0850232700083921,0.0493781948577094,0.0377891079743948,0.001536740908844,-0.0229929893508244,8.12658791806023e-05,0.040002921582023,-0.5505158342274994,0.027780122086188373,0.0011471071579493008,0.016676703859675276,0.006583370236640358
1660869481330291,-0.9981231403067063,0.0901503013656821,0.0606088349736779,0.036935804526729,0.0018020729146424,-0.0230483153261181,-3.225838161924582e-05,0.0403914950302338,-0.5500720853840083,0.02812867639376218,0.0008126665268418654,0.01962336169526875,0.016032609317347978
1660869481346271,-1.001174944686046,0.0989394979781792,0.0598764019226365,0.0358807010436002,0.0027094950946014,-0.022979999242888,-0.0001418609797409,0.0407856838045357,-0.5496395621729769,0.02856749211277385,-0.002015224067248078,0.02557130247698927,0.013770158639675921
1660869481362251,-1.002517738612955,0.1066300450141142,0.0569466697184708,0.0346172031466624,0.0042263326212256,-0.0227904156612878,-0.0002398568643523,0.0411919742161903,-0.5492215188563405,0.02906586386274255,-0.0030222161947411896,0.02993566456163184,0.009756383791959207
1660869481378231,-1.010818646524758,0.1124895094224456,0.0602426184481572,0.0331644239801527,0.0061862372546107,-0.0224920822807925,-0.0003198782731307,0.0416167026352297,-0.5488210520055881,0.02960775977300134,-0.010190811695889757,0.03221561607296691,0.011747099269481039
1660869481394210,-1.008743419546807,0.1143205920500492,0.0645151445792322,0.0315660804264004,0.0083123716036113,-0.0221107970256266,-0.0003784719245878,0.0420642312931771,-0.548440751630385,0.030132047504350376,-0.007304026246145012,0.030642028830513465,0.01441766286050044
1660869481410190,-1.003738460364691,0.1240863660639349,0.0626840619516286,0.0298837291155284,0.0102710920330317,-0.02168471908133,-0.0004161551116911,0.0425354656203619,-0.5480824147338831,0.030736914604592637,-0.0020691603576261652,0.036367022559959244,0.011327922209607155
1660869481426170,-1.001174944686046,0.1203021286335542,0.0576791027695122,0.0281873745270576,0.0117345400928281,-0.0212552991892042,-0.0004377066207889,0.0430279001078348,-0.5477468076030421,0.031214470089686322,0.00044491978891691986,0.0293245066166207,0.00569066672474168
1660869481442150,-1.00166323338674,0.1047989623865107,0.0585336079957272,0.0265477164401351,0.0124403707157705,-0.020855279681131,-0.000451694951636,0.0435363466958589,-0.5474335591377946,0.03142675495715131,-3.9032020599183426e-05,0.012439206332619482,0.005890654755861015
1660869481458130,-0.9954375524528878,0.0991836423285263,0.0631723506523229,0.0250332198042557,0.0122421013513509,-0.0204993632092834,-0.0004693296498859,0.0440535148485799,-0.5471412007698805,0.031548184346812225,0.005567984021927597,0.00614149764717159,0.009476457671211046
1660869481474109,-0.9992217898832684,0.0877088578622107,0.0634164950026701,0.0237121509401401,0.0111409489875744,-0.0201816751909503,-0.000502791008985,0.0445716787368929,-0.5468671562562555,0.03149738549675681,0.0016053719323924076,-0.00479995813722961,0.00874854181940242
1660869481490089,-1.008377203021286,0.0828259708552678,0.0689097428854808,0.0226564169553862,0.0092947464007416,-0.0198849844060966,-0.0005632508008495,0.0450846206657551,-0.5466076682696797,0.031400939887529254,-0.006795037085062683,-0.008714560629755272,0.0128176107319918
1660869481506069,-1.002395666437781,0.086488136110475,0.0626840619516286,0.0219423073179451,0.0069949900960171,-0.0195913690749399,-0.0006589105890772,0.0455879492885141,-0.5463578129114715,0.03134799775937824,-0.0007321504514019583,-0.004547155837093267,0.005932736818325644
1660869481522049,-1.000686655985351,0.0916151674677649,0.0607309071488515,0.0216443524133918,0.0046126934864842,-0.019278324335023,-0.0007935467759433,0.0460795856904438,-0.5461115154971462,0.031366975059527374,0.00087917400092552,0.0005218879681769678,0.003581623813993698
1660869481538028,-0.9970244907301442,0.1000381475547414,0.065980010681315,0.0218224766197688,0.0025351745003802,-0.0189159889824097,-0.0009658949119081,0.0465611198856871,-0.5458616026016432,0.03151677584611039,0.004087205330518984,0.008050381249638125,0.007947654611811475
1660869481554008,-0.9895780880445564,0.1045548180361635,0.0632944228274965,0.0225068944565723,0.0011022928998094,-0.0184865882671723,-0.0011698464742607,0.0470372069142231,-0.5456001956186768,0.031706126563102656,0.010380247214496152,0.01131034655795421,0.004735860082193684
1660869481569988,-0.9798123140306708,0.1152971694514378,0.0653696498054472,0.0236857841602211,0.0005461612924917,-0.0180048841564931,-0.0013953449865039,0.047513593036367,-0.5453193821367852,0.03203368604693526,0.0181314191055435,0.01984742817590565,0.006129978354129935
1660869481585968,-0.9789578088044556,0.1096818493934535,0.0665903715571829,0.0252996857037806,0.0009624531851144,-0.0175175571137572,-0.0016298188450924,0.0479963916010657,-0.5450118729222231,0.0322551663427343,0.017087331898582803,0.012808897306129233,0.006615630095279081
1660869481601947,-0.9761501487754636,0.120912489509422,0.0739147020675972,0.0272463965397417,0.0023137155266122,-0.0170957623016741,-0.001859821942739,0.0484912621173072,-0.5446716652642976,0.03263688170278268,0.01790549273481734,0.02163558367988795,0.012545964545124043
1660869481617927,-0.9706569008926528,0.1522850385290306,0.07537956816968,0.0293964100655216,0.0044355237875584,-0.0168250716389189,-0.0020726786048296,0.0490016437443914,-0.5442946462049836,0.033430660737570964,0.021058866555865308,0.047707319429546896,0.012609747582486147
1660869481633907,-0.9667505912870986,0.1439841306172278,0.0675669489585715,0.0316140205229327,0.007062553313748,-0.0167824293191587,-0.0022580377524086,0.0495282251923276,-0.5438788208540877,0.03400927355133762,0.022468658545277576,0.03546577036596969,0.0043174155342398796
1660869481649871,-0.978835736629282,0.1229877164873727,0.0661020828564886,0.0337787970171078,0.0098949985418621,-0.0170169695992514,-0.0024089554359881,0.0500690898984148,-0.5434241963317027,0.03422645496126291,0.00934516188278478,0.01302242061250311,0.002567294488941274
1660869481665851,-0.9850614175631344,0.1178606851300827,0.0718394750896465,0.0358020810635602,0.012658746359004,-0.0175465220297509,-0.00252219139175,0.0506188413590811,-0.5429325268784834,0.03436394798723704,0.0028075328540392297,0.0071058503296917985,0.007474218049889264
1660869481681831,-0.9884794384679942,0.1329976348516064,0.0645151445792322,0.037633082014851,0.0151236130819426,-0.0183496808139217,-0.0025980084718258,0.0511689346215906,-0.5424068042755464,0.03467721347619943,-0.000549439245738581,0.020018520046093946,0.0001348987855274708
1660869481697811,-0.9821316853589686,0.139101243610285,0.0617074845502401,0.0392537444120928,0.0171046264394135,-0.0193569488347832,-0.0026399043928184,0.0517103294687265,-0.5418505271277685,0.035040344205958716,0.0052184824769583305,0.0235099159242953,-0.0024054851191181656
1660869481713791,-0.98628213931487,0.1345845731288628,0.0675669489585715,0.0406668832224341,0.018467214930872,-0.0204678775247785,-0.0026542658850218,0.0522353421862808,-0.5412671747148204,0.035318631253878276,0.0009612256689512932,0.017093920898585774,0.0031085813602919066
1660869481729770,-0.9798123140306708,0.133974212252995,0.0692759594110015,0.0418828284509262,0.0191356758057799,-0.0215793829177333,-0.0026497467223171,0.0527371582441706,-0.540660092409672,0.03556915138712255,0.006687945857835387,0.014835204020446177,0.00433583263144971
1660869481745750,-0.9767605096513314,0.1304341191729614,0.0724498359655143,0.0429092437957255,0.0191023231577385,-0.0225962947860886,-0.0026363684968355,0.0532082150055275,-0.5400326694731674,0.03575627509133248,0.008765775213457228,0.010165599846371345,0.006758738267366268
1660869481761730,-0.9816433966582744,0.1224994277866784,0.0739147020675972,0.0437488418780247,0.0184257782035466,-0.0234399063702322,-0.0026244936171786,0.0536393576433984,-0.5393885357334617,0.0358146826867411,0.003494599385862829,0.0020078176140795045,0.007401243932504256
1660869481777710,-0.9901884489204242,0.116639963378347,0.0819714656290528,0.0444057748491159,0.0172168662394405,-0.0240684538078819,-0.0026237917823719,0.0540226799929559,-0.5387313115117456,0.03580433283015176,-0.004545407588658401,-0.0034664821148266967,0.013912206744563865
1660869481793689,-0.9875028610666056,0.1196917677576863,0.0809948882276643,0.0448955762414881,0.0156268305232083,-0.0244837159826502,-0.0026422774251659,0.0543562898967097,-0.5380639745576695,0.035837780114861856,-0.0016738377613557676,-0.00037320996193866696,0.011642066408857829
1660869481809669,-0.9921416037232014,0.1320210574502179,0.0816052491035321,0.0452530772239391,0.0138352052809677,-0.0247152365132537,-0.0026855493565392,0.0546436173371562,-0.5373886454262847,0.036040798816191946,-0.0056813223761563725,0.01076047175753364,0.011027184556253067
1660869481825649,-0.9876249332417792,0.1406881818875414,0.0795300221255814,0.045535379362942,0.0120254601979448,-0.0248078717667268,-0.0027563958190671,0.054888232549216,-0.5367067828596944,0.03634143082651071,-0.0010481867052608562,0.017484836575371435,0.00805676182047213
1660869481841629,-0.9916533150225072,0.137392233157855,0.0806286717021436,0.0458178987582518,0.0103564769045242,-0.0248190887476995,-0.0028548262006333,0.0550932033645217,-0.5360189031276124,0.0365673054900801,-0.0045689116373899274,0.012769999061116533,0.008239870257330903
1660869481857608,-0.9894560158693828,0.1320210574502179,0.0857557030594335,0.0461832218381219,0.008944280597554,-0.0248093051121732,-0.0029784760706563,0.0552634203979649,-0.5353240843146753,0.036713821215231986,-0.0021344512358389967,0.00665894101813147,0.012030211453158718
1660869481873588,-0.9831082627603572,0.132265201800565,0.0862439917601278,0.0467058844370803,0.0078609342931094,-0.0248230689934331,-0.003123260099619,0.0554033829019941,-0.5346201846888452,0.036854735685645706,0.0037919716858679786,0.00621277683163074,0.011266650138467713
1660869481889568,-0.9807888914320592,0.1409323262378885,0.0870984969863428,0.047438359528245,0.0071494574706493,-0.0248756697552923,-0.0032840579229449,0.0555149100787521,-0.5339043412984921,0.0371075139301748,0.005500208712749477,0.013391911142058815,0.010909039828214437
1660869481905548,-0.9826199740596628,0.1492332341496914,0.0814831769283586,0.0484034711936602,0.0068337774662982,-0.0249568650908946,-0.0034552662292666,0.0556001360749929,-0.5331730785815434,0.037430924791247405,0.0033022134766312883,0.019523537148475517,0.00476434779320721
1660869481921527,-0.9744411383230336,0.1538719768062871,0.084779125658045,0.0495956126287914,0.0069043880891862,-0.025046073104942,-0.003631305533803,0.055663401470643,-0.5324225648005477,0.037803267222177764,0.010332944291934432,0.0217460518245641,0.007254266870604251
1660869481937507,-0.9737087052719922,0.1557030594338906,0.08392462043183,0.0509891294443503,0.0073022514528128,-0.0251227699170328,-0.0038072354945113,0.0557091842981559,-0.5316491977568731,0.03816202496015626,0.009958839608678272,0.021219421006950845,0.005759785479950305
1660869481953487,-0.9687037460898758,0.1575341420614942,0.0872205691615164,0.0525507532680774,0.0079332309958604,-0.0251741042118232,-0.0039793097925678,0.0557416739268608,-0.5308498295424829,0.03852611826019416,0.013467418911715212,0.020745453271099,0.008150160788673047
1660869481969482,-0.9745632104982072,0.164126039520867,0.0934462500953685,0.0542526414398509,0.0086996012459855,-0.0252102605134415,-0.0041451209310705,0.0557656040573571,-0.5300216477731763,0.03896355215296786,0.0068471590530454485,0.024603615657424638,0.012938257550272628
1660869481985462,-0.9750514991989014,0.1610742351415277,0.08905165178912,0.0560808589157495,0.0095175511234239,-0.0252714881163196,-0.0043033160383858,0.0557846577987029,-0.5291621622970478,0.0392992103281049,0.0057229833171160704,0.019396630150276817,0.007689293319621718
1660869482001442,-0.970046540016785,0.1664454108491649,0.0879530022125578,0.0580344282945555,0.0103237789917907,-0.0254137682079679,-0.0044531750490971,0.0558000354134547,-0.528269133227943,0.039676775875400895,0.009655148249309242,0.022291025272122622,0.005931579368753562
1660869482017421,-0.9702906843671322,0.173525597009232,0.089906157015335,0.0601135981681947,0.0110912862644889,-0.0256941454466043,-0.0045941498495168,0.0558107896302483,-0.5273404342047648,0.04012225606631821,0.008469903509065957,0.026434090288970757,0.007096260754377692
1660869482033401,-0.971755550469215,0.1681544213015949,0.0886854352635992,0.0622990116622758,0.0118488107775489,-0.0261640813004196,-0.004725244637889,0.0558134682360675,-0.5263742882093168,0.04044292155735377,0.006304533666284695,0.01895662312320029,0.0052879851023777125
1660869482049381,-0.97431906614786,0.1652246890974292,0.0945448996719306,0.0645257851233896,0.0126779611811501,-0.0268533061905291,-0.004844372622109,0.0558021229869129,-0.5253698627053588,0.04070912423561746,0.003366916188875746,0.014424201827131167,0.010032704559638186
1660869482065361,-0.9711451895933472,0.1766994735637448,0.0917372396429385,0.0666594117373567,0.0136847891622752,-0.0277492058770233,-0.0049480764493321,0.0557706442243547,-0.5243280118265546,0.0411016924804855,0.005886713469049676,0.023309087664102085,0.006502540077581484
1660869482081340,-0.9716334782940416,0.1848783093003741,0.0916151674677649,0.068481672507862,0.0149724996142099,-0.0287908963482791,-0.0050317406624195,0.0557150232021653,-0.5232523239102543,0.041568011571484695,0.0048585822915198085,0.028339131060658246,0.005742421112167093
1660869482097320,-0.971511406118868,0.1885404745555812,0.08734264133669,0.0696935838518977,0.0166239795323387,-0.0298761236255583,-0.005090110238133,0.055633845319556,-0.5221504392993932,0.042023781248831854,0.004482589020024075,0.02880116668427879,0.0013229054829829723
1660869482113300,-0.9796902418554972,0.1876859693293662,0.0927138170443271,0.0699397406313611,0.0186752377164081,-0.0308735781147761,-0.005118037252718,0.0555282683406737,-0.5210351745302028,0.04243287218722735,-0.003326622044944716,0.025151995312257425,0.006024673071558073
1660869482129280,-0.982253757534142,0.1913481345845733,0.0993057145036999,0.0688533169885495,0.0210878070959544,-0.0316342310268465,-0.0051115081759538,0.0554017756810883,-0.5199250747979002,0.04287301477965926,-0.005301123951230502,0.02593274451071806,0.011354913477837791
1660869482145259,-0.9949492637521936,0.1970855268177312,0.1056534676127256,0.066115325497275,0.023750302218716,-0.0319915668548783,-0.0050688054314968,0.0552593953422039,-0.5188441743031231,0.043360885771849635,-0.01619696715235397,0.02850312306948835,0.015932399928177132
1660869482161239,-1.004104676890211,0.2119783321889068,0.1050431067368578,0.0615184892777914,0.0264982169945647,-0.0317691103608362,-0.0049914902235799,0.0551073184339344,-0.5178207296154322,0.044000250033771046,-0.022817142261334356,0.03905633559659755,0.013789835147078405
1660869482177219,-1.016556038757916,0.2302891584649425,0.1111467154955363,0.0550228894178627,0.0291260463379427,-0.0308261578931102,-0.0048849515527176,0.0549531848770211,-0.5168848907330488,0.04484878693142853,-0.031741653716135354,0.051630445685369925,0.01790409951518121
1660869482193199,-1.02388036926833,0.2282139314869918,0.1168841077286942,0.0467876140254787,0.0314104088500916,-0.0291145596233628,-0.00475830142272,0.0548054100136528,-0.5160657194298989,0.045607550237586454,-0.03515938580389444,0.04459969683667728,0.021277342573505206
1660869482209179,-1.036087586785687,0.215640497444114,0.1278706034943164,0.0371661879604574,0.0331629821979259,-0.0266906056702773,-0.0046234688387671,0.0546708193618782,-0.5153881698398093,0.04616155763204406,-0.042629942989126146,0.02882363651441955,0.029037454505214652
1660869482225158,-1.05806057831693,0.1973296711680783,0.1405661097123678,0.0266630245560255,0.0342924127049842,-0.0236816312846824,-0.004493584479091,0.0545531822445675,-0.5148704199396921,0.04646890936727239,-0.058142641068332224,0.009461529214545461,0.03755966465093945
1660869482241138,-1.074418249790189,0.1879301136797134,0.1411764705882357,0.0158575312533763,0.0348466506052229,-0.0202481410505889,-0.0043809283476836,0.0544547569367914,-0.5145219112087918,0.04664669804712411,-0.06705028128743229,5.5774553562482065e-05,0.034353022974126624
1660869482257118,-1.050980392156863,0.1970855268177312,0.1259174486915393,0.0053115121256769,0.0350040936764752,-0.0165779840640822,-0.0042948201805457,0.0543783170281833,-0.5143427308499527,0.04687762610745793,-0.03925118128869576,0.008290068922422261,0.0171846009696872
1660869482273098,-1.019974059662776,0.2080720225833526,0.1137102311741813,-0.0045175882452585,0.035002759456484,-0.0129133923163341,-0.0042399767340502,0.0543267886418085,-0.5143246546706495,0.04716942379599336,-0.007420363915147998,0.01734890821923929,0.004479645107096281
1660869482289062,-0.9988555733577478,0.2067292286564433,0.1155413138017849,-0.0133362286887997,0.0350640414939631,-0.0095413395433143,-0.0042158179162738,0.0543016507953357,-0.5144534214267251,0.04740686206495335,0.012328310150892197,0.014405502863096997,0.0056796549612298936
1660869482305042,-1.009719996948196,0.1980621042191197,0.1168841077286942,-0.0210340235323903,0.0353647273267521,-0.0067046566508841,-0.0042168885329522,0.0543020078525248,-0.5147115884325131,0.04751423498533471,0.0013174979043995005,0.00516454058319607,0.006320203999325286
1660869482321022,-1.009842069123369,0.197695887693599,0.1110246433203628,-0.0276604754426381,0.0360251628091992,-0.0045256139687668,-0.0042342165667754,0.0543244955939159,-0.5150813710728619,0.04758145837835402,0.001075883156303803,0.004318491651907841,0.0004146656318944897
1660869482337001,-1.013138017853056,0.2111238269626918,0.0984512092774849,-0.0333699104735166,0.037068011399556,-0.0030100669088763,-0.0042573278792873,0.0543637590721576,-0.5155468209463824,0.04777694760572052,-0.001998059016044884,0.015971787828900602,-0.01094289156988508
1660869482352981,-1.014236667429618,0.2059967956054019,0.0977187762264435,-0.0383563195304319,0.0383829348061371,-0.0020584892945316,-0.0042767304617468,0.0544134885576629,-0.5160949290200517,0.04788090223760978,-0.0027870377333460983,0.00976028082444963,-0.010507792158833837
1660869482368961,-1.010574502174411,0.2009918364232854,0.0950331883726249,-0.0427977976806585,0.039760475374766,-0.0014596012613773,-0.0042863901154796,0.0544682085043882,-0.5167156727243986,0.0478929709097886,0.0007876147696748159,0.004279789478099816,-0.011874042011387198
1660869482384941,-1.007766842145418,0.1998931868467233,0.0925917448691535,-0.0468186946216105,0.0409806932129711,-0.0009426575614578,-0.0042851740068577,0.0545250749544824,-0.5174013371959671,0.047877974952783085,0.003235747318801163,0.002863025911383932,-0.012883936963372727
1660869482400920,-0.99824521248188,0.1946440833142598,0.0866102082856485,-0.0504724291522527,0.0418889662551904,-0.0002664995153509,-0.0042765901361402,0.0545839605749812,-0.5181455579263449,0.04776379892467437,0.011481639284105172,-0.002147469858971629,-0.016978926192189964
1660869482416900,-0.9994659342336156,0.1863431754024569,0.0872205691615164,-0.053745149551328,0.0424318079483174,0.0007383170095106,-0.0042672292860343,0.0546462632533723,-0.5189423475326685,0.04755050338066405,0.009234825779132594,-0.009403539993697085,-0.014731708784689851
1660869482432880,-0.9949492637521936,0.1749904631113148,0.0916151674677649,-0.0565730947342629,0.0426594708612554,0.0021539714226917,-0.0042647104167832,0.0547141788114432,-0.5197852074513856,0.047216231340459755,0.012376346634499158,-0.01868062705635526,-0.009303399430597215
1660869482448860,-0.99653620202945,0.1653467612726027,0.1066300450141142,-0.0588650903243263,0.0426974771357617,0.0039476149390528,-0.0042756321337478,0.0547898376396588,-0.5206665269032551,0.046840041496431874,0.009710467521518384,-0.02549189600556062,0.0051403303041768905
1660869482464840,-0.99653620202945,0.1676661326009006,0.1071183337148085,-0.0605263281031846,0.0427018224877507,0.0059664037488894,-0.0043039007250222,0.0548740253750214,-0.5215773394718604,0.04653653914803703,0.008739420769366402,-0.020855272209536424,0.005065757104384061
1660869482480819,-0.978347447928588,0.1768215457389184,0.0977187762264435,-0.0614810727406388,0.0428184698613535,0.0079737170783491,-0.0043497739021046,0.0549659532342234,-0.5225073192797772,0.04634862520244128,0.02423535738320559,-0.010529873164366765,-0.0039004203455828557
1660869482496799,-0.971755550469215,0.1731593804837113,0.0952773327229721,-0.0616919006870239,0.0431561733926317,0.0097026160771682,-0.0044097317627492,0.0550632377214466,-0.5234451312538356,0.0461209975810139,0.027744529358320613,-0.012772834577616465,-0.005707677464148825
1660869482512779,-0.976882581826505,0.1762111848630505,0.0874647135118635,-0.0611744538908207,0.0437797283899666,0.0109107986733145,-0.0044770160325175,0.0551610840014748,-0.5243792128363872,0.04593212350097831,0.02035574820092756,-0.008748927178449523,-0.012168267007731687
1660869482528759,-0.9755397878995956,0.178652628366522,0.079652094300755,-0.0600069496283627,0.0447110827398169,0.0114194480622596,-0.004542583217686,0.0552526267950751,-0.525298690050724,0.045769046946374986,0.019528687915053244,-0.005676735307480224,-0.017982797596956174
1660869482544738,-0.9809109636072328,0.1765774013885713,0.0764782177462421,-0.0583335627929685,0.0459147687649262,0.0111242642183389,-0.0045963502491726,0.0553304974210385,-0.5261942949094456,0.04558397215077238,0.012741760986674344,-0.006976766056887823,-0.01904100673632217
1660869482560718,-0.9849393453879608,0.1721828030823227,0.0781872281986721,-0.0563611979818007,0.0472841299917418,0.0099958928811453,-0.0046286822069024,0.0553874362089923,-0.5270593889307924,0.045363705241285274,0.007842041285351709,-0.010234227926822798,-0.015598796655502956
1660869482576698,-0.9804226749065386,0.1660791943236442,0.0712291142137786,-0.0543472972164731,0.048658344754673,0.0080804942233821,-0.0046318615650229,0.0554162217873013,-0.5278909407808727,0.04505766631740689,0.011122840590096494,-0.014704053016951157,-0.02030121957635682
1660869482592678,-0.948439765011063,0.1472800793469142,0.0558480201419087,-0.0525746502221955,0.0498623770524503,0.0054945190308546,-0.0046011442951252,0.0554096079754134,-0.5286902233547627,0.04447988397634454,0.03879517543701494,-0.030152851194313046,-0.03211408228340406
1660869482608673,-0.9577172503242544,0.1577782864118413,0.0492561226825358,-0.0513125577410602,0.0507498802301515,0.0024154601779862,-0.0045351843728015,0.0553600705348248,-0.5294630406064535,0.04409040192992188,0.026565921111441182,-0.017689179716447345,-0.03483538176849927
1660869482624652,-0.9859159227893493,0.1741359578850998,0.0524299992370487,-0.0507699296331777,0.0512327226126068,-0.0009349436203808,-0.0044358526755819,0.0552611461652838,-0.5302191061903332,0.043969690585880614,-0.0014694762182884125,-0.0011983574188699497,-0.028495354692587745
1660869482640632,-1.008255130846113,0.1665674830243384,0.0654917219806208,-0.0510520360937395,0.0512784050846323,-0.0043192725391276,-0.0043076881294911,0.0551104316289014,-0.5309705060084264,0.043786482194305615,-0.021427815847546938,-0.00789014905166821,-0.013890268754114074
1660869482656612,-1.015213244831006,0.1493553063248649,0.0678110933089186,-0.0521359693458872,0.0508904097945073,-0.0075102235565222,-0.0041572857497311,0.0549100391121708,-0.5317298453592832,0.043386871700840816,-0.02554733684919608,-0.022592093176027533,-0.010413807683234647
1660869482672592,-1.019241626611734,0.1268940260929279,0.0646372167544058,-0.0538747033005625,0.0501074053026102,-0.0103075244937941,-0.0039926557233266,0.0546637597571923,-0.5325085343574094,0.042703903352396086,-0.026618146766931527,-0.040548036067168086,-0.012228915813972716
1660869482688572,-1.001297016861219,0.1245746547646291,0.0570687418936444,-0.0560280703754086,0.0490113686247906,-0.0125500510083775,-0.0038224157598804,0.0543756405305173,-0.5333151771792773,0.0420394046892412,-0.007806183314774895,-0.03858066665592021,-0.017817651607260704
1660869482704551,-1.000076295109483,0.132265201800565,0.0609750514991986,-0.058309654349394,0.0477153445663333,-0.0141149312189955,-0.0036549671580227,0.054051816324535,-0.534154236289042,0.04156211087998346,-0.005926915406735067,-0.02780110765798588,-0.012520207801535857
1660869482720531,-1.001907377737087,0.1447165636682692,0.0617074845502401,-0.0604347517054998,0.0463428604288467,-0.0149139289631999,-0.0034979163253115,0.053703027284212,-0.535025384941211,0.04131054235974117,-0.006982198230905179,-0.013814771211253518,-0.010608997275444919
1660869482736511,-0.9917753871976808,0.1465476462958728,0.0697642481116957,-0.0621569027025066,0.0450127340894279,-0.0149117070023902,-0.0033576854963584,0.0533448286464007,-0.535923755272424,0.04113439578469469,0.0028348130776509883,-0.010785319725284931,-0.0022970103425904026
1660869482752491,-0.9903105210955978,0.1345845731288628,0.0724498359655143,-0.0632882207593551,0.043817219809891,-0.0141484916479292,-0.0032392162681247,0.0529931824516476,-0.5368410619633548,0.040815149991222814,0.0038697112617605,-0.020473553603065436,0.00034971976010537975
1660869482768470,-0.989089799343862,0.1199359121080334,0.0783093003738457,-0.0637058991499749,0.0428104535568032,-0.0127350348441312,-0.0031458339261005,0.0526584040618072,-0.5377670632445618,0.04033911870561198,0.004581389712146722,-0.03160999316150537,0.005588265751593102
1660869482784450,-0.987380788891432,0.1193255512321656,0.0794079499504079,-0.0633497115454957,0.0420369506804239,-0.0108301697825533,-0.0030791041298227,0.0523453557002981,-0.5386904445188444,0.03990666176877898,0.005661360148119021,-0.02899831863363586,0.006018223795339769
1660869482800430,-0.9857938506141756,0.117494468604562,0.0783093003738457,-0.0622149877846534,0.0415643921634591,-0.0086225604723634,-0.0030384275812474,0.0520586907836553,-0.5395991884501175,0.039489626489256496,0.00652346858283781,-0.027746461135115502,0.004427616796899819
1660869482816410,-0.9798123140306708,0.1173723964293885,0.0801403830014493,-0.0603453548956214,0.0414655617481944,-0.0063128471495204,-0.0030206768591018,0.0518033422919501,-0.5404813459965451,0.039120869130131,0.01125450464970823,-0.0250816799792601,0.00563282948205307
1660869482832389,-0.9754177157244222,0.1152971694514378,0.0766002899214157,-0.0578289631690632,0.0417751942157924,-0.0040903735852485,-0.0030204215948016,0.0515813964321887,-0.5413260748151165,0.038751523133720545,0.014084192660361206,-0.02444121626148972,0.0018834627618175281
1660869482848369,-0.9727321278706036,0.1204242008087277,0.0706187533379107,-0.0547984286519903,0.0424784116992687,-0.0021136414436921,-0.0030307037510694,0.0513934428252547,-0.5421242129172884,0.03847445734362408,0.01509280246276179,-0.017382766413779838,-0.0036882664395187226
1660869482864349,-0.966628519111925,0.1251850156404979,0.0667124437323565,-0.0514302773635348,0.0435210113210067,-0.0005021587405121,-0.0030439323575111,0.0512404467848042,-0.5428688207312571,0.03828426272326197,0.019076770099296314,-0.011359756423808681,-0.006835118440565627
1660869482880329,-0.96748302433814,0.12628366521706,0.0669565880827036,-0.0479390495352705,0.0448091343611624,0.0006653607641768,-0.0030527489991763,0.0511207007141476,-0.5435561553882732,0.038130973035422476,0.016400038385773086,-0.009234996162521908,-0.005931876681196671
1660869482896309,-0.9721217669947356,0.1196917677576863,0.0642710002288851,-0.0445635607462963,0.0462119769026602,0.0013544109502842,-0.003050897701831,0.0510282046604382,-0.5441863458487108,0.037890229371769626,0.010585166156259818,-0.014244204259706059,-0.007755718081513652
1660869482912288,-0.9730983443961244,0.1138323033493549,0.0584115358205536,-0.0415448235708946,0.0475852069746496,0.0015791757753435,-0.0030339455069199,0.0509554246725338,-0.5447633798643012,0.03757320219368702,0.008647729879383892,-0.018093301801233697,-0.012253664240860648
1660869482928253,-0.975173571374075,0.1078507667658499,0.0541390096894787,-0.039096997791877,0.0487973350562792,0.0014004030636432,-0.0029996677356249,0.0508946864574768,-0.5452948378127263,0.03719000932248981,0.005915252611290001,-0.02166735454626481,-0.014873571334741986
1660869482944233,-0.9826199740596628,0.0971084153505756,0.054627298390173,-0.037375288776618,0.0497425089172833,0.0009103173826883,-0.002948093301474,0.0508375904222153,-0.5457913270218955,0.03668987204274178,-0.0013780350668679553,-0.029168735365385196,-0.012946754370642917
1660869482960212,-0.9926298924238957,0.0903944457160292,0.0599984740978101,-0.036447359858531,0.0503458519275956,0.0002099181528606,-0.0028812734906481,0.0507754567410234,-0.5462653142766785,0.0361531213415294,-0.010249158087990762,-0.032294434499938435,-0.0068180207967052375
1660869482976192,-0.9994659342336156,0.0918593118181121,0.0557259479667351,-0.0362760281543719,0.0505678550303844,-0.0006051171080536,-0.0028028363626041,0.0507002298479698,-0.5467295292921733,0.035673278243705246,-0.015376679907939672,-0.027746611558069983,-0.009981492235002214
1660869482992172,-1.005325398641947,0.0968642710002285,0.0570687418936444,-0.0367189238441212,0.0504041442536328,-0.0014454803426922,-0.0027174519353704,0.0506059451467925,-0.5471951697853237,0.0353134785743478,-0.01911252988464407,-0.020467487138358234,-0.007774828477283627
1660869483008152,-1.004959182116426,0.0993057145036999,0.0507209887846187,-0.0375463593994985,0.0498781523123514,-0.0022294483013044,-0.0026303408237826,0.0504906409070105,-0.5476702064586733,0.03500793177553506,-0.016871682023210766,-0.016223439271398146,-0.012710323427678388
1660869483024131,-1.004226749065385,0.0897840848401614,0.050354772259098,-0.0384747777015606,0.0490334062144661,-0.0028883470679162,-0.0025468604291786,0.0503558501901374,-0.5481583123064905,0.03460000259776753,-0.014525324074952661,-0.023170562041442994,-0.011768885957879179
1660869483040111,-1.005447470817121,0.0739147020675972,0.0552376592660408,-0.0392099176512205,0.0479325114542503,-0.0033697987493356,-0.002472116771185,0.0502044187304739,-0.5486585435371688,0.03402375017177017,-0.014171441244019922,-0.03513595033260647,-0.006197399055842739
1660869483056091,-0.9939726863508048,0.0667124437323565,0.0548714427405201,-0.0394911467421662,0.0466574851007322,-0.0036409696912185,-0.0024105550402511,0.0500398021221849,-0.5491655770348531,0.03340673986402334,-0.0024269910999332733,-0.03810438780106244,-0.0059072540232270945
1660869483072071,-0.9906767376211184,0.0610971236743722,0.0564583810177765,-0.039128701617992,0.0453034165000326,-0.0036902520483805,-0.0023655719678515,0.0498660170086294,-0.549670534941619,0.03277785071323535,0.0007820618667777612,-0.03934773707314208,-0.0038882841713736294
1660869483088050,-0.9889677271686884,0.0593881132219422,0.0586556801709008,-0.0380283049871258,0.0439698145244752,-0.0035197080014451,-0.0023392554445295,0.0496873968058602,-0.5501623194408715,0.032194882805055725,0.0022419650872869124,-0.03695107277301487,-0.0015218865164243964
1660869483104030,-0.9815213244831008,0.0628061341268022,0.0548714427405201,-0.0361999928304587,0.0427528692922675,-0.0031374744171234,-0.0023322981573614,0.0495091196923751,-0.5506291508330411,0.031710391248892904,0.008719530995587088,-0.03017974668133938,-0.004775511552124585
1660869483120010,-0.9815213244831008,0.0681773098344393,0.0562142366674294,-0.0337507482198835,0.0417320881297012,-0.0025609292471184,-0.0023440749889394,0.0493373258523004,-0.5510601502311459,0.031354620339803706,0.007847577896028413,-0.022327713876332048,-0.00308944586269376
1660869483135990,-0.97602807660029,0.067689021133745,0.0549935149156937,-0.0308639769736377,0.0409532707828882,-0.0018216821946017,-0.0023728981824757,0.049178266655343,-0.5514467680138009,0.031027493019070977,0.012006743200955294,-0.020534402319323714,-0.0038791508529865057
1660869483151970,-0.980544747081712,0.0680552376592658,0.0557259479667351,-0.0277703481213295,0.0404180915659448,-0.0009655408618279,-0.0024164426921391,0.0490377151639881,-0.5517837787959483,0.03073867150924177,0.006741065447579908,-0.018151367214422634,-0.002832046021750599
1660869483167949,-0.9792019531548029,0.0601205462729836,0.0621957732509343,-0.0247143465580375,0.040085096293422,-5.230185803683108e-05,-0.0024722377056161,0.0489199990961298,-0.552069804726874,0.030387765556281494,0.007275473437040159,-0.02347745274063435,0.003274001336203737
1660869483183929,-0.9773708705271992,0.0518196383611808,0.0613412680247194,-0.021920881303398,0.0398838515176603,0.0008436936640303,-0.0025380518280941,0.0488268362726819,-0.5523073251373442,0.02995506296168199,0.008195900458179417,-0.028600524587193428,0.002177546498989956
1660869483199909,-0.9804226749065386,0.0532845044632637,0.0630502784771493,-0.0195660113987712,0.0397347314238687,0.0016354313205347,-0.0026120484379819,0.0487579111176024,-0.5525020492928444,0.029590229537691408,0.004629686470955963,-0.024422092636599474,0.0034979012562778647
1660869483215889,-0.9877470054169528,0.0545052262149994,0.0595101853971158,-0.0177555348907845,0.0395585090375126,0.0022325104195274,-0.0026927821830319,0.0487117327529712,-0.5526618791507584,0.029262512927245073,-0.0024251796355124755,-0.020881233796377394,-3.797264138006434e-05
1660869483231868,-0.9983672846570536,0.0513313496604865,0.0531624322880901,-0.016515059137048,0.0392761511114384,0.002562046473762,-0.0027792512557452,0.0486844109518173,-0.5527958186136345,0.028895031735665523,-0.01174091298805191,-0.021649599315801266,-0.0057471531753651856
1660869483247833,-0.9975127794308384,0.0454718852521551,0.0553597314412144,-0.01579347652219,0.0388090044915356,0.0025911633683662,-0.0028711234369611,0.0486686698990192,-0.5529128339061468,0.028490478298353633,-0.009797766985653045,-0.0247581573517194,-0.0031948686200167983
1660869483263813,-1.001541161211566,0.0413214312962537,0.0549935149156937,-0.0154788143043217,0.0380820322425724,0.0023348755515831,-0.0029690600090416,0.048655758452896,-0.5530206443438812,0.028065339631818217,-0.012443533889742509,-0.02601775017685872,-0.0032049766309837496
1660869483279792,-1.005935759517815,0.0399786373693444,0.0480354009308001,-0.0154232457277113,0.037038203387932,0.0018496089465932,-0.0030749232817928,0.0486380032089243,-0.5531247957249061,0.027640647269192287,-0.015154318976392522,-0.02462448969339122,-0.009146781554289614
1660869483295772,-0.9961699855039292,0.0404669260700387,0.0425421530479894,-0.0154720635952585,0.0356621279987296,0.0012234697223074,-0.0031916559678732,0.0486092905984291,-0.5532283425523438,0.02725327121693922,-0.004849690466256051,-0.021722580893427226,-0.013176026493390287
1660869483311752,-1.001419089036393,0.034119172961013,0.0487678339818415,-0.0154896223484851,0.0339874622127264,0.0005656835533922,-0.0033228644598746,0.0485652239558851,-0.5533319940807754,0.026833460443049014,-0.009088914598847864,-0.025263300602207626,-0.006255311003584368
1660869483327732,-0.9917753871976808,0.0243533989471274,0.0493781948577094,-0.015376593523521,0.0320878135153552,-1.124379219560791e-05,-0.0034723002923148,0.0485045292817415,-0.553434485370436,0.02632373769054096,0.0004993085158779831,-0.031526167154483906,-0.005080455114944829
1660869483343711,-0.9939726863508048,0.0243533989471274,0.0474250400549323,-0.0150769317919505,0.0300767688837512,-0.0004157910852203,-0.0036432360209147,0.0484291536837245,-0.5535332232346671,0.025858159658183236,-0.0015281915735214646,-0.028373550439035517,-0.006330248925949723
1660869483359691,-0.9989776455329212,0.0217898832684824,0.0513313496604865,-0.0145758554357743,0.0281091066308719,-0.0005949906809057,-0.003837665119642,0.0483423806306219,-0.5536251102463219,0.025413926391143603,-0.005879835680074108,-0.027843359505912463,-0.0021815453883559793
1660869483375671,-0.9951934081025406,0.0132448310063324,0.054627298390173,-0.0138915820635375,0.0263596604730975,-0.0005385923267877,-0.0040555528405983,0.048248126349214,-0.5537071691064738,0.024906149821239416,-0.0018860384247241235,-0.032749570591256216,0.0010029630071974743
1660869483391651,-1.003250171663996,0.0158083466849774,0.0604867627985044,-0.0130646274051644,0.0249867836099397,-0.0002769219140774,-0.0042944783238847,0.0481515947162487,-0.5537768844438271,0.02450339844153239,-0.008948521787561559,-0.027167449421350093,0.006176184673975987
1660869483407631,-0.9921416037232014,0.0238651102464331,0.0548714427405201,-0.01214800769245,0.0240981954430557,0.00012474078406,-0.0045497972499195,0.0480589494482182,-0.5538324432655143,0.024238204391016874,0.0019440415379098352,-0.01719961727390495,0.000504778154392517
1660869483423610,-0.992507820248722,0.0259403372243838,0.0521858548867015,-0.0111997332230961,0.023731261035022,0.0005805608954551,-0.0048152575805912,0.047976172616212,-0.5538728972500574,0.02401952285445288,0.0014200425111502435,-0.013611951266358831,-0.0019627287294834775
1660869483439590,-0.9872587167162584,0.0357061112382695,0.0473029678797587,-0.0102770583747085,0.0238536646629388,0.0010073010611903,-0.005083897289921,0.0479078641956209,-0.5538982385093039,0.023944249568809285,0.006002231439252381,-0.0034615595272258215,-0.006161054162783654
1660869483455570,-0.9923857480735484,0.0300907911802852,0.0475471122301058,-0.009431271434268,0.0243707713717077,0.0013459865640908,-0.0053490656193936,0.0478563635274878,-0.5539093891330706,0.02379762096774501,0.0007876800737661727,-0.008169191626689113,-0.005325218831192899
1660869483471550,-1.001052872510872,0.0242313267719538,0.052918287937743,-0.0087029867667583,0.0251309943804845,0.0015661837888626,-0.005605459957366,0.0478223490962566,-0.5539080102138786,0.023599256521445677,-0.007091499927201816,-0.012625790431518461,4.1361188799875215e-05
1660869483487529,-0.9981231403067063,0.0217898832684824,0.0536507209887844,-0.0081195386531398,0.0259482918985845,0.0016500476775311,-0.0058499231252539,0.0478058009531506,-0.5538962258972847,0.023390084532456504,-0.003745590950732569,-0.013560510541490878,0.0006964148158571451
1660869483503509,-0.9967803463797972,0.0192263675898374,0.047791256580453,-0.0076960683426857,0.0266437533811361,0.0015766276315864,-0.0060816703320047,0.0478052676108538,-0.553876475823187,0.02314651008880279,-0.0021625173214411264,-0.014511623598122293,-0.004646744633226826
1660869483519489,-1.003128099488823,0.0154421301594567,0.0479133287556265,-0.0074399959541156,0.0270783133381005,0.0013206371402904,-0.0063019339258211,0.0478169708313011,-0.5538514394818117,0.022873984627646362,-0.0076592433874203,-0.016466274925652693,-0.004072205212247992
1660869483535469,-1.001174944686046,0.0060425726710917,0.048645761806668,-0.0073566915599283,0.0271704496705848,0.0008561944717858,-0.0065132691474817,0.0478353547259107,-0.5538239424728765,0.02250026591733344,-0.005135479726179004,-0.023279249172615923,-0.003005794945085842
1660869483551448,-1.001297016861219,0.0015259021896696,0.0499885557335773,-0.0074538783418806,0.0269090531673501,0.0001600584935787,-0.0067186761580432,0.047853782313644,-0.5537969454034376,0.022105692447025625,-0.004731796711216707,-0.025016327688634224,-0.0014967009163588813
1660869483567443,-0.9986114290074006,0.0033569848172732,0.0468146791790644,-0.0077426832466677,0.026350910680088,-0.0007792220792966,-0.0069206999312576,0.0478650750234509,-0.5537735995619991,0.02176546528536812,-0.0018415879716585648,-0.02086672055492756,-0.0042035197237846045
1660869483583423,-1.001785305561913,0.0034790569924467,0.039246204318303,-0.0082340530077386,0.0256009827215832,-0.0019508069325795,-0.0071207627793599,0.0478627689658292,-0.5537572281187614,0.021435204705696903,-0.004513918073553835,-0.01867018354177866,-0.010594795126091398
1660869483599403,-1.017166399633783,0.0004272526131074,0.0327763790341038,-0.0089310302006425,0.0247942395878224,-0.003321647283678,-0.0073188009123586,0.0478423512251798,-0.5537512118985278,0.021077285576027352,-0.01790551093088133,-0.019549789129006165,-0.015358158369261542
1660869483615383,-0.9972686350804914,-0.006530861371786,0.0327763790341038,-0.0098188040660014,0.0240729294183917,-0.0048467996155748,-0.0075131425750461,0.0478014927843598,-0.553758795880001,0.02065509637528044,0.0017930282601692493,-0.02385711280250961,-0.013822342532335392
1660869483631363,-1.0050812542916,-0.0042114900434881,0.0388799877927823,-0.0108555666841861,0.0235472271400252,-0.0064807413124699,-0.0077007296093692,0.0477394612953019,-0.5537827772625675,0.020329827638739115,-0.005417631855845317,-0.01938396732679054,-0.0069468603962912
1660869483647342,-1.012283512626841,-0.0067750057221331,0.0459601739528494,-0.0119682936119697,0.0232673341801495,-0.0081828141508029,-0.0078777377579707,0.0476562293159283,-0.5538250802838677,0.020027099392040157,-0.011357901171977769,-0.019752734704891986,0.000119993187398304
1660869483663322,-1.009597924773022,-0.0123903257801174,0.0431525139238573,-0.013056216830377,0.0232265606717049,-0.0099152123851352,-0.0080403550984784,0.0475519424721986,-0.5538862858923954,0.01966705527268177,-0.007805081986342888,-0.022831249286588657,-0.0024189001574344143
1660869483679302,-1.016311894407568,-0.0106813153276874,0.0411993591210801,-0.0140015320824073,0.023369796654225,-0.0116410385405087,-0.0081854962549909,0.0474272399900745,-0.5539652111533352,0.019366075126740222,-0.013067146458799916,-0.01901001495074279,-0.003934849464190454
1660869483695282,-1.000686655985351,-0.003967345693141,0.0365606164644845,-0.0146851873180935,0.0235952953876827,-0.0133306016387816,-0.0083114282281509,0.0472838291121685,-0.5540586800405751,0.019164247688503392,0.0023022827670753365,-0.011066440784576751,-0.00771623290870746
1660869483711261,-0.9967803463797972,-0.0017700465400167,0.040100709544518,-0.015005255425101,0.0237717775484336,-0.0149653229576324,-0.0084182247037426,0.0471241100171474,-0.5541616447345431,0.019022386153240773,0.005587733135366091,-0.007982227468307205,-0.0037585258458065623
1660869483727241,-1.003250171663996,-0.0027466239414053,0.0386358434424352,-0.0148941517752615,0.0237781124524947,-0.016525489608286,-0.0085078605018588,0.0469498332465252,-0.55426769404986,0.018880714367923705,-0.0007938829339495523,-0.008062924382726225,-0.0047010527531004195
1660869483743221,-0.99653620202945,-0.0132448310063324,0.0382696269169144,-0.0143296195242559,0.0235448512975187,-0.01797677267817,-0.0085838464760275,0.0467613837716371,-0.5543697780049509,0.01860052743614807,0.005328078030536809,-0.016705018302887994,-0.004560542350759096
1660869483759201,-0.9884794384679942,-0.0281376363775081,0.0422980086976423,-0.0133362285357555,0.0230782072719444,-0.0192735030853293,-0.0086504515123668,0.0465586677710049,-0.5544609285440535,0.01814827757542478,0.012046357432793364,-0.028438041306657322,-0.0004789445130280734
1660869483775180,-0.9911650263218128,-0.0381475547417409,0.0465705348287173,-0.0119784698487939,0.0224672388052073,-0.0203653213909132,-0.0087116689991971,0.0463426192248755,-0.5545348904184019,0.01761799518087962,0.008424692621077368,-0.034603163703801114,0.0034142234562422324
1660869483791160,-0.9857938506141756,-0.0372930495155259,0.0451056687266344,-0.0103483654732919,0.0218810433513343,-0.0211986802582688,-0.0087701203261094,0.0461162298396862,-0.5545866332991722,0.017148650591151705,0.012416281495843062,-0.030373792629827503,0.0017544216187434028
1660869483807140,-0.990798809796292,-0.0326543068589302,0.0421759365224687,-0.0085499293111436,0.0215452374978616,-0.0217287523839088,-0.0088260869743304,0.0458849759558403,-0.5546126738035255,0.016783875697305328,0.006670190082353922,-0.02316154497590862,-0.001057779526880069
1660869483823120,-0.9835965514610514,-0.0248416876478216,0.0457160296025023,-0.0066840828387446,0.0216871052512723,-0.0219348644185024,-0.0088769759492402,0.0456565819598357,-0.5546111661267035,0.016578149804905757,0.012485203575835047,-0.01381403318832002,0.0022340821978381817
1660869483839100,-0.9921416037232014,-0.0199588006408788,0.0542610818646522,-0.0048383906969357,0.0224686764560963,-0.021819044480924,-0.0089175726395535,0.0454400599356817,-0.5545818020348814,0.01649374763245531,0.003546136182316584,-0.008038031563239498,0.009701221013989271
1660869483855079,-0.995925841153582,-0.0148317692835888,0.0604867627985044,-0.003083038529812,0.02393893540055,-0.0214023771345666,-0.0089411085336674,0.0452443500504984,-0.5545255952886281,0.016514658514685775,-0.0002142911232575484,-0.0026199001853545473,0.014334211753057324
1660869483871059,-0.9893339436942092,-0.0156862745098038,0.0592660410467686,-0.0014718653900822,0.0260210248196227,-0.0207337114043742,-0.0089407282709951,0.045077152607372,-0.554444603572506,0.016520387708060604,0.005739845702503743,-0.003126964870412594,0.01180214100118937
1660869483887024,-0.992507820248722,-0.0151979858091095,0.0608529793240251,-4.639301570893636e-05,0.0285339715357245,-0.019890191183588,-0.0089108578557905,0.0449442175358125,-0.5543416500818956,0.016540689693933,0.002309372233191831,-0.002374808552746464,0.012050171350601283
1660869483903003,-0.9879911497673,-0.0130006866559853,0.0564583810177765,0.0011606274458448,0.0312315322252358,-0.0189614520982953,-0.0088482144461201,0.0448484848494915,-0.5542201468530301,0.016573068182878493,0.00614343844315246,-0.0001597584596600369,0.006890015739917411
1660869483918983,-0.9860379949645228,-0.0183718623636224,0.0563363088426029,0.0021255087836798,0.0338380815114655,-0.0180339698795754,-0.0087524244429913,0.0447891890090519,-0.5540839908141122,0.016529965058820855,0.0072869339213366136,-0.0049778407505674215,0.006091149208269427
1660869483934963,-0.9951934081025406,-0.0289921416037231,0.0613412680247194,0.0028383472078587,0.0360865032760427,-0.0171803413096629,-0.0086262362279534,0.0447626144219913,-0.5539373207227919,0.016366702849657248,-0.0016816312950130863,-0.014038307991601308,0.009986497551347333
1660869483950943,-0.9960479133287556,-0.0377813382162202,0.0599984740978101,0.0033100337419402,0.0377679448149273,-0.0164535449507266,-0.0084751918539631,0.0447642138490527,-0.5537841024189148,0.016096406075314696,-0.0022825228691052413,-0.02054475414368857,0.007779333261994231
1660869483966922,-0.9994659342336156,-0.0419317921721216,0.0623178454261079,0.0035778194360873,0.0387723596065596,-0.0158882104816465,-0.0083066913259989,0.0447891583958889,-0.5536277784650315,0.01581054958091545,-0.005130489396568683,-0.022225687289630973,0.009088834131262831
1660869483982902,-1.001907377737087,-0.0455939574273287,0.0608529793240251,0.0037054856721255,0.0390968919560162,-0.0154973621447653,-0.0081287260557187,0.0448314327412103,-0.5534710151913083,0.015499970340366098,-0.006814739610036091,-0.023299067290354265,0.006861571226262027
1660869483998882,-1.001174944686046,-0.0471808957045851,0.0590218966964215,0.0037761735819977,0.038834004865298,-0.0152613463197209,-0.0079486938623624,0.044884734845531,-0.5533153608973785,0.015193145991931153,-0.0054740759030955655,-0.0223974050108496,0.004527439738792584
1660869484014862,-1.002517738612955,-0.049500267032883,0.0560921644922558,0.0038791641930054,0.0381574290085088,-0.0151270510869195,-0.0077724409203432,0.044944641623428,-0.5531609562705001,0.014872528924115115,-0.006135182847003984,-0.022245098705232755,0.0014379367811641897
1660869484030841,-0.9882352941176472,-0.0526741435873958,0.0458381017776758,0.0040941649845876,0.0372988999440145,-0.0150226744454445,-0.0076035060955022,0.0450087671507221,-0.553006627125569,0.014486555462289356,0.007332535483473346,-0.022877077733770998,-0.00793451334007423
1660869484046821,-0.9937285420004578,-0.0563363088426029,0.0559700923170822,0.0044769816303854,0.0365070235649694,-0.0148736472833412,-0.0074426884121894,0.0450758617236299,-0.5528502701053092,0.014148083721409988,0.0016553588405964215,-0.023885318690080287,0.0019777294793989555
1660869484062801,-0.9970244907301442,-0.0631723506523234,0.0654917219806208,0.005049497722344,0.036003007934344,-0.0146157605977695,-0.007288089698896,0.0451465402872207,-0.5526892459828139,0.013812481903265965,-0.0014765309001809612,-0.027649224449820715,0.010349423228643795
1660869484078781,-0.9945830472266728,-0.0614633401998929,0.0672007324330508,0.005795723612976,0.0359478263843466,-0.0142114916173691,-0.0071355733155657,0.0452241684612643,-0.5525208243717442,0.013550779474315945,0.0008684213429613896,-0.023346192597651187,0.010852590312966426
1660869484094761,-0.9953154802777142,-0.0531624322880901,0.0662241550316622,0.0066644499179844,0.0364157091336092,-0.0136622079410666,-0.0069795196618555,0.0453136155628484,-0.5523427853999314,0.013421315954058266,0.0001223894627280231,-0.013540756217263548,0.008888411620420034
1660869484110740,-0.9886015106431678,-0.0424200808728159,0.0592660410467686,0.0075778450442037,0.0373780044693116,-0.0130026252999441,-0.0068138503396626,0.0454192905990236,-0.5521539760934854,0.013399788929517977,0.0061527231875470045,-0.0025185643217904147,0.0017372678719737994
1660869484126720,-0.985671778439002,-0.0385137712672616,0.0604867627985044,0.0084450568562267,0.0387146700095255,-0.0122811870800688,-0.0066331851149493,0.0455449201340473,-0.5519545497951812,0.01344029141077612,0.00817420985254158,0.0012489707553875046,0.0026621906613386384
1660869484142700,-0.987380788891432,-0.0464484626535437,0.0639047837033643,0.0091794319052281,0.0402446967863756,-0.0115430511230345,-0.0064338550927591,0.0456950375897169,-0.551745842174679,0.01339896649426975,0.0058186794601005065,-0.006017148567805136,0.005472190409578692
1660869484158680,-0.9973907072556648,-0.0553597314412144,0.0689097428854808,0.0097159091118878,0.0417552460911167,-0.0108269968395956,-0.0062145838559235,0.0458756444408073,-0.5515300737957775,0.013280278129476936,-0.0037721150137191017,-0.013435575619928253,0.009429434632525671
1660869484174659,-1.003860532539864,-0.0612191958495458,0.0679331654840922,0.0100234015269729,0.043037265647384,-0.0101750157180234,-0.0059766942562762,0.0460918660797761,-0.5513101016442619,0.013094939021009453,-0.009217746268126437,-0.017365536025433684,0.007607571508023367
1660869484190639,-1.002761882963302,-0.0579232471198594,0.0663462272068358,0.0101076187038565,0.0439327209414461,-0.0096361664840527,-0.0057236877235022,0.0463447454670934,-0.5510891527181256,0.012962482283352566,-0.007307187022408068,-0.012662628566172555,0.005418569907690275
1660869484206634,-1.000442511635004,-0.0637827115281912,0.0646372167544058,0.0100031144747891,0.0443693292993299,-0.0092457346047024,-0.0054603238811786,0.0466313826558723,-0.5508703431027637,0.012761687623381014,-0.004489034124699032,-0.01666988367705393,0.0033386035097342434
1660869484222614,-0.9970244907301442,-0.0734264133669033,0.0603646906233308,0.0097582017794452,0.0443681452979844,-0.008995889702634,-0.0051916078397902,0.0469474425799238,-0.5506562141889888,0.01243361836193828,-0.0009639118978553851,-0.023682226964189423,-0.0008405303592066773
1660869484238594,-0.9949492637521936,-0.0798962386511026,0.0604867627985044,0.0094191922380281,0.0440323347768604,-0.0088325977870153,-0.0049219324649809,0.0472880629402807,-0.5504486786895795,0.012064394258929434,0.0010001835720857555,-0.027136847023549855,-0.0006466123656297673
1660869484254573,-0.9984893568322272,-0.0800183108262762,0.0663462272068358,0.0090191177582966,0.0435200382967766,-0.0086787713436176,-0.004654406111619,0.0476482761457631,-0.5502492028034599,0.011782364613316948,-0.0022859185571529883,-0.024533027278851108,0.004691566838431471
1660869484270553,-0.9969024185549706,-0.080628671702144,0.069398031586175,0.0085730054013002,0.0429998205219435,-0.0084556725910051,-0.0043904986648014,0.0480251476537003,-0.5500589041591327,0.011553633965203725,-0.0006290822519068318,-0.022629049339247018,0.006969034095993601
1660869484286533,-1.000930800335698,-0.0794079499504083,0.0665903715571829,0.0080795636487074,0.0426021217536577,-0.0080922585739043,-0.0041302094188731,0.0484183085004844,-0.5498787641008861,0.011343784971536649,-0.0041917176293708724,-0.01926749482876019,0.0037452366603013543
1660869484302513,-1.003616388189517,-0.0779430838483254,0.0681773098344393,0.0075279687353885,0.0423873153315089,-0.0075326153861676,-0.0038727253390967,0.04882764785319,-0.5497099961819787,0.011190580190837143,-0.006189574934870934,-0.016022365854009568,0.004798957443801974
1660869484318493,-0.9947051194018464,-0.071229114213779,0.0641489280537115,0.0069077789480907,0.0423348898717112,-0.0067449220341274,-0.0036173098953389,0.0492530715045693,-0.5495540643383152,0.011093043908932981,0.0024495244675197814,-0.00837755659751685,0.0006935180967667653
1660869484334472,-1.000076295109483,-0.0724498359655148,0.0729381246662086,0.0062196368410114,0.0423455320087382,-0.0057245501747411,-0.0033642041700382,0.0496963106186224,-0.5494123261535134,0.011074533990449829,-0.0026294861161051397,-0.008638450514327378,0.008534443238337477
1660869484350452,-1.001419089036393,-0.0775768673228047,0.0744029907682914,0.0054843568465257,0.0422615110953234,-0.0044931773373698,-0.0031153635675476,0.0501590694965515,-0.5492858662980338,0.011019708399380405,-0.0035750520387135554,-0.012388933684455553,0.008999378406378253
1660869484366432,-0.9975127794308384,-0.086610208285649,0.0784313725490193,0.0047481722805069,0.0419142593290888,-0.0031039324315447,-0.0028747068045884,0.050639173581759,-0.5491754362765705,0.010918323453802503,0.0002981318101569208,-0.01928004718256987,0.011724984168395527
1660869484382412,-0.9975127794308384,-0.0935683222705425,0.0759899290455479,0.0040820788870397,0.0411803096052665,-0.0016436079887533,-0.0026476184887405,0.0511313893730049,-0.5490809490580743,0.010740927629878712,0.0002683186291412287,-0.023614345050717037,0.008355186598431708
1660869484398391,-1.002273594262608,-0.1004043640802625,0.0769665064469364,0.0035740485636317,0.0400203818447885,-0.0002148104832578,-0.0024398560590564,0.0516313441032179,-0.5490007796224426,0.0105364997340126,-0.004043246582365545,-0.02740534817439333,0.008398587599838192
1660869484414371,-0.9938506141756314,-0.100282291905089,0.0723277637903407,0.0033148611447019,0.0385002931524534,0.0010892754639751,-0.002256213442205,0.0521364450942098,-0.5489315766219058,0.010314416498448034,0.003941760154149931,-0.024554948399297838,0.0033838604489182522
1660869484430351,-0.9901884489204242,-0.0986953536278325,0.0684214541847865,0.0033801478996417,0.0367939521202479,0.0021959393588391,-0.0020991641370487,0.0526441461005489,-0.5488686292424684,0.010094370780481822,0.00684353286842132,-0.020671209109837205,-0.000470204240972355
1660869484446331,-0.9918974593728542,-0.0966201266498818,0.071107042038605,0.0038117601592414,0.0351593347158943,0.0030598733377081,-0.0019677216595905,0.0531514180314126,-0.5488064207117002,0.00995147077551323,0.004621070174392172,-0.01673638391869786,0.0019938452515615435
1660869484462310,-0.9899443045700772,-0.101136797131304,0.0692759594110015,0.0046015765139203,0.0338920985217021,0.0036787702845158,-0.0018568775228639,0.0536560149442341,-0.5487392726656038,0.009768082256909496,0.0059168024794522545,-0.01912774896010805,0.00014648636156222583
1660869484478290,-0.9900663767452508,-0.102845807583734,0.0674448767833979,0.0056816182076213,0.0332697302980217,0.00409934752843,-0.0017578335849938,0.0541579358764545,-0.5486621507945044,0.009573405645406149,0.0052152572738507486,-0.01875308347128425,-0.0015161366394372267
1660869484494270,-0.9853055619134814,-0.101136797131304,0.0667124437323565,0.0069241955916472,0.0334899098051343,0.0044009580301086,-0.0016590065010464,0.0546600260792528,-0.5485715782171722,0.009410803964352885,0.008978464895058047,-0.01533966571696882,-0.0020237127214307593
1660869484510250,-0.9870145723659114,-0.0984512092774854,0.0639047837033643,0.008153452024922,0.0346109113168952,0.0046784983123945,-0.0015477378835677,0.055167495502845,-0.5484664915103716,0.009255891183385078,0.006542508998365171,-0.011388670076835208,-0.004348235475380671
1660869484526214,-0.9817654688334478,-0.0913710231174182,0.0617074845502401,0.0091680627064672,0.0365132432281209,0.0050381334414927,-0.001412597563778,0.055686548934635,-0.5483488588236212,0.009152710689562313,0.010612451277745794,-0.003877635525091211,-0.0058909811656543895
1660869484542194,-0.9864042114900436,-0.087464713511864,0.071107042038605,0.0097741218879722,0.0388951663950916,0.0055835082239689,-0.001245911564591,0.0562227499421448,-0.5482238514744706,0.009201022682766983,0.005376337759034899,2.5806672416694987e-05,0.0031577186904394594
1660869484558174,-0.997634851606012,-0.0704966811627376,0.0855115587090864,0.0098235892362036,0.0413038139961519,0.0063836989723461,-0.0010459225983982,0.0567799978736537,-0.5480993601227256,0.009540402554453329,-0.0052688721212400536,0.015294455119388775,0.01580601182482877
1660869484574154,-1.004104676890211,-0.0578011749446858,0.0785534447241929,0.0092493139414099,0.0432069621199056,0.0074521945969688,-0.0008180261158157,0.0573598581276581,-0.547984889207011,0.009864209989998846,-0.010564827664895304,0.025190965203696528,0.007963108055941748
1660869484590133,-0.9995880064087892,-0.0852674143587397,0.0742809185931179,0.0080874927201593,0.044109603628071,0.008750752974801,-0.0005746336140631,0.057960508901438,-0.5478900962216465,0.009885416468655817,-0.005443341465126039,-0.002047746789321639,0.00332152373238008
1660869484606113,-1.004104676890211,-0.126161593041886,0.0783093003738457,0.0064810282675838,0.0436898267403979,0.010193860485861,-0.0003333209407981,0.0585764432648039,-0.5478231581042416,0.009630997496015238,-0.008964010751893126,-0.038647732925221154,0.006614914961797086
1660869484622093,-1.008377203021286,-0.1487449454489966,0.0761120012207214,0.0046611961014683,0.0418923486154648,0.0116379809391091,-0.0001133625783006,0.0591999035982273,-0.5477891675897736,0.009255116330860813,-0.01191288319467132,-0.05510797679909858,0.003975854227805498
1660869484638073,-1.005935759517815,-0.1508201724269473,0.0768444342717629,0.0029107695895043,0.0389310785817386,0.0128784446808955,6.845511753309245e-05,0.0598224073159859,-0.5477889908326737,0.008979542703867876,-0.008524295722080244,-0.051464883399344366,0.004237458550962289
1660869484654052,-0.9998321507591365,-0.1432516975661859,0.0686655985351336,0.0015156375899444,0.0352156600752864,0.0136848960166151,0.000201400428864,0.0604348469873854,-0.547818952286388,0.0087112154999176,-0.0021786182670614496,-0.03950676768472465,-0.0035472394671003105
1660869484670032,-0.9960479133287556,-0.1366598001068131,0.0670786602578772,0.0007130807550062,0.0312542434654934,0.01386302888272,0.0002827921739944,0.0610270631705753,-0.5478713786147593,0.008504353571268466,0.0014450572469875134,-0.029623383202816683,-0.0046207599699210344
1660869484686012,-0.9870145723659114,-0.1264057373922332,0.0679331654840922,0.0006470612083071,0.0275601755241709,0.0132961441344727,0.0003182632393924,0.0615888087052058,-0.5479357628475878,0.008381747485691475,0.009430558388848542,-0.017432388439413096,-0.003389629269335434
1660869484701992,-0.9809109636072328,-0.1183489738307775,0.0637827115281908,0.0013411614927986,0.0245666400951523,0.011953786981144,0.0003205864006541,0.0621122535594209,-0.5480002962765048,0.008248841059005972,0.013980750432774358,-0.00843806239016165,-0.006786074902713157
1660869484717971,-0.980300602731365,-0.1135881589990082,0.0580453192950329,0.0026948722431714,0.0225634604849548,0.009893645885086,0.0003074295675836,0.0625935557614621,-0.5480536868034984,0.008070267238378729,0.013132000177777936,-0.0033095228025531165,-0.011271120422283953
1660869484733951,-0.9781033035782408,-0.1140764476997025,0.0553597314412144,0.0045041567898415,0.021668780294272,0.0072564196510792,0.0002984904713137,0.0630322242202049,-0.5480870380351386,0.007878162340707383,0.013796369397811925,-0.0034180303529226658,-0.012561037448492206
1660869484749931,-0.9796902418554972,-0.1100480659189746,0.0548714427405201,0.0065029662589368,0.0218286954299529,0.0042334476684614,0.0003125828466276,0.0634299190573375,-0.5480952541770907,0.007714713085303415,0.010988488008499941,0.0005493162850247063,-0.011744393534267851
1660869484765911,-0.9813992523079272,-0.1082169832913711,0.0624399176012815,0.0084152812655801,0.0228375082818662,0.0010266073039887,0.0003651501884462,0.0637895516295968,-0.5480776193482944,0.007680067037114848,0.008351529800462942,0.002142359021365392,-0.003758326806155808
1660869484781890,-0.9867704280155642,-0.1079728389410239,0.0682993820096129,0.0100043489038978,0.0243786225263282,-0.0021708174383522,0.0004664397232708,0.0641143814995413,-0.5480375492169305,0.0077226973044823444,0.0026823186835434054,0.0021478530345413333,0.0018910238419580366
1660869484797870,-0.9916533150225072,-0.1040665293354697,0.0739147020675972,0.0111104543961905,0.0260758240293415,-0.0051904858318065,0.0006204563357592,0.0644075063332994,-0.5479816166829182,0.007843206952441341,-0.0019805114910596,0.005448746376085972,0.00675570950994811
1660869484813850,-0.9926298924238957,-0.1026016632333868,0.0766002899214157,0.0116718811201584,0.027542540973557,-0.0079187250475077,0.0008247966621393,0.0646715838565127,-0.5479180904252928,0.00799298856306898,-0.002661380003203262,0.006222251230351972,0.008497167627389945
1660869484829830,-0.9955596246280614,-0.1120012207217518,0.0746471351186386,0.0117242332519685,0.0284383935581278,-0.0103050287607816,0.0010713684302248,0.0649082477886657,-0.5478553619797222,0.008063615457797761,-0.005032000986632146,-0.0028595756322117166,0.005889611542151563
1660869484845794,-1.000930800335698,-0.1268940260929274,0.07196154726482,0.011378613841075,0.028538710406035,-0.012332236880676,0.0013478972879005,0.0651174881863179,-0.5478006298016104,0.008036623436198825,-0.009362859024842018,-0.015977142903048594,0.0028836213194996657
1660869484861774,-1.001541161211566,-0.1425192645151445,0.0744029907682914,0.0107875107722727,0.0277775592435361,-0.0139980621581268,0.0016400197400592,0.0652974070538417,-0.5477590781775673,0.008018607822850158,-0.008975897910638908,-0.028442143192739106,0.004792558340673964
1660869484877754,-0.9926298924238957,-0.1467917906462195,0.0812390325780114,0.0101094256657658,0.0262243850048438,-0.0153387478289423,0.0019335328579383,0.0654449341168358,-0.5477335104541925,0.008127234137032579,-5.816621067178396e-05,-0.029443202391432707,0.010465740135354562
1660869484893734,-0.9879911497673,-0.1477683680476081,0.081361104753185,0.0094786507365787,0.0240252555178391,-0.0164452856071496,0.0022162345852344,0.0655572293670294,-0.5477243605879315,0.008255825305158204,0.004122518801331521,-0.027377801813539174,0.00952903107947535
1660869484909713,-0.982009613183795,-0.1417868314641031,0.0774547951476307,0.008984265316568,0.0213632050215365,-0.0174305080163744,0.0024790156916661,0.0656316765188616,-0.5477302400564857,0.00834335113949623,0.009093649846352858,-0.019256638707030746,0.005060449326528951
1660869484925693,-0.9846952010376137,-0.1353170061799038,0.0809948882276643,0.0086638416425937,0.0184347137205048,-0.018383861620782,0.0027162018282144,0.0656644683349134,-0.5477488960397044,0.00847778188675697,0.0057672557932807456,-0.011508132080548322,0.007740488165906292
1660869484941673,-0.9910429541466392,-0.1345845731288624,0.0792858777752343,0.0085131923020871,0.0154220790516164,-0.0193564388213359,0.0029253008150068,0.0656511002406342,-0.5477779512456165,0.008568126675156022,-0.0005224475841703047,-0.009698129126556237,0.005428329942128662
1660869484957653,-0.9938506141756314,-0.1371480888075074,0.0803845273517964,0.0085049536420042,0.0124770519514452,-0.0203622943080645,0.0031063908931274,0.0655890660417079,-0.5478151551954598,0.008665706081775838,-0.002997096851846237,-0.011035480324681102,0.005874281566821682
1660869484973632,-0.9906767376211184,-0.140688181887541,0.0812390325780114,0.0086069562962584,0.0097235466471452,-0.0213744221110606,0.0032614038469487,0.0654789289247729,-0.5478585181146185,0.008777200964142643,0.00015910173239996883,-0.013118016064243232,0.006055908113733022
1660869484989612,-0.9879911497673,-0.1488670176241702,0.0785534447241929,0.0087952441819682,0.0072649488241115,-0.0223244635659225,0.0033934604863458,0.0653232023229093,-0.5479064528158505,0.008859893319137188,0.0025602206275966433,-0.019167166620785187,0.0030332882339230705
1660869485005592,-0.987136644541085,-0.1520408941786831,0.0773327229724571,0.0090591045099641,0.0051992328909831,-0.0231136193293989,0.003506404116164,0.0651264062535614,-0.5479576412975745,0.008933829932999494,0.0030732532684304426,-0.02010693885776829,0.0016313098339685306
1660869485021572,-0.9876249332417792,-0.1459372854200045,0.0758678568703743,0.0093983750704655,0.0036400633891528,-0.0236262719074472,0.0036046831636386,0.0648963035886693,-0.5480107443564213,0.00897291470977512,0.0023264681109624874,-0.012602997089180723,0.00014979935869716132
1660869485037552,-0.9857938506141756,-0.1460593575951781,0.0812390325780114,0.0098173089574673,0.0027114360585375,-0.0237487972157609,0.003693472682676,0.0646433848907472,-0.5480643645375471,0.009090593638107087,0.0037417956647095574,-0.011452562337918887,0.004968877559700838
1660869485053531,-0.9804226749065386,-0.140688181887541,0.08563363088426,0.0103189346895808,0.0025090867735276,-0.023401004466641,0.0037786924485211,0.0643794849881593,-0.5481171438562555,0.0092543190726622,0.008201674235111867,-0.005473247967253625,0.00842712827935449
1660869485069511,-0.9812771801327536,-0.1339742122529946,0.0925917448691535,0.0109006353954899,0.0030669565329727,-0.0225621310448451,0.0038667551653274,0.0641180159848887,-0.5481676765870633,0.009479784602787675,0.006612452108007205,0.0011166495005635046,0.013846718037823197
1660869485085491,-0.982253757534142,-0.1282368200198367,0.0952773327229721,0.0115516501084141,0.0043466746443914,-0.021271047868219,0.0039641143266346,0.0638739159864856,-0.5482144681095609,0.009704326027074696,0.005072287235956874,0.006168637560349272,0.014879075302477618
1660869485101471,-0.9867704280155642,-0.1190814068818189,0.1007705806057828,0.0122538856793943,0.006232235898864,-0.019612035246126,0.0040766462617648,0.0636605444960387,-0.5482562639597829,0.009956065261056093,0.0005000550790812408,0.013791645628530358,0.018335090866759482
1660869485117450,-0.9865262836652172,-0.1161516746776532,0.0968642710002285,0.0129851620420968,0.0085316917121951,-0.0177012989668032,0.0042088961197537,0.0634852352416099,-0.5482925231794075,0.010128492699068594,0.000669779486485389,0.015049240049426454,0.012985903135084659
1660869485133430,-0.9804226749065386,-0.1217669947356375,0.0986953536278321,0.013722599399957,0.0110097280237123,-0.0156705475313174,0.0043634415000465,0.0633477540729653,-0.548323542859116,0.01033596308681033,0.006096049420647565,0.00849052799229795,0.013335287186419437
1660869485149410,-0.9812771801327536,-0.1279926756694896,0.0956435492484928,0.014445001845539,0.0134420647626593,-0.0136461716118085,0.0045407094932359,0.0632432775734347,-0.5483500823514208,0.010488983841099161,0.004717389774989367,0.0020383623526012695,0.009255134526372125
1660869485165405,-0.9860379949645228,-0.1333638513771267,0.0958876935988399,0.0151340018899087,0.015653375462656,-0.0117303682455994,0.0047392743080662,0.0631658144906682,-0.5483729810823437,0.010628537612637873,-3.908255110196546e-05,-0.002999532019532236,0.008549350989047313
1660869485181385,-0.9851834897383078,-0.1360494392309453,0.0932021057450214,0.0157739456384156,0.0175298159103078,-0.0099887101019516,0.0049563789822944,0.0631079162948691,-0.548393246062843,0.010722268724058247,0.0007338804076016947,-0.005116607886015756,0.005277386821705934
1660869485197364,-0.985671778439002,-0.1365377279316395,0.0924696726939799,0.0163508723178764,0.0190259946272228,-0.0084468174132981,0.0051885290035034,0.0630603136684278,-0.5484121786952341,0.010796514303059014,0.00022103253621674757,-0.0050444069280389525,0.004090458393597993
1660869485213344,-0.9831082627603572,-0.1388570992599374,0.0892957961394671,0.0168515461729468,0.0201658216018581,-0.0070967403146189,0.0054321522408305,0.0630155060680808,-0.5484310616967345,0.010828451373380073,0.002506093393375375,-0.006627400430703145,0.0008249236551766681
1660869485229324,-0.9832303349355308,-0.1380025940337224,0.0923476005188064,0.0172639102012852,0.0210219463084275,-0.0059109447006167,0.0056842037665331,0.0629705854493135,-0.5484509162593556,0.010899238740297851,0.002145619096381668,-0.005195605684039317,0.0034890552310643808
1660869485245304,-0.9818875410086214,-0.1410543984130617,0.0906385900663764,0.0175794828095639,0.0216821119906903,-0.00485680822476,0.005942509102114,0.0629255134796269,-0.5484727157856133,0.010948611102903504,0.00313957172096202,-0.007422669057040754,0.001602040300770935
1660869485261283,-0.9832303349355308,-0.1412985427634088,0.0905165178912028,0.0177968207453961,0.0222231789742648,-0.0039047842550035,0.0062057851252624,0.062881134013386,-0.5484975361825983,0.01099005535249085,0.0016171000146474324,-0.006900132066649078,0.001331971313037597
1660869485277263,-0.989089799343862,-0.1428854810406652,0.0914930952925914,0.0179247811854341,0.022695302793719,-0.0030349077934117,0.0064734301690579,0.0628391175740129,-0.5485263977853554,0.011033008526562665,-0.0038181279543153535,-0.007638363309514923,0.0020776938429835773
1660869485293243,-0.9905546654459448,-0.1423971923399709,0.0905165178912028,0.017984038696397,0.023109481809878,-0.0022443968130847,0.0067451747395151,0.062800545788089,-0.5485601996622875,0.0110551466360319,-0.004754694650758284,-0.006435067147938539,0.0009910047974354685
1660869485309223,-0.9881132219424736,-0.1405661097123674,0.0877088578622107,0.0180050827095091,0.0234336712084688,-0.0015459760869667,0.0070206427770941,0.0627637145800849,-0.5485997314007436,0.011036885674934207,-0.002081926032558301,-0.0041435860683015635,-0.0016349897084009524
1660869485325203,-0.9855497062638284,-0.1421530479896238,0.083070115205615,0.01802245776686,0.0236059699998929,-0.0009553885550367,0.0072989206878798,0.062725734163456,-0.5486453292828697,0.01096530317757203,0.0004334306814782751,-0.005157471911002159,-0.005646359128496994
1660869485341182,-0.9868925001907378,-0.1466697184710459,0.0866102082856485,0.0180671981520437,0.0235571737201164,-0.000480561457107,0.0075782806394309,0.0626864658788053,-0.5486964157836014,0.010961464775861485,-0.0008184269208879602,-0.008706728153181825,-0.0018956394436171475
1660869485357162,-0.9833524071107044,-0.1536278324559395,0.086488136110475,0.0181599250160896,0.0232281185216352,-0.0001193680428359,0.0078561278928027,0.0626480177876892,-0.5487516909063833,0.010986907728292649,0.0024494995432310374,-0.01409835792426789,-0.00181594045691158
1660869485373142,-0.9860379949645228,-0.156313420309758,0.0819714656290528,0.0183061186467075,0.0225836268030493,0.0001350127776422,0.0081291773066797,0.0626099236345334,-0.5488099068258662,0.010955409251245081,-0.00021247947952862667,-0.015105551200277761,-0.005699349844500393
1660869485389122,-0.9861600671396964,-0.1575341420614937,0.0759899290455479,0.01849398714039,0.0216283918295621,0.0002887462440805,0.0083938792768265,0.0625675890433314,-0.5488703252106277,0.010854583467689449,-0.00030109648923193344,-0.014693645656812082,-0.010512797785204767
1660869485405101,-0.9838406958113984,-0.153749904631113,0.0750133516441593,0.0186952358203356,0.0204100453580509,0.0003513542515041,0.0086469823034738,0.0625159357771336,-0.5489326139781686,0.01074540380772312,0.0018164473551595117,-0.009818467403788222,-0.010340437667934022
1660869485421081,-0.9867704280155642,-0.159731441214618,0.0750133516441593,0.0188695562237431,0.0189980765833423,0.0003393113362558,0.0088859403533288,0.0624523656619438,-0.5489967844474022,0.010670638498768668,-0.001001956364105605,-0.014220003588563901,-0.009306393901140617
1660869485437061,-0.985427634088655,-0.1676661326009001,0.0763561455710686,0.0189727718343755,0.0174551404238425,0.0002626754725386,0.0091090145508348,0.0623760413606465,-0.5490634086267133,0.010668085856518636,0.00030675380652334105,-0.019939225477361405,-0.007167239976808196
1660869485453041,-0.98115510795758,-0.1712062256809337,0.0783093003738457,0.0189665268497128,0.0158213050749161,0.0001077677715664,0.0093151897964041,0.0622861665883752,-0.5491337578033363,0.01072874470753747,0.004121351943838447,-0.021131386701655486,-0.004692676656627981
1660869485469020,-0.982253757534142,-0.1686427100022887,0.0729381246662086,0.0188268510693656,0.0141159259807243,-0.0001591119500412,0.0095040497316662,0.062181454013829,-0.549209646208864,0.010705822386608504,0.0027204321305487333,-0.01671108392070944,-0.009057467127838587
1660869485484985,-0.9901884489204242,-0.1626611734187837,0.0667124437323565,0.0185501876492231,0.0123499305219562,-0.000570390460575,0.009675649824701,0.0620601987083874,-0.5492931174077564,0.010558763272644784,-0.004692833330160129,-0.009656592603484004,-0.013754833255521598
1660869485500965,-0.9903105210955978,-0.1521629663538566,0.0679331654840922,0.0181561604965611,0.0105327626974986,-0.0011373438939659,0.0098303590435102,0.0619203591569878,-0.5493860992891827,0.010381709953711347,-0.00433341495480033,0.0007574530152987813,-0.011280700353407308
1660869485516945,-0.9934843976501108,-0.1526512550545509,0.0604867627985044,0.0176856053688138,0.0086712011633349,-0.0018382884831124,0.0099686147394169,0.0617599612580932,-0.5494900439800343,0.010123828261735232,-0.006756562358381957,0.00024224788314403112,-0.01685439273509559
1660869485532924,-0.9980010681315328,-0.165712977798123,0.0609750514991986,0.017192793306658,0.0067792507071048,-0.0026194305615763,0.010090694039345,0.0615772862357442,-0.5496056803997735,0.009975679805868064,-0.010145909555823618,-0.011537527374385237,-0.014729493630961252
1660869485548904,-0.9864042114900436,-0.1741359578850994,0.0647592889295793,0.0167336701610463,0.0048982977796823,-0.0034160508082755,0.0101967815328184,0.0613703954984059,-0.5497329884695259,0.009976361013943792,0.001305852377098904,-0.01796445671522548,-0.009850730580522493
1660869485564884,-0.9843289845120928,-0.1769436179140915,0.0624399176012815,0.0163536186750594,0.003102345888065,-0.004181170978216,0.0102874122728037,0.0611372371487244,-0.5498712757403972,0.009982561429397248,0.0030429714195447932,-0.01869490506979582,-0.010953091717938256
1660869485580864,-0.9867704280155642,-0.1701075761043715,0.0635385671778436,0.0160773572075824,0.0014880275850878,-0.0048943147264089,0.0103640316011549,0.0608767217750545,-0.5500193023395454,0.009954077875696854,0.0005413751244660592,-0.010672976934068212,-0.00886899792723854
1660869485596843,-0.9846952010376137,-0.1627832455939573,0.0567025253681237,0.0159037321170564,0.0001615631305248,-0.0055458149440154,0.0104293677938249,0.0605896163862635,-0.5501755463935629,0.009797633326998912,0.002354941892175,-0.0030137817812886103,-0.01413453576326261
1660869485612823,-0.9900663767452508,-0.164003967345693,0.0624399176012815,0.0158085799639921,-0.0007864970352184,-0.0061204751497341,0.010487411376413,0.0602788302108149,-0.5503385614438056,0.009726000260962224,-0.002714610433915854,-0.003811053179721885,-0.007557429177094323
1660869485628803,-0.9827420462348364,-0.1553368429083695,0.0632944228274965,0.0157558495763598,-0.0013175351514512,-0.0066022197639409,0.0105429215944238,0.0599489257088548,-0.5505072858368624,0.009617341492304114,0.004148748068848573,0.004370464131841473,-0.006032631555791382
1660869485644783,-0.9838406958113984,-0.1482566567483024,0.0624399176012815,0.0157126461032331,-0.0014679729311682,-0.0069886236983987,0.0106005983584805,0.0596048460863736,-0.5506811841159059,0.009451311384069537,0.0027450886430578914,0.010305585262717715,-0.006198423103805743
1660869485660762,-0.9882352941176472,-0.1460593575951781,0.0617074845502401,0.0156622197566892,-0.0013452485627347,-0.0072842909721083,0.0106641535965495,0.0592507676709688,-0.5508601359161474,0.009267260873793398,-0.0014845586968718072,0.011252595974257817,-0.006237770539362426
1660869485676742,-0.9945830472266728,-0.1525291828793773,0.0651255054551001,0.0156113137313228,-0.0010998569931025,-0.0074807663550912,0.0107354972381132,0.0588896463539157,-0.551044122334428,0.00917988743293613,-0.007049080625307624,0.004304493621052757,-0.0025377746710521926
1660869485692722,-0.988845654993515,-0.1530174715800716,0.0619516289005872,0.0155911150268601,-0.0008862000601087,-0.007565089826031,0.0108143418132415,0.0585235522212316,-0.5512328018811613,0.009079305047599405,-0.0011805195529348556,0.0034345844283226457,-0.0051404861030085736
1660869485708702,-0.9911650263218128,-0.165712977798123,0.0592660410467686,0.0156510156516556,-0.0008271540476764,-0.0075520852934571,0.0108984869088396,0.0581544095979662,-0.551425091736027,0.009052177592091384,-0.0031499017931093665,-0.008334829610755878,-0.0070434665611444555
1660869485724681,-0.9867704280155642,-0.1637598229953459,0.0619516289005872,0.0158452088140944,-0.0009895648217376,-0.0074914393319742,0.0109846761461424,0.0577838242822918,-0.5516189958813615,0.009054785979035812,0.0011202268618253353,-0.005743507327180902,-0.003922090836593284
1660869485740661,-0.9812771801327536,-0.1585107194628823,0.0603646906233308,0.016216566635249,-0.0013778833423393,-0.0074408704261973,0.0110695889009577,0.0574121136284626,-0.5518117721926703,0.009008083273044195,0.005952127270172469,-0.0004449634152455806,-0.004958126202464719
1660869485756641,-0.976882581826505,-0.1613183794918744,0.0651255054551001,0.0167845084218152,-0.0019472866224743,-0.0074385417594349,0.0111505675284599,0.0570383308823094,-0.5520002581934795,0.009055808701015742,0.00931205301877891,-0.0029273610998138966,-0.00017758023362587916
1660869485772621,-0.9754177157244222,-0.1647364003967344,0.0521858548867015,0.0175405776271364,-0.002618698834536,-0.0074906694088106,0.0112259897672661,0.0566612061970134,-0.5521812546773504,0.00898500011649095,0.009699227208775585,-0.0057108438042065,-0.011805507721822033
1660869485788601,-0.9835965514610514,-0.1642481116960401,0.0493781948577094,0.0184521046540551,-0.0032912978131555,-0.0075699805358492,0.0112953948081112,0.0562796934243747,-0.5523519527333486,0.008868884452474876,0.0013683523249317098,-0.004700299593160956,-0.013151850975732716
1660869485804565,-0.9829861905851836,-0.158022430762188,0.053772793163958,0.019472743935976,-0.0038719206040257,-0.0076278703377783,0.0113593615782382,0.0558934210694918,-0.5525102328765642,0.008763455371643063,0.0017808418807195858,0.0013728432066220375,-0.007881527402535699
1660869485820545,-0.9787136644541086,-0.153749904631113,0.0571908140688179,0.0205562113630228,-0.0043134530986597,-0.0076227357708263,0.0114190794036685,0.0555033548598787,-0.5526546984087868,0.00868211553063894,0.005448031210615101,0.005080832403927343,-0.00401715584790821
1660869485836525,-0.9855497062638284,-0.1427634088654917,0.0585336079957272,0.0216676382723769,-0.0046286094241543,-0.0075442118286776,0.0114757675817012,0.0551118675435802,-0.5527845133506077,0.008510386534261222,-0.0012492095391942737,0.01446059535259378,-0.0024069257288990217
1660869485852504,-0.9790798809796292,-0.1480125123979552,0.0556038757915615,0.0227889672975319,-0.0048774526027596,-0.0074074182674922,0.0115301598840944,0.0547220865690487,-0.5528991642246314,0.008388743119278192,0.004698554170504465,0.008290342638117232,-0.0048029921397582526
1660869485868484,-0.9787136644541086,-0.1555809872587166,0.054627298390173,0.0239185614195573,-0.0051465018245082,-0.0072275689040241,0.0115820956388724,0.0543368531775656,-0.5529982502874032,0.008333955943261624,0.0045582936264225715,0.0006496809996202613,-0.005201612587032077
1660869485884464,-0.9831082627603572,-0.1575341420614937,0.0580453192950329,0.0250667633457174,-0.0055164564291763,-0.007011694184055,0.011630344404971,0.0539578149529938,-0.5530813383435584,0.00832546961824125,0.0001473257881565715,-0.0011731264228411198,-0.00160523251395496
1660869485900444,-0.9846952010376137,-0.1574120698863202,0.0541390096894787,0.0262487222049059,-0.0060251302859998,-0.0067737881234601,0.0116729384266512,0.0535857532971952,-0.5531478158113123,0.008268100045803944,-0.0012956512401899323,-0.0009459488229008606,-0.0049603879075582405
1660869485916423,-0.978591592278935,-0.1570458533607995,0.0524299992370487,0.0274756517189844,-0.0066566654438468,-0.006541277322556,0.0117079230051183,0.0532214753882897,-0.5531968247332498,0.008215313734674597,0.004327161766639831,-0.0005217590676421524,-0.0060024585239894165
1660869485932403,-0.9781033035782408,-0.1515526054779888,0.0508430609597923,0.0287465269174322,-0.0073609046185206,-0.0063373444055068,0.0117340025516877,0.0528653727504565,-0.5532274572199678,0.00810601818684681,0.004333905420600637,0.004474339933651678,-0.006830457121121236
1660869485948383,-0.9793240253299764,-0.1471580071717402,0.0496223392080565,0.0300430414369026,-0.0080742514172561,-0.0061634609090759,0.0117507673908821,0.0525167525643702,-0.5532390819540669,0.00795321222219151,0.0028018653019785678,0.007982044415910244,-0.0072460609855713315
1660869485964363,-0.9806668192568856,-0.1478904402227816,0.0471808957045851,0.0313299386275206,-0.0087333203664184,-0.0060018092796008,0.0117586213841568,0.052174851816181,-0.5532315539670895,0.007790792888547142,0.0013131642375624475,0.006524650228381945,-0.008718754040138457
1660869485980342,-0.97944609750515,-0.1432516975661859,0.0521858548867015,0.0325603712066696,-0.0092943148488912,-0.005824291724893,0.011758526542417,0.0518398682573068,-0.5532053619831752,0.00766599346987275,0.0022804973903682857,0.010047053596479893,-0.0033424153722198535
1660869485996322,-0.9835965514610514,-0.1439841306172274,0.0510872053101394,0.0336838995089192,-0.0097513787907782,-0.005596139010486,0.0117515367694384,0.0515126846255663,-0.5531617647815593,0.00753218764867017,-0.0016829609089797914,0.008383158490894549,-0.003996958453903764
1660869486012302,-0.989089799343862,-0.1409323262378881,0.0507209887846187,0.0346546277321343,-0.0101335706993984,-0.0052837650976298,0.0117382712874901,0.0511949307269682,-0.5531027568888778,0.007361616989903326,-0.0064585879126113355,0.010291466583210479,-0.00392685748148202
1660869486028282,-0.9855497062638284,-0.132143129625391,0.0471808957045851,0.0354376266033407,-0.0104862149216305,-0.0048685555526014,0.0117186247566927,0.050888948448646,-0.5530309218924467,0.007113660576478248,-0.0026266453493200004,0.017172596876136814,-0.0067202555053640575
1660869486044262,-0.9859159227893493,-0.132143129625391,0.0513313496604865,0.0360123815299956,-0.010858628779873,-0.0043533852683993,0.0116917727723625,0.05059607190461,-0.5529493488161115,0.006940611415123744,-0.0026935756873567307,0.015455337188523155,-0.0023128213945163914
1660869486060241,-0.9899443045700772,-0.1339742122529946,0.0548714427405201,0.0363728872809654,-0.0112965346013887,-0.0037614988478419,0.0116563364735392,0.0503154265620958,-0.5528614752434144,0.006828551255051862,-0.006049761721276137,0.012261829104827593,0.0011045445169654902
1660869486076221,-0.99140917067216,-0.1420309758144502,0.0490119783321887,0.0365249191417921,-0.0118262522915262,-0.0031383638475407,0.0116107121124193,0.0500449501731651,-0.552770770615963,0.006713498522919007,-0.006763165041023034,0.0037845589890348197,-0.004279427902229328
1660869486092201,-0.9912870984969864,-0.1401998931868467,0.0471808957045851,0.0364814771920329,-0.0124403413617945,-0.0025529691343275,0.0115536222009207,0.0497827679247606,-0.5526804609335888,0.006576190270291704,-0.005976983579264572,0.005054077454974493,-0.005499459476849634
1660869486108181,-0.9961699855039292,-0.1356832227054245,0.0481574731059737,0.0362576429556578,-0.0131022283367303,-0.0020854917714374,0.0114846899713426,0.0495276051018192,-0.5525934246688505,0.0064166169269018,-0.00977388352758668,0.008613673142757017,-0.004070593867914932
1660869486124176,-0.9955596246280614,-0.1267719539177539,0.0431525139238573,0.0358664259305172,-0.0137678830172773,-0.0018031928580314,0.0114046859459492,0.0492779606870708,-0.5525122775821256,0.006155440384540619,-0.008247170386546987,0.01577244773738487,-0.008167997745028195
1660869486140155,-0.9926298924238957,-0.1211566338597696,0.0405889982452123,0.0353171103536902,-0.0144080616125264,-0.0017399644292898,0.0113152921147881,0.0490311691057148,-0.5524395204878966,0.005865430113637559,-0.004785694364143223,0.019248991015832273,-0.009658362081305868
1660869486156135,-0.9967803463797972,-0.1204242008087282,0.0396124208438237,0.034616759180614,-0.0150193235816973,-0.0018882432147261,0.0112185216203607,0.0487848305284907,-0.5523774983350385,0.005581461963599323,-0.008042533488040182,0.017983281660186284,-0.00957144553442503
1660869486172115,-0.9997100785839628,-0.1206683451590753,0.0376592660410466,0.0337745785706521,-0.0156256895536792,-0.0022050867076568,0.011116042623317,0.048538598482501,-0.5523282842354197,0.005300717704300709,-0.009875039122985152,0.015965223578855256,-0.010372140303481915
1660869486188095,-1.002273594262608,-0.1200579842832075,0.0363164721141373,0.0328077643410474,-0.0162742546167285,-0.0026331733603987,0.0110086293407782,0.048292584067353,-0.5522937416017748,0.00502781457144919,-0.011194699321467327,0.014918026009250754,-0.010543440807352096
1660869486204074,-1.002639810788128,-0.1194476234073396,0.0402227817196916,0.0317460260484711,-0.0170202986466468,-0.0031234554135431,0.0108959211500667,0.0480450235120192,-0.552275538183563,0.0048389752921342895,-0.010404824262288725,0.013975548196606805,-0.005973418081618019
1660869486220054,-1.001419089036393,-0.118471046005951,0.0368047608148316,0.0306323198974693,-0.0179063356294429,-0.0036393629470604,0.0107765373048146,0.0477926750328156,-0.5522748934655602,0.004629284672604994,-0.008265692259498358,0.013456913038195864,-0.008452295087830214
1660869486236034,-0.9992217898832684,-0.1185931181811246,0.0370489051651787,0.0295200734032982,-0.018950486818819,-0.0041492339076533,0.0106484037759352,0.0475323402436736,-0.5522922683614696,0.004454474635916083,-0.005461553795736429,0.012001356776720026,-0.007387335663734798
1660869486252014,-0.9988555733577478,-0.1154192416266118,0.0364385442893109,0.0284685424773498,-0.0201475267108061,-0.0046282996699417,0.010509130979803,0.0472620476418366,-0.5523271511061545,0.004284233038230706,-0.004585803543194267,0.013657709998109557,-0.007197926885642338
1660869486267994,-1.002761882963302,-0.1132219424734875,0.0363164721141373,0.0275365389466368,-0.0214730588968864,-0.0050649938607689,0.0103563884671389,0.0469819446843446,-0.5523779497444304,0.0041282419132223774,-0.0076429018338736165,0.014269508236110465,-0.0065879991547343406
1660869486283973,-1.000930800335698,-0.1102922102693218,0.0359502555886166,0.0267743073611104,-0.0228821412181441,-0.0054573259528216,0.0101882709402316,0.0466939326325048,-0.5524420961518631,0.0039896576311968706,-0.005230637285642659,0.01547931639624854,-0.006258794112229536
1660869486299953,-0.99824521248188,-0.1089494163424125,0.0374151216906994,0.0262149175609022,-0.0243029882035272,-0.0058071318267364,0.0100036799708337,0.0464001035301585,-0.5525163813897793,0.003898503551711691,-0.0022905444886421877,0.015139899290842071,-0.00431453520913206
1660869486315933,-0.99653620202945,-0.1133440146486611,0.0359502555886166,0.0258675385787483,-0.025641850134697,-0.0061202499965204,0.0098026933447786,0.0461016223920678,-0.5525973787719192,0.0038091196301407652,-0.0005233806325909418,0.00967077088613412,-0.005201461180093375
1660869486331913,-0.9950713359273672,-0.1101701380941482,0.0347295338368809,0.0257142926501035,-0.0268055725017336,-0.006408218657006,0.0095867519304232,0.0457988684382,-0.5526818384935055,0.003717885406517671,0.0008473369225426852,0.011560182696582322,-0.005779964638646169
1660869486347892,-0.995925841153582,-0.1023575188830397,0.033264667734798,0.0257111339703835,-0.0277195082382649,-0.006686873868856,0.0093585674816223,0.0454925149080109,-0.5527670181083508,0.0036329021858390654,-6.4514733048026685e-06,0.01743552171692174,-0.0065203476666561636
1660869486363872,-0.9949492637521936,-0.0975967040512704,0.0357061112382695,0.0257929367644967,-0.028332843022363,-0.0069657130086152,0.0091218214341125,0.0451845282478078,-0.5528509736074233,0.003623702778453731,0.0008731133352751774,0.019976702893821946,-0.0036710137468661946
1660869486379852,-0.9951934081025406,-0.0902723735408561,0.0347295338368809,0.0258833869787124,-0.028630932060166,-0.0072339011529323,0.0088806429206436,0.0448778112643328,-0.5529328417228044,0.0036571144199099067,0.0005660720864353319,0.024570930063812613,-0.004182832033429319
1660869486395832,-0.9929961089494164,-0.0877088578622111,0.032410162508583,0.0259089225441581,-0.028650226797931,-0.0074640899563513,0.0086388572448875,0.0445747990077277,-0.5530130057543275,0.0037088169805922474,0.0024870341156036924,0.02442100116821186,-0.005851983025554494
1660869486411811,-0.9960479133287556,-0.092591744869154,0.0338750286106659,0.0258131867848224,-0.0284719801879937,-0.007630872481008,0.008399263610508,0.0442768075831266,-0.5530929621481349,0.003774623468320825,-0.0005082932373620119,0.017584302745142055,-0.003948405231124434
1660869486427791,-0.9995880064087892,-0.0949111161974518,0.0361943999389637,0.0255677388874991,-0.0281969882566922,-0.0077202535524012,0.0081632430464358,0.0439845526687643,-0.5531748943054015,0.003860999317523702,-0.003643547685656001,0.013738438275159845,-0.0014661305125439755
1660869486443786,-1.005325398641947,-0.0836804760814833,0.037537193865873,0.0251765840108799,-0.0279205153736347,-0.0077300380162788,0.007930754329668,0.0436987005574895,-0.5532611336186825,0.004056385636332495,-0.008442845926932452,0.022472170552015502,-0.0001110029270712104
1660869486459766,-1.001907377737087,-0.0792858777752347,0.0363164721141373,0.0246736108576733,-0.0277189881320991,-0.0076689721971868,0.0077005937781701,0.0434201400502315,-0.5533536379575315,0.004279189616442029,-0.0045223425198652745,0.024180091972437687,-0.0011985522109262195
1660869486475746,-1.003616388189517,-0.0813611047531854,0.0355840390630959,0.0241132815032879,-0.0276453660345075,-0.007548850355498,0.007470744162301,0.0431500618207785,-0.5534535892066516,0.004472781765714145,-0.0056082176750658075,0.01989437849503828,-0.001737886735770855
1660869486491726,-1.002029449912261,-0.0899061570153354,0.0354619668879223,0.0235573619847351,-0.027717357808591,-0.0073769528579168,0.007238775413777,0.0428894748199713,-0.5535612245048379,0.0045701850084372865,-0.003619151458028824,0.010214393609599456,-0.001673963019850011
1660869486507705,-0.9955596246280614,-0.0886854352635997,0.036682688639658,0.023062046166269,-0.0278993688686153,-0.0071594680221641,0.0070024354435808,0.0426390036747178,-0.5536758656192187,0.004681069590326112,0.0025656064435537473,0.01029160382520164,-0.0004079171413028798
1660869486523685,-0.9961699855039292,-0.0868543526359961,0.032410162508583,0.0226689930374421,-0.0281015663409283,-0.0069041861351788,0.0067603969985049,0.0423997892790555,-0.5537960450658103,0.004762719732548489,0.001759721010917259,0.01091041780752472,-0.00421239894514009
1660869486539665,-0.995925841153582,-0.0824597543297476,0.0321660181582359,0.0224021117406747,-0.0282024846789316,-0.0066178606765112,0.0065128547047813,0.0421739042209314,-0.5539197588088742,0.004887783435016553,0.001803478825138094,0.01377451450239589,-0.004010888965938472
1660869486555645,-0.99653620202945,-0.0768444342717633,0.0357061112382695,0.0222697517513218,-0.0280825722882235,-0.0063074537947063,0.0062617276723025,0.0419636597517285,-0.5540447910045497,0.005102252852051612,0.0010738061543430488,0.017450851104342163,-0.000423716297314386
1660869486571624,-1.000198367284657,-0.0767223620965897,0.0379034103913937,0.0222695197521985,-0.0276595183707522,-0.0059812670646339,0.0060103946242243,0.0417715503952225,-0.5541689154134287,0.005321993419924661,-0.002329523190777505,0.015815630951564186,0.0015962245702288366
1660869486587604,-1.001297016861219,-0.0700083924620433,0.0363164721141373,0.0223924470747409,-0.0269119063501087,-0.0056477029528424,0.0057630201288383,0.0416003015906328,-0.5542900011762911,0.005590216556905648,-0.0030853554906055125,0.02027664052749953,8.357663675191696e-06
1660869486603584,-0.99824521248188,-0.0596322575722894,0.0348516060120545,0.022624741967455,-0.0258808817895874,-0.0053160765131519,0.0055237037812106,0.0414515127045034,-0.5544061645145989,0.005950694179059261,-3.019600013998147e-05,0.027587497875528076,-0.0013108575945668458
1660869486619564,-0.9958037689784084,-0.0575570305943387,0.0352178225375752,0.0229470642787516,-0.0246579645312893,-0.0049921962752186,0.0052956878351816,0.0413249025472362,-0.5545158736781561,0.006311400784441086,0.002170122752998549,0.026696452368130896,-0.0008501769621415273
1660869486635543,-0.9964141298542764,-0.0667124437323569,0.0333867399099716,0.0233330265800533,-0.0233648129035142,-0.0046714981764289,0.0050807442387419,0.0412196661182003,-0.5546179370751256,0.006514217229060905,0.0014037856894175693,0.01578693530710143,-0.002413133630770621
1660869486651523,-0.9922636758983748,-0.0617074845502401,0.0330205233844509,0.0237493425715285,-0.0221241270806145,-0.0043442977893275,0.0048788968383882,0.041135641943925,-0.5547115315291705,0.006760856244823687,0.004998815680787194,0.018712705040296394,-0.00250141514066219
1660869486667503,-0.9920195315480278,-0.0621957732509343,0.0339971007858395,0.0241584685885816,-0.0210333323163849,-0.0040061602203481,0.0046885897973649,0.0410727184923304,-0.5547963410419651,0.006986929680351301,0.0047186640280207914,0.016401974705641975,-0.0013723539653462333
1660869486683483,-0.9975127794308384,-0.0673228046082248,0.033264667734798,0.0245228911754866,-0.020150963085751,-0.0036607313458843,0.0045071853063338,0.0410297817122576,-0.5548726767185408,0.007121637347271075,-0.0006971254693107776,0.01014744901351633,-0.0018943083147489673
1660869486699463,-0.999343862058442,-0.0624399176012815,0.0350957503624016,0.0248095776428002,-0.0194924648102802,-0.0033186154738813,0.0043315914288046,0.0410046185673283,-0.5549414630971905,0.007319173291442166,-0.002275387287222874,0.013527302418413663,-5.690311843083162e-05
1660869486715442,-0.99653620202945,-0.0593881132219422,0.0355840390630959,0.024992872639894,-0.0190365583069903,-0.0029950713056883,0.004158861181609,0.040994624225394,-0.5550041102596089,0.007540702803776504,0.00047904546759214295,0.014921196117977674,0.0003882470240371208
1660869486731422,-1.002761882963302,-0.0558480201419087,0.0321660181582359,0.0250548098388675,-0.0187413348154705,-0.0027089425169641,0.0039866225319785,0.0409972898955405,-0.555062371315776,0.007770791037920075,-0.005171971919633811,0.016615160278210063,-0.002726796492740588
1660869486747402,-1.002395666437781,-0.0562142366674294,0.0347295338368809,0.0249829167638627,-0.0185554361347411,-0.002486020312491,0.0038133286633457,0.0410103282841208,-0.5551182317726149,0.007988985800023857,-0.0043251798547016,0.014624049377420435,-0.00014695273268603565
1660869486763366,-1.003616388189517,-0.0593881132219422,0.0365606164644845,0.0247666131086431,-0.018420299622367,-0.002356086451928,0.0036384169470409,0.0410320016610981,-0.5551738270934249,0.008153979226032932,-0.004991311445793789,0.010305155540616874,0.001515716905425804
1660869486779346,-0.9992217898832684,-0.0534065766384372,0.0335088120851452,0.024394951838051,-0.0182771626482715,-0.0023397085829271,0.0034623392982472,0.0410612732032827,-0.5552314248471666,0.008365722725938152,-0.0005370418255906673,0.014658022911709687,-0.0013824787265221405
1660869486795326,-1.002273594262608,-0.0542610818646522,0.0286259250782023,0.0238589793324086,-0.0180811494819374,-0.0024423384925482,0.0032863700947312,0.0410974407598546,-0.5552934457275682,0.008524048085934785,-0.0032299615844372243,0.012423165916945228,-0.005638829160118538
1660869486811306,-1.000442511635004,-0.0492561226825358,0.0291142137788966,0.0231594916603925,-0.01781015287911,-0.0026595880238916,0.0031122525546372,0.0411398742322016,-0.555362390162219,0.008738382879950057,-0.0012589910611499056,0.01568531258915546,-0.0046354864134818125
1660869486827285,-1.003982604715038,-0.0501106279087508,0.0319218738078888,0.0223179312230042,-0.0174655694832121,-0.0029783450549253,0.0029418041080107,0.0411880134811205,-0.555440591596245,0.008936383648066329,-0.004319175727065527,0.01334772662664642,-0.0016450437460406517
1660869486843265,-1.000564583810178,-0.0438849469748987,0.0287479972533759,0.0213869021292448,-0.0170728886483006,-0.00337501672064,0.0027765100397453,0.0412414276783049,-0.5555297940960395,0.0091853608796818,-0.0008110393399850535,0.017616066804448674,-0.0043370282704982
1660869486859245,-1.002273594262608,-0.0388799877927823,0.0299687190051116,0.0204557551492355,-0.0166813231428461,-0.0038232889665897,0.0026171395851168,0.0412997752920115,-0.5556306050726176,0.009486776950289398,-0.002268044813173553,0.02035892338790856,-0.0028046758668862533
1660869486875225,-1.012893873502708,-0.0414435034714273,0.0311894407568473,0.0196459365691067,-0.0163504974831527,-0.0043065159566779,0.0024635373274431,0.0413621565496092,-0.5557419772103576,0.009738328523310504,-0.01159949164794627,0.01601586693833721,-0.0014255587036354975
1660869486891204,-1.013870450904097,-0.0415655756466009,0.034119172961013,0.0190932486827924,-0.0161270319654411,-0.0048222334147215,0.0023147365648462,0.0414265988863201,-0.5558608622828204,0.009978358987235607,-0.011318462144401797,0.014304415286847248,0.001353756150477184
1660869486907184,-1.008133058670939,-0.0403448538948652,0.0302128633554588,0.0189196065422583,-0.0160334096167138,-0.0053779418175003,0.0021693131383341,0.0414908646223209,-0.5559821491037308,0.010191346042831092,-0.005022962920119278,0.013972623334724647,-0.002297298109569315
1660869486923164,-0.9971465629053178,-0.040955214770733,0.031555657282368,0.0192017254132717,-0.0160712199221837,-0.0059866797921913,0.0020257592928089,0.0415531099914293,-0.5560990942772875,0.010365975216529053,0.005367179560951563,0.012026036212971165,-0.0008590537643941021
1660869486939144,-0.9872587167162584,-0.0359502555886166,0.0308232242313266,0.0199463586345563,-0.0162166774414059,-0.0066681517907652,0.0018828529080549,0.0416112015060588,-0.5562042980731025,0.010581940925505715,0.01372952317500975,0.01532789585557881,-0.0014323381338919514
1660869486955124,-0.9827420462348364,-0.0388799877927823,0.0259403372243838,0.0210807474890405,-0.0164119852138931,-0.0074463000709364,0.0017401124493798,0.0416627557126033,-0.5562909082350223,0.01072157923000744,0.0164215742907885,0.011158347286271797,-0.005683702626751278
1660869486971103,-0.9864042114900436,-0.0386358434424352,0.0234988937209124,0.0224627500499001,-0.0165776280519605,-0.0083319204362679,0.0015981474198029,0.0417063457399767,-0.5563537450417265,0.010851002342883014,0.011483468132023167,0.010262242472957005,-0.007312631517200414
1660869486987083,-0.99311818112459,-0.036682688639658,0.0233768215457388,0.0239091536998779,-0.0166415041641063,-0.0093060116428345,0.0014585857896203,0.0417415879385599,-0.5563902030867987,0.010999854108971802,0.0042925486477291,0.010993857548160783,-0.0066912333231366125
1660869487003063,-0.989089799343862,-0.0288700694285495,0.0245975432974745,0.0252349076831698,-0.016562975230521,-0.0103263974165277,0.0013235929670673,0.0417686144482521,-0.5564006468089419,0.011249347840541534,0.007488837385611458,0.016925829083342357,-0.004923460414260821
1660869487019043,-0.9980010681315328,-0.0236209658960859,0.0283817807278552,0.0262919447955225,-0.0163487084755509,-0.0113430052311058,0.0011952020501566,0.0417884740938536,-0.5563880938027228,0.011560047897692272,-0.0012801882618534988,0.019957439354225365,-0.0010253006854921108
1660869487035022,-1.001419089036393,-0.0206912336919202,0.0283817807278552,0.0269968727991447,-0.0160586420243535,-0.0123012659670536,0.0010745676893137,0.0418029346116114,-0.556357393263139,0.011881928535550404,-0.0042283882500423475,0.020598454402551956,-0.0009227706169428994
1660869487051002,-1.004592965590906,-0.0188601510643167,0.0320439459830623,0.0273422096626857,-0.0157895079003931,-0.0131518247480211,0.0009613451201427,0.0418133468475062,-0.5563141571403166,0.012208090630120617,-0.006662038324099839,0.02018658332713991,0.002465455174437782
1660869487066982,-1.001297016861219,-0.015930418860151,0.0320439459830623,0.0273902370102637,-0.0156410002169666,-0.0138728326549535,0.0008535455944109,0.0418204450819202,-0.556263582476711,0.012542879796518686,-0.0030294806349714376,0.020804683978175045,0.0022189096569940024
1660869487082946,-1.003738460364691,-0.0197146562905317,0.0291142137788966,0.0272510905844852,-0.0156859637743015,-0.0144695854972527,0.0007479202886839,0.0418246106855701,-0.5562094718211927,0.012784318626938348,-0.004923831724599204,0.015318401893014914,-0.0006397402924545291
1660869487098926,-1.005691615167468,-0.0238651102464331,0.0354619668879223,0.0270515914752548,-0.015952386175608,-0.0149501136752153,0.0006405762880211,0.0418257820444749,-0.55615372952027,0.012959683962241371,-0.0061892878746384605,0.010051153143402162,0.005137211534914057
1660869487114906,-1.003494316014343,-0.0216678110933088,0.0368047608148316,0.0269048198800518,-0.01641570570283,-0.0153184050950569,0.0005276458012895,0.0418239194760657,-0.5560963335316681,0.013151616320907018,-0.003592789849362177,0.011023607066873817,0.005832004915641016
1660869487130886,-0.9970244907301442,-0.0243533989471274,0.0328984512092773,0.0268877847351739,-0.0170040251814277,-0.0155862414178304,0.0004059927864464,0.0418195056345203,-0.5560357245116729,0.01327317408828636,0.0025893318913530194,0.007504217291749698,0.0017331257790780472
1660869487146865,-0.9923857480735484,-0.0247196154726481,0.0330205233844509,0.0270306565925358,-0.0176143468458537,-0.0157724610170132,0.0002738154534364,0.0418133095878124,-0.5559695014896858,0.01337598066217064,0.00650526709315391,0.006424200689606099,0.0016696781588264806
1660869487162845,-0.9934843976501108,-0.0158083466849774,0.0328984512092773,0.027319360054066,-0.0181352072962016,-0.0158920773082816,0.0001309331404644,0.0418063691762175,-0.5558951619297815,0.013595452863187082,0.004865955764932428,0.013801922529549121,0.0013928453852875972
1660869487178825,-0.9973907072556648,-0.0117799649042496,0.0374151216906994,0.0277100882944191,-0.0184737501838751,-0.0159517180862002,-2.133278663318133e-05,0.0418003592708582,-0.5558106697971842,0.013863003811923909,0.0008636815434405198,0.016047273879249226,0.005318564280038733
1660869487194805,-0.9984893568322272,-0.0009155413138017,0.0353398947127487,0.028149665263246,-0.0185803475820176,-0.0159464667582178,-0.0001806668962845,0.0417977684489732,-0.5557147469489689,0.014252613039721787,-0.0002114712298095789,0.024220527722727415,0.002919003571879221
1660869487210785,-1.002517738612955,0.0057984283207446,0.0380254825665673,0.0285945106922437,-0.0184642138266257,-0.0158562439242941,-0.0003445734136363,0.0418017465496519,-0.555606865523836,0.014706421720135641,-0.0038158677094836113,0.027841047621546343,0.005044132283128042
1660869487226764,-0.9997100785839628,0.002258335240711,0.0398565651941709,0.0290230669576328,-0.0181975691099886,-0.0156541022654673,-0.0005113082436901,0.0418150382216078,-0.5554870494641546,0.01506869165232859,-0.0009073869124422984,0.021870859087361468,0.006187693419658476
1660869487242744,-1.000320439459831,-0.0021362630655374,0.0419317921721216,0.0294387819683903,-0.0178983047148763,-0.0153241057652365,-0.000680615130528,0.041838760786954,-0.5553555564154056,0.015338330572905469,-0.001365973009479493,0.01572863470300176,0.007436628357848259
1660869487258724,-0.9997100785839628,0.0044556343938353,0.0397344930189973,0.0298636743890957,-0.017687404371746,-0.0148705456604315,-0.0008539385058579,0.0418730908924667,-0.55521244795018,0.015668336534144033,-0.0006800509202500304,0.020088478946137016,0.004715396284251563
1660869487274704,-0.9937285420004578,0.0033569848172732,0.0402227817196916,0.0303263419893573,-0.017643655479097,-0.0143153409679332,-0.0010340012924734,0.0419185703787267,-0.555057280840756,0.01594937892880978,0.004771337096929451,0.017090846432617424,0.004683316486451275
1660869487290683,-0.9962920576791028,-0.0025024795910582,0.0422980086976423,0.0308498876854905,-0.0177811403313533,-0.0136960362090233,-0.0012239315394494,0.0419753540940071,-0.5548891687185333,0.01612610785085587,0.0019870392764559375,0.010108243821857422,0.0060826891179617815
1660869487306663,-0.9961699855039292,-0.0038452735179674,0.0436408026245516,0.0314436803783007,-0.0180535544565844,-0.013067921141573,-0.0014262626072098,0.0420421873236475,-0.5547070347225632,0.016270259509967452,0.0018982003064664799,0.0078889049054534,0.006682934740383964
1660869487322643,-0.9932402532997636,0.003967345693141,0.0441290913252458,0.0321003240706437,-0.018375401085387,-0.0125015424497077,-0.001642111522817,0.0421174862023362,-0.5545097865360693,0.016511562679815236,0.004345139259568809,0.01413137170490562,0.006454101096970345
1660869487338623,-0.9954375524528878,0.009948882276646,0.0424200808728159,0.0327970500746587,-0.0186452904689703,-0.012065861686035,-0.0018707427661001,0.0422005432121698,-0.554296489138582,0.01680874606837556,0.0019330560958001897,0.018101617459569556,0.004270581580086405
1660869487354602,-0.9964141298542764,0.0156862745098038,0.040100709544518,0.0335000191176097,-0.0187627196352118,-0.011801031253061,-0.0021095857940137,0.042291111148461,-0.5540666277990794,0.01715062780828422,0.0008608308249704599,0.021455108723454623,0.00175608922660965
1660869487370582,-0.9973907072556648,0.0177615014877545,0.0403448538948652,0.0341707782903569,-0.0186449759282892,-0.0117051379700039,-0.0023546476496125,0.0423887515110776,-0.5538203167863568,0.017488489013854667,-0.00010417191877620802,0.021177302131264793,0.0018002102192611683
1660869487386562,-0.9950713359273672,0.0242313267719538,0.0408331425955594,0.0347736053989747,-0.0182476363062266,-0.0117479509983775,-0.0026011825817412,0.0424931286922956,-0.5535583133962578,0.017885219633492575,0.0019936794685692094,0.024882414673917684,0.0020596490279598326
1660869487402526,-0.9998321507591365,0.0260624093995574,0.0407110704203859,0.0352807507286429,-0.0175749308772034,-0.011888346000311,-0.0028444507159375,0.0426046977141882,-0.5532818728782285,0.018268277754553933,-0.002490421826880085,0.024042147571369157,0.0017438191675076958
1660869487418506,-1.000198367284657,0.0288700694285495,0.038391699092088,0.0356737851928659,-0.0166710528629964,-0.0120761181930064,-0.0030804113704746,0.0427245087270379,-0.5529926082948653,0.018646670488200682,-0.0025709745171605958,0.02416482684032513,-0.000517996944711191
1660869487434486,-0.9972686350804914,0.0317998016327152,0.0369268329900052,0.0359425267245768,-0.0156034310959481,-0.0122542241054605,-0.0033062241320582,0.0428530377548557,-0.5526924327749335,0.01902483405770724,0.00032288191830465163,0.02438510314004175,-0.001784576742114588
1660869487450466,-0.99482719157702,0.0303349355306323,0.0416876478217744,0.0360833972142851,-0.014449503282153,-0.0123736676666883,-0.0035204740236655,0.0429898255471388,-0.5523834609932714,0.01935690534396127,0.0024878928795983857,0.02062821333416296,0.0026786142806891483
1660869487466446,-1.001785305561913,0.0311894407568473,0.043518730449378,0.0360973827824118,-0.01328495447881,-0.0124067316436462,-0.0037231112367253,0.0431345088390339,-0.5520678192184004,0.019673367885381873,-0.004023198994765109,0.019334446704340168,0.004058727217463476
1660869487482425,-1.002273594262608,0.0350957503624016,0.0438849469748987,0.0359877941570496,-0.012172635524483,-0.0123514921400522,-0.003915161770249,0.0432874288773371,-0.5517475179694362,0.020014705706573675,-0.004060338925914064,0.020916680678905016,0.0039824493686857546
1660869487498405,-1.001297016861219,0.0386358434424352,0.0492561226825358,0.035758636398112,-0.0111617247342012,-0.0122355069725836,-0.004098322796449,0.0434487430169058,-0.5514244761235358,0.020386127785717724,-0.0027753853720725585,0.02201109638304476,0.00841826256869057
1660869487514385,-1.002273594262608,0.0425421530479894,0.0466926070038908,0.0354136305005696,-0.0102976148862054,-0.0121146690257437,-0.004274610629106,0.0436171673869182,-0.551100593966415,0.020769269152800616,-0.003376766496115402,0.023325665389739066,0.005269272201041016
1660869487530365,-1.005203326466773,0.0420538643472951,0.0436408026245516,0.0349556918364976,-0.0096256285681419,-0.012058906040061,-0.0044461647594649,0.0437896841562787,-0.5507777645874024,0.021099986783533194,-0.005675848830252406,0.020553639020140287,0.001995721039531627
1660869487546344,-1.004226749065385,0.0436408026245516,0.0457160296025023,0.0343880142808974,-0.0091832104509615,-0.0121346195941028,-0.0046151510002711,0.0439618555203484,-0.5504578496118465,0.02142555493824342,-0.004229344285977876,0.01992651956765711,0.003663853215734099
1660869487562324,-0.9987335011825742,0.0430304417486837,0.0438849469748987,0.0337182416421467,-0.0089965238887711,-0.0123953185828368,-0.0047836946702004,0.0441280258805895,-0.5501426408782738,0.02170334926297665,0.0011375132371495011,0.017384542822610292,0.001649493529317439
1660869487578304,-1.00166323338674,0.0379034103913937,0.0419317921721216,0.0329652019814981,-0.0090840496983864,-0.0128743760419774,-0.004953881567785,0.0442818878048292,-0.5498337134772746,0.021876658871593322,-0.0016129970703144814,0.011031760318788265,-0.0002732951461136904
1660869487594284,-1.002639810788128,0.041809719996948,0.0398565651941709,0.0321658089467896,-0.009451861082926,-0.0135746217647587,-0.0051278217420911,0.0444173075837904,-0.5495321574709506,0.0220830401169022,-0.0023306170245323,0.01344426293190831,-0.002113669911657949
1660869487610263,-1.006424048218509,0.0403448538948652,0.0404669260700387,0.031379603153119,-0.0100828002433031,-0.0144633291398936,-0.0053076672254023,0.044528849960843,-0.5492382574363789,0.02225128033647251,-0.005503369009421943,0.010781457146842963,-0.0013529781322111356
1660869487626243,-1.010818646524758,0.0422980086976423,0.0437628747997251,0.030688579606728,-0.010936151534957,-0.0154779361699143,-0.0054955496879308,0.0446126841582756,-0.5489511076266158,0.022441112319638745,-0.00890817058410387,0.011461150754658058,0.0017486735377277435
1660869487642223,-1.003616388189517,0.0462043183031966,0.041809719996948,0.0301902967538693,-0.0119584668259367,-0.0165369835586365,-0.0056935241923229,0.0446676253882347,-0.5486682573518572,0.022659223036778815,-0.0015353210239765769,0.01383071432419112,-0.0001840331385444191
1660869487658203,-1.001541161211566,0.0502327000839244,0.0457160296025023,0.0299842119752233,-0.0130929149243036,-0.017551636655858,-0.0059035628787319,0.0446948516072942,-0.548385614638692,0.022921364204179426,0.0004859153585772269,0.01607318649442703,0.0033500488203088985
1660869487674183,-0.9944609750514992,0.0536507209887844,0.0462043183031966,0.0301537668289325,-0.0142764518141903,-0.018437135613692,-0.0061275019237729,0.0446968493110031,-0.5480976553944045,0.023203748573494488,0.006809491366779552,0.01754208665935833,0.0034545037689028765
1660869487690162,-0.9944609750514992,0.0476691844052794,0.0465705348287173,0.0307482827237995,-0.0154231960870268,-0.019122393550169,-0.0063667695045929,0.0446770533927397,-0.547797856031553,0.02337454172262148,0.006128542230101619,0.010404495068267988,0.00343864826498122
1660869487706142,-0.9889677271686884,0.0518196383611808,0.0465705348287173,0.0317691941146338,-0.0164108850336493,-0.0195545175480875,-0.0066218482218278,0.0446398275328577,-0.5474793535921387,0.023585955065852298,0.010459611101621191,0.013099454121752459,0.003094783438483094
1660869487722107,-0.9892118715190356,0.054627298390173,0.0513313496604865,0.0331643359013423,-0.0170918791225782,-0.0196995684832382,-0.0068916986977954,0.0445902004996963,-0.5471357812322342,0.023829278497197924,0.009193920076146722,0.01431640273567019,0.00707003844322706
1660869487738086,-0.9884794384679942,0.0581673914702065,0.0542610818646522,0.0348317316245919,-0.0173244550103847,-0.0195489274499216,-0.0071734475482154,0.0445340274593046,-0.5467620620505299,0.024106994844507363,0.008933717814469277,0.016070846234133317,0.008999793582653487
1660869487754066,-0.9883573662928208,0.0680552376592658,0.0601205462729836,0.0366317363758985,-0.0170028415337522,-0.0191312123785787,-0.0074624269197314,0.0444785473102012,-0.5463550052332381,0.024513653991634604,0.008150210990678475,0.023362823180873356,0.01337333219188639
1660869487770046,-0.9809109636072328,0.0767223620965893,0.0587777523460744,0.0384051354724538,-0.0160758542812673,-0.0185103641494964,-0.0077525110164651,0.044431845683032,-0.5459137327115977,0.02500043163022276,0.014036952308639772,0.028826952856377167,0.010827484438479473
1660869487786026,-0.98628213931487,0.0812390325780114,0.0587777523460744,0.03999541190415,-0.014555264205343,-0.0177655813736599,-0.0080367274648345,0.0444008229859024,-0.5454399226296766,0.025503026612044545,0.007799198940902419,0.03000926100401935,0.009744735994631527
1660869487802005,-0.98286411841001,0.0846570534828714,0.0579232471198594,0.0412735837948845,-0.0125185658355013,-0.0169772390819292,-0.0083080823299093,0.0443895431509209,-0.5449376621931371,0.026002735374028484,0.010095497861186131,0.030084553717991416,0.00800120769157487
1660869487817985,-0.9864042114900436,0.0886854352635992,0.0619516289005872,0.0421616083821226,-0.0101102116015645,-0.0162273655064886,-0.0085604672794543,0.0443994975312365,-0.5444127483892653,0.026520319422743285,0.005899864303037128,0.030701641948847294,0.010826630525072406
1660869487833965,-0.995925841153582,0.0885633630884257,0.0640268558785379,0.0426480439481675,-0.007532541072184,-0.0155959485480939,-0.0087895254236724,0.0444308159504209,-0.5438715914738969,0.02698763018242026,-0.0032595888244509874,0.02752161279630641,0.0116116717527208
1660869487849945,-0.9998321507591365,0.0982070649271378,0.0642710002288851,0.0427908730550514,-0.0050170577372797,-0.015145855624321,-0.0089933306031161,0.044482596327188,-0.5433200742613109,0.027544271172010713,-0.006449308587004876,0.033448783171516644,0.0106702344927612
1660869487865924,-0.999343862058442,0.1090714885175856,0.0585336079957272,0.0427059588396094,-0.0027897771363486,-0.0149108580478155,-0.0091727360970805,0.0445522151098029,-0.5427626161364592,0.028182220510444587,-0.005364917897679344,0.03988188608576801,0.0044395580336429805
1660869487881904,-0.9949492637521936,0.0997940032043942,0.0541390096894787,0.0425431395758593,-0.0010446100285297,-0.0148980803747916,-0.0093313372671656,0.044634877444537,-0.5422015295337614,0.028613959623601606,-0.0008732876322880001,0.02754396069531896,4.046375465503044e-05
1660869487897884,-0.9966582742046236,0.0835584039063093,0.0571908140688179,0.0424545694495386,8.478161406673184e-05,-0.0150984094324128,-0.0094750036797658,0.0447240051736992,-0.5416367564551452,0.02878195130493674,-0.002324068276246205,0.010177525257510645,0.0027830413205948146
1660869487913864,-0.9973907072556648,0.0808728160524907,0.0634164950026701,0.0425616809378847,0.0005581220625034,-0.0154925541245558,-0.0096109210332392,0.0448121165876252,-0.541066088820574,0.02891318874745434,-0.0027508511945587566,0.0067427436633228505,0.008107850029002314
1660869487929844,-0.9958037689784084,0.0776989394979779,0.0620737010757608,0.0429282068368971,0.0004470207007022,-0.0160518854525127,-0.0097462478804286,0.0448919725934465,-0.5404858582498835,0.028983185862250235,-0.0010475216255720898,0.003211980397929054,0.0060885504918837124
1660869487945823,-0.9894560158693828,0.0833142595559621,0.0545052262149994,0.0435459008105428,-7.835239535157327e-05,-0.0167389411720539,-0.0098867311173747,0.0449576771612655,-0.5398919607152276,0.029104032150628442,0.004770208335108106,0.007944570410321927,-0.0013319319319899242
1660869487961803,-0.980300602731365,0.0986953536278321,0.0509651331349658,0.0443364279703277,-0.0007912911305964,-0.0175090026749074,-0.0100356964603395,0.0450052322186999,-0.5392810095904474,0.029421865410403397,0.012533059325813278,0.020993098033972743,-0.004384822510821174
1660869487977783,-0.98457312886244,0.0999160753795678,0.0570687418936444,0.0451680376253263,-0.001452510306426,-0.0183112609952213,-0.0101936233820098,0.0450327369864561,-0.5386513400080679,0.02974261910938571,0.007434479875264466,0.019992437807137595,0.0015469076230716847
1660869487993763,-0.9954375524528878,0.0921034561684592,0.0615854123750665,0.0458814044620102,-0.0018309953102453,-0.019082223995484,-0.0103581904282629,0.0450406722074718,-0.5380036441314742,0.02993076877090333,-0.0030869493436649353,0.010961836736426103,0.005457220294044406
1660869488009742,-0.9978789959563592,0.0985732814526585,0.0635385671778436,0.0463190176439808,-0.0017230098346748,-0.019734646797366,-0.0105246670065673,0.0450321222194556,-0.5373411669580691,0.030196528151279347,-0.00497555356242263,0.015688495818562853,0.006669337587139362
1660869488025722,-0.9989776455329212,0.1120012207217513,0.0606088349736779,0.0463535997343137,-0.0009962015706245,-0.0201649032359166,-0.0106867569602243,0.0450126443674151,-0.5366694519231823,0.030616653632384846,-0.005466782825086169,0.026204791578890066,0.003365644844676295
1660869488041748,-0.9978789959563592,0.1111467154955363,0.0575570305943387,0.0459095407319445,0.0003783376837656,-0.0202783929866671,-0.0108378385483713,0.0449897301674761,-0.5359956758934938,0.030974440681016346,-0.003931319923671683,0.022815257717407555,0.00028245641880338124
1660869488057727,-0.9943389028763256,0.1111467154955363,0.0623178454261079,0.0449733485821342,0.0023396896699045,-0.020003095054888,-0.0109721763173191,0.0449719530508393,-0.5353277260265681,0.03131076465416632,-0.0003521041592743357,0.020533731945666794,0.00453894412551533
1660869488073707,-0.994216830701152,0.1255512321660186,0.0654917219806208,0.0435946973300908,0.0047609752908175,-0.0192908395887924,-0.0110858140729155,0.0449678174295269,-0.5346732184354591,0.031825834967441805,-0.00020702878569067718,0.031444423754534184,0.0069415386120254
1660869488089687,-1.003616388189517,0.1438620584420542,0.0733043411917293,0.0418802139738359,0.0074645991443019,-0.0181325534013759,-0.0111771310181666,0.044984278695613,-0.5340385951887063,0.032568986329963856,-0.008645927646650176,0.04477972502751282,0.01327874204082051
1660869488105667,-1.007766842145418,0.1513084611276421,0.0758678568703743,0.0399794701439381,0.010252872009076,-0.0165838669064096,-0.0112469169632568,0.0450256910183663,-0.5334283317083442,0.03335082525030304,-0.011516743442296029,0.04700351494179063,0.014258031947518963
1660869488121647,-1.006912336919203,0.1326314183260857,0.0800183108262757,0.038063510637773,0.01294097483471,-0.0147725947840022,-0.0112978749091123,0.0450939527583207,-0.5328443110352133,0.03380457978850398,-0.009596014394472996,0.025493824926210787,0.016567637313078323
1660869488137626,-0.9977569237811856,0.1135881589990078,0.0772106507972836,0.0362997339052229,0.0153677115937671,-0.0128762019069921,-0.0113338811803785,0.0451887016228708,-0.5322855911911277,0.03393705338033839,-0.000396541130810002,0.005805509039219614,0.012383979555677604
1660869488153606,-0.9949492637521936,0.1206683451590749,0.0759899290455479,0.0348290056279016,0.0174053279335019,-0.0110802520443028,-0.0113593595148112,0.0453065804820072,-0.5317487004094826,0.034152645986223085,0.0021700070083637835,0.011597125679358056,0.0100469320235477
1660869488169586,-0.99140917067216,0.1237201495384141,0.0691538872358279,0.033750035939728,0.0189869952699837,-0.0095344540160174,-0.0113787387966915,0.045441371117563,-0.5312282286703398,0.03436849487056177,0.005139090079557707,0.01318403705282753,0.0028898011924449324
1660869488185566,-0.992507820248722,0.1179827573052563,0.0645151445792322,0.0331133572535983,0.0201341059304946,-0.0083199783701288,-0.0113958378140162,0.0455861318397478,-0.5307174672686645,0.03446783418614249,0.003636396452696089,0.006701980337702751,-0.00157404731773568
1660869488201545,-0.9906767376211184,0.1266498817425807,0.0613412680247194,0.0329246275728581,0.0209582721811712,-0.0074395242498019,-0.0114132174518388,0.0457352765756514,-0.5302091166975199,0.03466972023175595,0.0049207311722696545,0.013832194297524442,-0.004273131485023632
1660869488217525,-0.9920195315480278,0.1337300679026479,0.0658579385061415,0.0331549704880085,0.021628969612189,-0.0068333502426728,-0.0114317186752901,0.0458849343271247,-0.5296960418016424,0.034965078818520116,0.0032201435208242257,0.01882114241183247,0.00021918509675861175
1660869488233505,-0.9900663767452508,0.1284809643701843,0.0603646906233308,0.0337542523172665,0.0223235528904664,-0.0064104700840304,-0.0114503818893503,0.0460323151775083,-0.5291718729692518,0.035140900288112044,0.004655968491241169,0.012214834991431986,-0.004746656507446878
1660869488249485,-0.980544747081712,0.1215228503852899,0.0640268558785379,0.0346627934332983,0.0231862421643296,-0.0060776450253996,-0.011466755797535,0.0461754731149884,-0.5286312896590584,0.035213857222554025,0.012759838339301943,0.004731048905883828,-0.0009760421270157971
1660869488265464,-0.9779812314030673,0.1347066453040364,0.0613412680247194,0.0358187888118291,0.0243096178518099,-0.0057539189298737,-0.0114774443406596,0.0463142239102792,-0.5280699801135136,0.03545918618519529,0.013791018616151951,0.016123359442167293,-0.0032954669827508637
1660869488281444,-0.9800564583810178,0.1321431296253914,0.0654917219806208,0.0371613348200741,0.0257385736517055,-0.0053751865780242,-0.0114786779319919,0.0464510504435626,-0.5274844989735812,0.035656507201840375,0.010544212474381198,0.012203859387170071,0.0007694882758354782
1660869488297424,-0.9846952010376137,0.1388570992599378,0.0731822690165557,0.0386305750671541,0.0274753859860561,-0.0049044381127039,-0.0114667628838492,0.0465898580221579,-0.5268723092028963,0.03595001593640419,0.0053149228360067635,0.01702604611954482,0.007614031780593333
1660869488313404,-0.9872587167162584,0.1354390783550778,0.0690318150606543,0.0401655050913221,0.0294626275565938,-0.0043438337718098,-0.0114385248211784,0.0467334594868422,-0.5262319481639086,0.03615300745758761,0.0024762664416257962,0.01224722269321632,0.003117220042222743
1660869488329383,-0.9750514991989014,0.1358052948805986,0.0652475776302736,0.0416989433172649,0.0315645822338968,-0.0037274809484918,-0.0113919798936545,0.0468829100582131,-0.5255630475356776,0.03633514109865533,0.013215135563084512,0.011352095296863415,-0.0006003156493421674
1660869488345363,-0.9724879835202564,0.1414206149385828,0.0595101853971158,0.0431516183797541,0.0335791184053013,-0.0030997359674254,-0.0113271683155799,0.0470387055716077,-0.524866270956195,0.03656414289975188,0.014200786117556485,0.015270673819362868,-0.005703937094249968
1660869488361328,-0.9823758297093156,0.1514305333028156,0.0642710002288851,0.0444291584245127,0.0352728136785733,-0.0025039679880985,-0.0112467942615157,0.0472007090840616,-0.5241434936355364,0.03692046890975982,0.0038816459356476596,0.022752532965236105,-0.0008488100362326056
1660869488377308,-0.9846952010376137,0.1508201724269478,0.0663462272068358,0.045423125326713,0.0364260042043595,-0.0019803543522423,-0.011156364360337,0.0473661702043073,-0.5233982311984734,0.03723723436669437,0.0014060471466146307,0.019927954880431475,0.0011037752475462903
1660869488393287,-0.98970016021973,0.1392233157854585,0.0612191958495458,0.0460148639084355,0.0368813501568613,-0.0015583846171818,-0.0110637167208307,0.0475291480586337,-0.5226359320724491,0.03734150541650282,-0.003239020831951489,0.0074979884150479514,-0.0036209304987693397
1660869488409267,-0.9855497062638284,0.1362935835812928,0.0626840619516286,0.046081837902459,0.0365748815290353,-0.0012544237721544,-0.0109780383853081,0.047682661706871,-0.5218639538745635,0.037400531189979706,0.0008202898115550195,0.004111430589794018,-0.0019404579570178881
1660869488425247,-0.99311818112459,0.1325093461509121,0.0664682993820093,0.0455056717470107,0.035548115922841,-0.0010827380012646,-0.0109085495323352,0.0478205578493253,-0.5210914657361344,0.037406585680429,-0.006073366544285919,0.00029447384347197625,0.0016594015260265327
1660869488441227,-1.007156481269551,0.1196917677576863,0.0645151445792322,0.0441789642146561,0.0339590097034219,-0.0010625211767881,-0.0108629556447961,0.0479375461015108,-0.5203294121293003,0.03721945169306682,-0.018100500020322152,-0.011270794094778422,-0.0002643779490755088
1660869488457206,-1.012893873502708,0.1278706034943164,0.0621957732509343,0.0420095403606086,0.0320743676729052,-0.0012145945575714,-0.010845861314141,0.048029060334731,-0.5195904034270015,0.037160229197959097,-0.02145410302813111,-0.002782762522333476,-0.002325374349636075
1660869488473186,-1.011184863050278,0.139101243610285,0.0675669489585715,0.0389230946393046,0.0302243612121792,-0.0015606973295329,-0.01085756743051,0.0480919250823612,-0.5188884521992612,0.037283525613611236,-0.017770583318131083,0.0076030898342716036,0.0027412212222010096
1660869488489166,-1.024490730144198,0.1455710688944842,0.0680552376592658,0.0348641026866366,0.028744997082067,-0.0021218213951201,-0.0108935910875066,0.0481255609286083,-0.5182385889844816,0.037488634945154295,-0.027968805370845895,0.012665623606623738,0.0029065589306057765
1660869488505146,-1.025955596246281,0.1583886472877092,0.0617074845502401,0.0297960413711582,0.0279286111061896,-0.0029063539276634,-0.0109449806210462,0.0481326181533549,-0.5176564939205313,0.037841579337130594,-0.026490304325636038,0.02293488179986386,-0.0030970747605779322
1660869488521125,-1.025711451895933,0.1668116273746856,0.0569466697184708,0.0237047375670363,0.027977915430437,-0.0039009229090403,-0.0109993755558954,0.0481178474974282,-0.5171582507453175,0.038269793807908334,-0.023621543977759174,0.02822207569815624,-0.007072100633112505
1660869488537105,-1.027054245822843,0.1740138857099263,0.0612191958495458,0.0166071447959383,0.0289745531248944,-0.0050748584901925,-0.0110426211724156,0.0480866165289364,-0.5167600100244233,0.03877277043113055,-0.02246790411420241,0.03188190063005725,-0.0025196170518337613
1660869488553085,-1.035721370260166,0.1703517204547191,0.0607309071488515,0.0085643622439501,0.0308712411886121,-0.0063849124440859,-0.0110606184412256,0.0480448922502942,-0.516477312102292,0.039180277911789727,-0.02802152569637273,0.025397761837365057,-0.00270711517727526
1660869488569065,-1.040115968566415,0.170962081330587,0.0628061341268022,-0.0003046523111116,0.03349666538659,-0.007768441449653,-0.0110412028747376,0.0479994058159844,-0.5163241800719607,0.03956858954512782,-0.02917451160235962,0.023407310441909635,-0.0005686993793921069
1660869488585044,-1.048050659952697,0.1819485770962084,0.0624399176012815,-0.0098134828183556,0.0365705647523548,-0.0091389605520007,-0.0109759302313204,0.0479563702740137,-0.5163121831136519,0.04008431820393455,-0.033398282689777625,0.03095442558677794,-0.0008414243144215169
1660869488601024,-1.047318226901655,0.1841458762493327,0.0623178454261079,-0.0197077536764447,0.039732040712701,-0.0104027914852479,-0.010861513193693,0.0479194009570031,-0.5164495030594832,0.04058403422099906,-0.02939926467486198,0.02983655226591203,-0.0008671468406356089
1660869488617004,-1.056107423514153,0.1819485770962084,0.0630502784771493,-0.0296781757944267,0.0425795967714218,-0.0114857117611558,-0.0107006119036533,0.0478881782883299,-0.5167400242097141,0.04101967103140032,-0.03436961515862391,0.024875327801508945,-0.00012124241063479757
1660869488632984,-1.056473640039673,0.1731593804837113,0.0670786602578772,-0.0393882969891079,0.0447257616941884,-0.0123430171280987,-0.0105018224756705,0.0478587302137789,-0.5171826043161449,0.04130359681011238,-0.03126224851572945,0.014477518070110662,0.0035164254330838085
1660869488648964,-1.047074082551308,0.1721828030823227,0.0626840619516286,-0.0485113076887671,0.0458584025761229,-0.0129566553026047,-0.0102788341630186,0.0478248337033685,-0.5177707952650505,0.04152456935219302,-0.01967642192462815,0.01215084660184984,-0.0007903555858483208
1660869488664943,-1.026443884946975,0.1688868543526363,0.052063782711528,-0.0567656875661849,0.04579594895522,-0.0133407919617073,-0.010048768901919,0.0477794420092598,-0.5184931854347795,0.041620655808061215,0.000858398111734493,0.007969408084947116,-0.010269571343354024
1660869488680908,-1.021194781414511,0.14337376974136,0.0530403601129165,-0.0639414824797119,0.0445405235284934,-0.013546066695457,-0.0098297312416473,0.0477158309571567,-0.5193343001828351,0.041341663822735894,0.005496751479778572,-0.015789308873696284,-0.008363694547768974
1660869488696888,-1.023270008392462,0.115785458152132,0.0637827115281908,-0.0699127214105356,0.04231237258659,-0.0136423973359977,-0.0096378034913578,0.0476284467501772,-0.5202758822038909,0.040729471006676496,0.0030793720516448797,-0.039039858416631865,0.002140791180754796
1660869488712867,-1.017532616159304,0.1099259937438006,0.0691538872358279,-0.0746337902343741,0.0395233650903138,-0.013694328715501,-0.00948415308508,0.0475132107651942,-0.5212983228444027,0.040100723031607735,0.007935087856322687,-0.04040939054246692,0.006760770199552707
1660869488728847,-1.021194781414511,0.1196917677576863,0.0615854123750665,-0.0781235157393619,0.0366931487335056,-0.0137483641464239,-0.0093730531703393,0.047367812751906,-0.5223819183475502,0.03966006740761887,0.003845630341003936,-0.02757925487572309,-0.0007269341950878264
1660869488744827,-1.008255130846113,0.1256733043411922,0.0562142366674294,-0.0804465259134764,0.0343513982641011,-0.0138268327904791,-0.0093012357664562,0.0471929753522712,-0.5235077007519243,0.03931580272385592,0.015106752818461855,-0.019437946462995487,-0.005488298912452436
1660869488760807,-0.9984893568322272,0.1261615930418865,0.0466926070038908,-0.0816988516960804,0.0329435150064982,-0.0139235761373061,-0.0092586164431992,0.046994106478294,-0.5246579046969546,0.038977665913170305,0.022385274149112955,-0.01705469198607107,-0.013508935718391929
1660869488776786,-0.9876249332417792,0.1353170061799043,0.0482795452811473,-0.0819995859925281,0.0327472506560043,-0.014003802384351,-0.0092302670569151,0.0467812578304337,-0.5258163501378379,0.038797163919544186,0.029924727965604747,-0.00710935096324794,-0.010729797697021884
1660869488792766,-0.985427634088655,0.144228274967575,0.0482795452811473,-0.0814877125429334,0.0338241169748798,-0.0140057880306983,-0.0091992960153524,0.0465666733346161,-0.5269689074349473,0.03876425659477028,0.028909824406856188,0.0016217260419804924,-0.009656817927319691
1660869488808746,-0.980300602731365,0.1456931410696578,0.0514534218356601,-0.0803202983488682,0.0360137129752669,-0.0138534692243793,-0.0091500470984009,0.04636182303951,-0.5281039381011717,0.038763863017963925,0.030633170187731595,0.0027779329296569732,-0.005834647235526194
1660869488824726,-0.9735866330968186,0.1502098115510799,0.0556038757915615,-0.0786679826736725,0.0389658653492622,-0.0134898850456675,-0.0090709309033713,0.046175769886961,-0.5292125401608283,0.03883863948785724,0.03361242584005031,0.006565143069971163,-0.0015157739516623164
1660869488840705,-0.9740749217975128,0.1437399862668807,0.0535286488136108,-0.0767068669877894,0.0422178565528692,-0.0129084482489422,-0.0089562401551085,0.0460145380702691,-0.5302886005997833,0.03881596244643616,0.0298117234254206,8.578600719477691e-05,-0.003231900836651716
1660869488856685,-0.9738307774471656,0.1325093461509121,0.0563363088426029,-0.0746076362429033,0.045308453027325,-0.0121531236129841,-0.0088065148045167,0.0458807697204627,-0.5313287221817037,0.038647124710959185,0.027050280998190845,-0.010030368697896475,-0.0003818167268936565
1660869488872665,-0.9789578088044556,0.125429159990845,0.049500267032883,-0.0725227810507572,0.0478844060604107,-0.0113004135752914,-0.0086274512895729,0.0457738095726313,-0.5323320154394897,0.03838374002493075,0.019730924676810813,-0.015399499372167197,-0.0064960726829522
1660869488888645,-0.9812771801327536,0.1172503242542149,0.0505989166094451,-0.0705737546151427,0.0497604646710981,-0.010451886421047,-0.0084277606713,0.0456896798099169,-0.5332997721327417,0.038035073142212515,0.015670398013661546,-0.021220501597917593,-0.004857680795751093
1660869488904625,-0.9865262836652172,0.0997940032043942,0.0535286488136108,-0.0688415733654914,0.0509314236021101,-0.0097303227630643,-0.0082165731550576,0.0456208706450292,-0.534235008328549,0.037480620724866284,0.009379165033078007,-0.03480914038296447,-0.0017351537324268515
1660869488920604,-0.9915312428473336,0.08392462043183,0.0531624322880901,-0.06736405079555,0.0515478135064047,-0.009256665670879,-0.0080010352277537,0.0455578966759505,-0.5351417620278394,0.03675535513769515,0.0039367852658653835,-0.0456106708399758,-0.001891233232152796
1660869488936584,-0.9927519645990692,0.0862439917601278,0.0498664835584037,-0.0661396242275331,0.0518568643406886,-0.0091170494265744,-0.0077847081058893,0.0454926472979239,-0.5360242463802707,0.03612819223939465,0.0024444571627167955,-0.0389621695605102,-0.004668463765655273
1660869488952564,-0.9892118715190356,0.1002822919050885,0.0387579156176087,-0.0651354564194729,0.0521203403364252,-0.0093431821845485,-0.0075671544204486,0.0454202024075005,-0.5368862216333082,0.03573874208891003,0.00538609521847544,-0.02243148247399454,-0.014199328535805252
1660869488968544,-0.9810330357824064,0.1126115815976192,0.0325322346837566,-0.0642979904880371,0.0525408540444179,-0.0099059850827181,-0.0073447081427124,0.0453379361664926,-0.5377307171016148,0.03555276814073748,0.012208437859594135,-0.009091973503317446,-0.01838250852269161
1660869488984523,-0.9886015106431678,0.1156633859769585,0.0346074616617073,-0.0635641287942268,0.0532183151311435,-0.0107172628755755,-0.0071120751554859,0.0452444876690538,-0.5385598962092563,0.035433940370207986,0.004175966698949485,-0.005436152211580336,-0.01467655339026682
1660869489000488,-0.9938506141756314,0.1022354467078657,0.0393682764934766,-0.0628709419268301,0.0541374198101802,-0.0116456782917895,-0.0068642514669509,0.0451402028009946,-0.5393749278032689,0.0351448789658775,-0.0009658231501626924,-0.016977682332605812,-0.008924164702647772
1660869489016468,-0.9958037689784084,0.0877088578622107,0.041809719996948,-0.0621636083433892,0.0551858282272684,-0.0125433593486183,-0.0065982318627129,0.0450275404248794,-0.5401759800495523,0.03468214081823714,-0.002627080157645789,-0.02835384406043473,-0.005834449079258737
1660869489032447,-0.994216830701152,0.0822156099794,0.0404669260700387,-0.061402287041941,0.0561976154914676,-0.0132704884818814,-0.0063140870124438,0.0449100870739305,-0.5409624448325137,0.034185046870602406,-0.000936127692350408,-0.030462382748920894,-0.006459518705551233
1660869489048427,-0.9980010681315328,0.0731822690165557,0.0352178225375752,-0.0605671508600231,0.0570012184229188,-0.013716964968901,-0.0060152226839116,0.0447917848190971,-0.5417332416617245,0.03359798434457483,-0.004248328610458096,-0.03554615134058868,-0.010537760014213249
1660869489064407,-0.98286411841001,0.07708857862211,0.0402227817196916,-0.0596599284506747,0.0574517367083095,-0.0138225849295788,-0.0057079159830973,0.0446776719143518,-0.5424870483612575,0.03313812649564171,0.009799758999958219,-0.02847585756153094,-0.004979520748887169
1660869489080387,-0.9904325932707714,0.0733043411917293,0.0501106279087508,-0.0587010039523743,0.0574408490329946,-0.0135860887688291,-0.0054004425193932,0.044573536342678,-0.5432226127027437,0.032687938772377016,0.0020081557252771276,-0.029034085492720477,0.004417492896154833
1660869489096367,-0.9904325932707714,0.072816052491035,0.0491340505073623,-0.0577221004585726,0.0568918858037859,-0.0130576576013742,-0.0051021630655077,0.0444829369372557,-0.5439392023848997,0.032274348057304794,0.0018073401527494148,-0.0265701367740733,0.0030968239452896923
1660869489112346,-0.9864042114900436,0.0651255054551001,0.0473029678797587,-0.0567560685547866,0.0557583076495714,-0.0123240645166231,-0.0048227444382535,0.0444053946420185,-0.5446368211459274,0.03179034350433013,0.0052521497401293304,-0.03083461542900738,0.0011391671859174862
1660869489128326,-0.9967803463797972,0.0568245975432972,0.0424200808728159,-0.0558270161193673,0.054034594964805,-0.0114948451944396,-0.0045714302291351,0.0443380501811691,-0.5453159945845929,0.031223440277157302,-0.0046115866346617684,-0.03522197100672925,-0.00336934783892278
1660869489144306,-0.9955596246280614,0.0497444113832301,0.046082246128023,-0.0549441520808279,0.0517672135581117,-0.0106874761202407,-0.0043562746772157,0.0442771913854197,-0.5459774671783676,0.030620483815283282,-0.003051778394633442,-0.03807194145011672,0.000263535674655882
1660869489160286,-0.999343862058442,0.0429083695735101,0.0464484626535437,-0.0541010624689618,0.0490509381301549,-0.0100102656091168,-0.0041834536345212,0.0442176452366372,-0.5466220423996594,0.029980649079108215,-0.0061524142425126715,-0.040417184933853045,0.0005667769801589173
1660869489176265,-0.9984893568322272,0.0403448538948652,0.0462043183031966,-0.0532802888171388,0.0460133157588806,-0.0095474042880333,-0.0040568366733856,0.0441528511042448,-0.5472504076969441,0.029368490465328703,-0.004768118114668041,-0.03868263055124815,0.00029036936683063397
1660869489192245,-0.9960479133287556,0.0355840390630959,0.0379034103913937,-0.0524617842458536,0.0428027538750206,-0.0093477146852762,-0.0039778539107844,0.0440765088662333,-0.547862941283368,0.028732235850654014,-0.002094007150076793,-0.0390991008447157,-0.00720948469047504
1660869489208225,-0.9875028610666056,0.0368047608148316,0.0368047608148316,-0.0516322672455858,0.0395874314772339,-0.009417201686898,-0.0039455274344586,0.043983672138421,-0.5484597146025543,0.02817637500041094,0.005805940600866033,-0.034090541183682,-0.0074773208403334235
1660869489224205,-0.9940947585259784,0.036682688639658,0.0360723277637902,-0.0507911777533151,0.0365535531748158,-0.009721450540876,-0.0039565423050506,0.0438712297571042,-0.5490406689292382,0.027671419036824105,-0.0007073611726561291,-0.03079135202297005,-0.007388778502237341
1660869489240184,-1.004959182116426,0.0250858319981688,0.0387579156176087,-0.0499503080528742,0.0338885898772084,-0.0102000590780079,-0.004005378184528,0.0437387069138884,-0.5496057953125297,0.02705558283062555,-0.01041460628679347,-0.038149387798013315,-0.004232871583576957
1660869489256164,-0.9918974593728542,0.0197146562905317,0.032410162508583,-0.0491277445019374,0.0317498338885574,-0.0107831554183955,-0.0040846508914708,0.043588465770232,-0.5501552789125199,0.026413631023244056,0.0023824048111005247,-0.03916850715508537,-0.009522562223342385
1660869489272144,-0.9899443045700772,0.0287479972533759,0.0388799877927823,-0.0483391300417716,0.0302335625665032,-0.0114006196785537,-0.0041857822961783,0.0434250817812403,-0.550689556497199,0.025978864273123226,0.003902003652489827,-0.027121649573017062,-0.0027474632452287734
1660869489288124,-0.9939726863508048,0.0436408026245516,0.0339971007858395,-0.0475893778213458,0.0293641314672363,-0.0119834695461494,-0.004299916867195,0.043254791705356,-0.5512092124464715,0.025788470167186477,-0.00011374031541400154,-0.011005959781657235,-0.006867315226954419
1660869489304103,-1.002273594262608,0.0475471122301058,0.0287479972533759,-0.0468668132607098,0.0291063424256567,-0.0124629562194347,-0.0044188261418529,0.0430845047100616,-0.551714796194901,0.025660811626248944,-0.0075731834044954205,-0.006389685158492732,-0.010904776883476214
1660869489320099,-0.9929961089494164,0.0365606164644845,0.0369268329900052,-0.0461406595242277,0.0293841017861486,-0.0127788132025651,-0.0045355689328342,0.042920380339499,-0.5522066119152501,0.025407844525527842,0.001533871717826596,-0.015638562831702632,-0.002453347032162226
1660869489336078,-0.9969024185549706,0.0293583581292438,0.0387579156176087,-0.0453630482740649,0.0300914277266662,-0.0129004739218308,-0.0046448282851839,0.0427678469836499,-0.5526843833491604,0.025080593717998825,-0.0021351940989549067,-0.020556739050248993,-0.0005600379641028594
1660869489352058,-0.9898222323949036,0.0304570077058059,0.0390020599679559,-0.0444771689094259,0.0310992543276746,-0.0128409713811008,-0.0047429847480357,0.0426327345729211,-0.5531468999485778,0.02480343842898924,0.004450492855000876,-0.017512280526318202,-0.00028430425238008816
1660869489368038,-0.997634851606012,0.0202029449912259,0.0444953078507666,-0.0434314317321362,0.0322735255179512,-0.0126414388215821,-0.0048280237413047,0.0425205530325873,-0.5535919968491098,0.024418186703527637,-0.0030259137204966535,-0.024989708916808386,0.004688049267387549
1660869489384018,-1.002517738612955,0.0296025024795909,0.0330205233844509,-0.0421958523421748,0.0335095441914338,-0.0123398759699134,-0.0048992667008886,0.0424341877193788,-0.5540169439929938,0.024180755640964748,-0.007117920654695631,-0.014031136285599047,-0.00610806167903534
1660869489399997,-0.9844510566872664,0.0232547493705652,0.0330205233844509,-0.0407744837165687,0.0347522155616567,-0.0119595811181536,-0.004956895351721,0.0423736466737993,-0.5544189441961567,0.023879277594617845,0.009853885143893626,-0.018341000455162272,-0.00549725551113181
1660869489415977,-0.9810330357824064,0.0180056458381017,0.0361943999389637,-0.0392095161977844,0.0359760578361308,-0.011523428688664,-0.005001463480272,0.0423379590682215,-0.5547955944154753,0.023541717052083588,0.011944715443878207,-0.0212310935888632,-0.0020910410609571092
1660869489431957,-0.9883573662928208,0.0151979858091095,0.039246204318303,-0.0375768318877733,0.0371586789354805,-0.0110669672516049,-0.0050336215002864,0.0423262422199159,-0.5551453807530468,0.023202908448448144,0.004158346440117366,-0.021634878256069863,0.0008646869865439749
1660869489447937,-0.9950713359273672,0.0119020370794231,0.039246204318303,-0.0359748157411864,0.03828591129061,-0.0106331407000675,-0.0050539579369374,0.0423378505272698,-0.555468109372571,0.022848933583913444,-0.0023000608749861318,-0.022437744287180632,0.0007782182878895774
1660869489463916,-0.9909208819714656,0.0083619439993896,0.033264667734798,-0.0345080359346277,0.0393604265103107,-0.0102576030001301,-0.0050628254970993,0.0423724843386129,-0.5557651355203653,0.022468625153713152,0.001665353772823952,-0.02338005363049272,-0.004682986466053883
1660869489479896,-0.9876249332417792,0.0044556343938353,0.033264667734798,-0.0332682962936189,0.0403811729885212,-0.0099632256417048,-0.0050603306008532,0.0424292984374504,-0.5560393953994832,0.022072128339972658,0.004465172252259175,-0.024557726912442318,-0.004214687819448497
1660869489495876,-0.9997100785839628,0.0040894178683146,0.0325322346837566,-0.0323176583015495,0.0413247255084149,-0.0097708553962987,-0.0050465735015779,0.0425059847257623,-0.5562951375928795,0.021703825926384764,-0.006857975780931835,-0.022431549094166718,-0.0044524087834409
1660869489511856,-0.9984893568322272,-6.103608758678547e-05,0.0339971007858395,-0.0316782709908338,0.0421581930217033,-0.0097100957916079,-0.0050218420301449,0.0425997789721226,-0.556537274353776,0.021317147239342776,-0.0050735286262766355,-0.02392380274506129,-0.002688788413222204
1660869489527835,-0.9990997177080948,-0.0033569848172732,0.0370489051651787,-0.0313308579046148,0.0428536458501201,-0.0098158269244569,-0.0049865867646383,0.0427085358534269,-0.5567706387216923,0.020928890399912227,-0.005115500551929775,-0.024497776327272937,0.0003267143695052932
1660869489543815,-1.003128099488823,-0.007385366598001,0.0308232242313266,-0.0312207993174341,0.0433838908049839,-0.0101221817033693,-0.0049413635477555,0.0428296189383273,-0.5569994564494811,0.020508127267539727,-0.00822949409939222,-0.02567354229720066,-0.005309069907912127
1660869489559795,-1.005813687342641,-0.0064087891966124,0.0280155642023345,-0.0312706295795088,0.0437301190830688,-0.0106593913491254,-0.0048867890122304,0.042958593743574,-0.5572269880583128,0.020137848755147673,-0.009823573757889337,-0.022227268406230856,-0.007305056943213806
1660869489575775,-1.000076295109483,-0.0097047379262988,0.0258182650492102,-0.031396901956288,0.04390515963789,-0.0114388242721643,-0.0048233544791459,0.043089935767781,-0.5574552683916127,0.019754184166895093,-0.003677563372258108,-0.022970895422325527,-0.008552120486704298
1660869489591755,-0.9997100785839628,-0.0199588006408788,0.0291142137788966,-0.0315261951959098,0.0439532872364909,-0.0124350053034665,-0.0047512118316845,0.0432184334632716,-0.5576850797325096,0.01926984757009749,-0.002980212162064011,-0.029902462323214977,-0.004730554581316104
1660869489607734,-1.0050812542916,-0.0287479972533759,0.0308232242313266,-0.03160535853983,0.0439296214429195,-0.0135912582546596,-0.0046701527629977,0.0433398157035295,-0.5579161953670911,0.018712793637308482,-0.007516249082730964,-0.03482249304214087,-0.002719389715997493
1660869489623714,-0.9951934081025406,-0.0276493476768138,0.0286259250782023,-0.0316055240284029,0.0438961792879187,-0.014840424475616,-0.0045796526127427,0.0434513124080639,-0.5581477202956302,0.018221806600851202,0.00213443739569541,-0.030351459119020895,-0.004425019982209618
1660869489639679,-0.9986114290074006,-0.0206912336919202,0.0249637598229952,-0.0315210971827887,0.043925838812844,-0.0161123654585903,-0.0044788011637183,0.0435524978535398,-0.5583784180988126,0.017871877847123314,-0.0011552251582481743,-0.021054010620714565,-0.00727846671367505
1660869489655658,-1.000686655985351,-0.0200808728160524,0.0263065537499045,-0.0313640916930165,0.0440894880562849,-0.0173296097667082,-0.0043662823680714,0.0436455830193584,-0.5586070226030941,0.01756884037588702,-0.002907406922578515,-0.01839928477036209,-0.005342105508089171
1660869489671638,-1.008865491721981,-0.0286259250782023,0.0320439459830623,-0.0311553765322425,0.044444170590513,-0.0184079843247675,-0.0042405400800709,0.0437351519764356,-0.5588324720015136,0.017187917792187556,-0.009977618393287813,-0.02424990332926079,0.00035575805256177206
1660869489687618,-0.9922636758983748,-0.0265506981002516,0.0260624093995574,-0.0309152558847915,0.0450309512733208,-0.0192634749346371,-0.0041000107089167,0.0438278692179539,-0.559053991463449,0.016858779521677508,0.005961777687286562,-0.019957208716179082,-0.005063200677848819
1660869489703598,-0.990798809796292,-0.0261844815747309,0.0291142137788966,-0.0306547173405106,0.0458581380606498,-0.0198238253531429,-0.0039434130598468,0.0439316482765749,-0.559271057053099,0.01657420424244382,0.006683979410432417,-0.017631892971592546,-0.001810256668658656
1660869489719577,-1.001785305561913,-0.0267948424505988,0.038391699092088,-0.0303692522076012,0.0468853256723367,-0.0200491716022652,-0.003770136065728,0.0440541490802559,-0.5594832660714671,0.016330557790104522,-0.003872264719669727,-0.0164180284627144,0.006720505780079468
1660869489735557,-1.001907377737087,-0.0291142137788966,0.0429083695735101,-0.030038268576531,0.0480475478143994,-0.0199520537043429,-0.0035804072205349,0.0442019032619866,-0.559690084575025,0.01609005525866845,-0.003594903205359379,-0.01686365981191098,0.010113458635351416
1660869489751537,-0.9994659342336156,-0.0275272755016402,0.0405889982452123,-0.0296311500407884,0.0492926302148238,-0.0195970026429882,-0.0033749565773056,0.0443802706366979,-0.5598905810911288,0.01589211550822297,-0.0010381137316991529,-0.013749049381189121,0.007014678576348257
1660869489767517,-0.9977569237811856,-0.0282597085526816,0.0440070191500723,-0.0291179869452126,0.0505815751115952,-0.019078439281679,-0.0031545093995618,0.044593193811404,-0.5600833345171967,0.0157132712112542,0.0006038070486578118,-0.013033334189007472,0.009389429533087433
1660869489783496,-0.9939726863508048,-0.0355840390630959,0.0433966582742044,-0.0284818560073587,0.0518717128741203,-0.0184943909932418,-0.0029195864200877,0.0448431934151511,-0.5602665279428102,0.01544822459893412,0.0039492400311347264,-0.018321898229479598,0.00790116179149758
1660869489799476,-0.9990997177080948,-0.0425421530479894,0.0429083695735101,-0.0277289877227971,0.0531267116892386,-0.0179294343196731,-0.002670524820674,0.0451318648416773,-0.5604382028516981,0.015113054422535696,-0.0010600121935396833,-0.022752010992935792,0.006671585781722951
1660869489815456,-0.9922636758983748,-0.0430304417486837,0.0388799877927823,-0.0268923403704011,0.0543385148189122,-0.0174499646101797,-0.0024073649981166,0.0454592540923657,-0.5605967366679787,0.014792748107869512,0.0051984266545622715,-0.02091626972426708,0.002378883600895637
1660869489831436,-0.9865262836652172,-0.0414435034714273,0.0364385442893109,-0.0260253149135049,0.0555168161844797,-0.0171066255110068,-0.0021296674221107,0.0458223112070039,-0.56074138236804,0.014520085430694678,0.009842236998947818,-0.017396398302309612,-5.630391231818688e-05
1660869489847416,-0.9894560158693828,-0.0403448538948652,0.040100709544518,-0.0251865670955495,0.0566495119612184,-0.0169314333314387,-0.0018366781419444,0.0462151917149646,-0.560872473110202,0.014303033100569736,0.006221254315303959,-0.014667973853172762,0.003245275208600018
1660869489863395,-0.9912870984969864,-0.0475471122301058,0.0377813382162202,-0.0244207245887711,0.0576827843705891,-0.0169277712008785,-0.0015279577744549,0.046632032183898,-0.5609911328388458,0.013999962893833456,0.003951154518930355,-0.01968320896957202,0.0008333134922719962
1660869489879375,-0.9923857480735484,-0.047791256580453,0.0388799877927823,-0.0237406485373046,0.0585378705855698,-0.0170698625202823,-0.0012040744617133,0.047069068483348,-0.5610987425226036,0.0137279408879165,0.0025672544481315507,-0.017934617987927302,0.0017387667619506927
1660869489895355,-1.004226749065385,-0.0510872053101394,0.0411993591210801,-0.0231167693533252,0.0591306519473332,-0.0173173991694702,-0.0008669886317121,0.0475233081931761,-0.5611964678179179,0.013443613630606026,-0.008346371889334514,-0.01910751004585233,0.00365232428122364
1660869489911335,-1.004104676890211,-0.0576791027695122,0.0430304417486837,-0.0224786016201073,0.0593808771708156,-0.0176308346393881,-0.0005201186069822,0.0479896244200672,-0.5612848451942494,0.013104857314133774,-0.0074018697427447044,-0.02312946675470262,0.0049350662179445184
1660869489927314,-1.000686655985351,-0.0647592889295798,0.0436408026245516,-0.0217298600269722,0.0592341581346657,-0.0179812129086846,-0.000168089593664,0.048460603546435,-0.5613632711873878,0.012706610074231694,-0.00358546395409598,-0.027188687623293198,0.0049908843844311684
1660869489943294,-0.985427634088655,-0.0650034332799269,0.0399786373693444,-0.0207728167265741,0.0586907392593522,-0.0183533836585032,0.0001839210885366,0.0489295163282983,-0.5614295476329176,0.01233226978018286,0.010506202148339971,-0.02468954877627627,0.0011958472163015738
1660869489959289,-0.9823758297093156,-0.0707408255130848,0.0380254825665673,-0.0195341163524113,0.0578113035481263,-0.0187323243225756,0.0005310364125982,0.0493926252995782,-0.5614798935567018,0.011912289259325026,0.012202205874911387,-0.027384246908490756,-0.0006815768278279691
1660869489975269,-0.9889677271686884,-0.076356145571069,0.0399786373693444,-0.0179841524277799,0.0567051654038355,-0.0190838274172941,0.0008693585411092,0.049848719930199,-0.5615095723931612,0.011466309733518842,0.005049277573984656,-0.029699610269827453,0.0011444201774542181
1660869489991249,-0.983962767986572,-0.0809948882276647,0.0414435034714273,-0.0161446100299412,0.0555192417721008,-0.0193598403320724,0.0011964337272078,0.0502977314134172,-0.5615138203719974,0.011014018292656011,0.00904881308049088,-0.030904517633780833,0.0023483576515834076
1660869490007228,-0.9816433966582744,-0.0828259708552683,0.0447394522011137,-0.0140838777305082,0.0544177907958989,-0.0195210545158626,0.0015116123121022,0.0507406013875454,-0.5614886658823922,0.010605228472855565,0.010231365967909634,-0.029462040235245998,0.00507987574314283
1660869490023208,-0.9809109636072328,-0.0827038986800947,0.0442511635004194,-0.0119045694583835,0.0535477035494903,-0.0195422517730417,0.0018161398266166,0.051179404764997,-0.5614315539773028,0.010244676909280022,0.00986741911705602,-0.026405971254065165,0.004132428338203681
1660869490039188,-0.9870145723659114,-0.0794079499504083,0.0431525139238573,-0.0097274158666812,0.0530097403902076,-0.0194024449583984,0.0021127905021866,0.0516162469264354,-0.5613418322455462,0.009956589965566726,0.003387429322539659,-0.020799020271940888,0.0027304008854774214
1660869490055168,-0.9904325932707714,-0.0709849698634319,0.0482795452811473,-0.0076737642614376,0.0528441699358827,-0.0190858148539641,0.0024051664840331,0.0520528552354684,-0.5612208974697468,0.009835451383873983,-2.7532424088261287e-05,-0.011138436166468042,0.00707168901849068
1660869490071148,-0.983718623636225,-0.0697642481116962,0.0513313496604865,-0.0058490254133587,0.0530211978162419,-0.0185916175658406,0.0026968747061348,0.0524921691232453,-0.5610718698950976,0.009772030553663979,0.0060177934894123375,-0.008925942973259098,0.009111144058046888
1660869490087127,-0.9843289845120928,-0.070374608987564,0.0508430609597923,-0.0043296873190397,0.0534415024145051,-0.0179377941583343,0.0029906952336185,0.0529388350005745,-0.5608991115716806,0.009707243268046284,0.0048666893521900345,-0.008582673464214208,0.007760569821617422
1660869490103107,-0.9887235828183414,-0.0781872281986726,0.0501106279087508,-0.0031549458829653,0.0539617840226916,-0.0171621439593274,0.0032879493660674,0.0533969503225382,-0.5607078325213379,0.009539925421793905,0.000424881941347377,-0.014755763407790529,0.006325323093518333
1660869490119087,-0.9950713359273672,-0.0833142595559626,0.0575570305943387,-0.0023230777360163,0.0544365141634468,-0.016326002214249,0.0035883532442264,0.0538681463989711,-0.5605035976287641,0.009367352455592531,-0.005330584050910581,-0.01789451528857247,0.012394553201195604
1660869490135067,-0.9956816968032348,-0.0844129091325247,0.0575570305943387,-0.0017930929690915,0.0547494018541192,-0.0155108413904735,0.0038903796507773,0.0543517138309122,-0.5602916575191651,0.009206688751231012,-0.005346850434100436,-0.017093848378621115,0.011155097881076041
1660869490151046,-0.9961699855039292,-0.0877088578622111,0.0551155870908672,-0.0014919269930947,0.0548272561919738,-0.0148041204111615,0.0041918635216106,0.0548449840332691,-0.5600763532947615,0.009011173575610381,-0.0052516252213153924,-0.018350817397476765,0.007842288939844094
1660869490167026,-0.9936064698252842,-0.0907606622415504,0.0519417105363544,-0.0013263435881882,0.0546495061341504,-0.0142817704165116,0.0044906427210296,0.0553435992127979,-0.5598607135733702,0.00878368958444243,-0.0024192985884032847,-0.019262359599134457,0.004201571146798158
1660869490183006,-0.9944609750514992,-0.0930800335698482,0.0502327000839244,-0.0011975721522696,0.0542545836196852,-0.013991014666657,0.0047851702179084,0.0558428459704492,-0.5596461908522216,0.008541505704548315,-0.002946423433156431,-0.019423557834689048,0.0022433046249313443
1660869490198986,-0.9944609750514992,-0.0939345387960632,0.048645761806668,-0.0010156708304359,0.0537308152066116,-0.0139389891383076,0.0050749932115747,0.0563391090075823,-0.5594326339081781,0.008304586047599316,-0.0026517810898407657,-0.01825025675481365,0.0005907297129074535
1660869490214965,-0.9929961089494164,-0.0946669718471047,0.0508430609597923,-0.0007107172032151,0.0531919559129098,-0.014099175354689,0.0053609799819743,0.056829806307915,-0.5592186013097502,0.008106758840979167,-0.0010682234889820563,-0.017084420825269633,0.0025092259794285768
1660869490230945,-0.9932402532997636,-0.0967421988250554,0.0554818036163879,-0.0002397386270267,0.0527488386618255,-0.0144322094948523,0.00564528993107,0.057312521716157,-0.5590018626892942,0.007950423895438824,-0.0011811310553964116,-0.017243683022898304,0.006433171772421767
1660869490246925,-0.9918974593728542,-0.0966201266498818,0.0573128862439915,0.000410122906305,0.0524833599183039,-0.0148998481414385,0.005931106218207,0.0577850268404568,-0.5587798518256196,0.00783650165474879,0.00014549658436158186,-0.015409449762952235,0.007437828960022826
1660869490262905,-0.9899443045700772,-0.0961318379491875,0.0552376592660408,0.0012221346996248,0.0524282118580853,-0.015466030276375,0.0062221079680254,0.0582461383916815,-0.5585500283691286,0.007728517822061139,0.001888786248424812,-0.013429044956032143,0.004826341783864915
1660869490278869,-0.9866483558403908,-0.0951552605477989,0.0531624322880901,0.0021547130017641,0.0525587274129834,-0.016096803202564,0.0065217495655854,0.0586958474199869,-0.5583102540253202,0.00763036923151835,0.004666261480300138,-0.011207220799179185,0.002476003325322794
1660869490294849,-0.9865262836652172,-0.0941786831464104,0.0568245975432972,0.0031498105209914,0.0527994526100923,-0.0167593158454853,0.006832524638944,0.0591341155056644,-0.5580591962768211,0.007592143917251205,0.004309500289926271,-0.009207579058011617,0.005524351722476908
1660869490310829,-0.9883573662928208,-0.0960097657740139,0.0596322575722894,0.0041434368112797,0.0530396541084763,-0.0174150889426735,0.007155351962583,0.0595597305957229,-0.5577965919086607,0.007568785693270114,0.0022305758960904365,-0.009934795517053618,0.007498810576322186
1660869490326809,-0.9903105210955978,-0.102845807583734,0.0599984740978101,0.0050768840123045,0.0531522721064723,-0.0180188464032374,0.0074891683394214,0.0599706083008405,-0.5575232116547097,0.007486775884267278,0.00024967898398209343,-0.015093753594096343,0.007078524391658604
1660869490342788,-0.9918974593728542,-0.1063859006637675,0.0640268558785379,0.0059066245207472,0.053018371675697,-0.0185321614935913,0.0078308718860832,0.0603650063889828,-0.5572405697293729,0.007429095939742719,-0.0012035333639469625,-0.01677046200671685,0.009996215555147764
1660869490358768,-0.9922636758983748,-0.1055313954375525,0.0654917219806208,0.0066103099706878,0.0525544490785354,-0.0189397840417691,0.0081757435757013,0.0607420486419921,-0.556950573343443,0.00741162108370072,-0.00141277490052083,-0.014324361102451652,0.01031497349150759
1660869490374748,-0.98970016021973,-0.1062638284885939,0.0651255054551001,0.0071875718586501,0.051728659587615,-0.0192490697015089,0.0085182332421733,0.0611011704222833,-0.5566552347291053,0.007398831658642117,0.0010356667003116327,-0.013551114738143757,0.008953881269388196
1660869490390728,-0.9887235828183414,-0.1120012207217518,0.0621957732509343,0.0076563871313138,0.050562801119241,-0.0194707886466484,0.0088527926136519,0.0614417507332779,-0.5563564102861028,0.007316402659926038,0.0018110196915301913,-0.01735965627417148,0.005421734158700155
1660869490406707,-0.9859159227893493,-0.1183489738307775,0.0684214541847865,0.0080472164613315,0.0491323979249353,-0.0196068424092388,0.0091745967683328,0.0617634220697267,-0.5560555703928791,0.007286063441942436,0.004156811748470046,-0.021336668444877457,0.010482673583297124
1660869490422687,-0.9901884489204242,-0.1240863660639353,0.0715953307392993,0.0083969370118716,0.0475621986247505,-0.0196645875127917,0.0094802432254043,0.0620661929141072,-0.5557536813439264,0.007270550076840334,-0.00010414294434446525,-0.024366654610231728,0.012290895124028936
1660869490438667,-0.9936064698252842,-0.1245746547646296,0.0739147020675972,0.0087424662818717,0.04600040907532,-0.0196753128477273,0.009768372693476,0.0623504806449157,-0.5554511603290618,0.007300381113375187,-0.0031699474642840064,-0.022369448979833423,0.013149239807094155
1660869490454647,-0.9988555733577478,-0.1204242008087282,0.0675669489585715,0.0091129317732072,0.0445772165057001,-0.0196866776517733,0.0100398678337259,0.0626174172536813,-0.5551478788221036,0.007276085789918076,-0.007577145897072812,-0.016397095521538826,0.006121338028261612
1660869490470626,-0.9894560158693828,-0.1145647364003968,0.0642710002288851,0.0095215846190353,0.0433714828968444,-0.0197394408883488,0.0102974108274024,0.0628683923114602,-0.5548433636470234,0.0072627051779415785,0.001640170432162913,-0.009483868001886678,0.0025428503687176876
1660869490486606,-0.9800564583810178,-0.1102922102693218,0.0650034332799265,0.0099609593037902,0.0423967163892647,-0.0198543142015151,0.0105445675206069,0.0631037745066766,-0.5545371958644356,0.007300088045622049,0.00993575512847511,-0.0046902076837305046,0.002947755077783179
1660869490502586,-0.9878690775921264,-0.1072404058899825,0.0697642481116957,0.0104036415249474,0.0416075458867062,-0.0200300188066598,0.0107847589716218,0.0633225353323805,-0.5542293560288228,0.007400101839512563,0.0019108223256298906,-0.0014745629739520844,0.0069377129185971415
1660869490518566,-0.99311818112459,-0.1079728389410239,0.0703746089875636,0.0108085400411046,0.0409258207645476,-0.0202419482992099,0.0110204455458672,0.0635232265431521,-0.5539203845804863,0.007485730662545485,-0.0030044530861504937,-0.0019862964224941354,0.0067932664150185396
1660869490534546,-0.9920195315480278,-0.1143205920500496,0.06854352635996,0.011131286076115,0.0402713452071005,-0.0204452101820749,0.0112527114831768,0.0637050538362863,-0.5536114193563985,0.007512700374038577,-0.0017152231586294864,-0.007500644578367854,0.004465965408673445
1660869490550525,-0.9912870984969864,-0.1239642938887617,0.0672007324330508,0.0113361388214442,0.0395804855278792,-0.0205911906014495,0.0114812695883601,0.0638683120774158,-0.5533041284668136,0.007483518198971025,-0.0008845110968292991,-0.015429911775371966,0.0028108543335878255
1660869490566505,-0.9905546654459448,-0.1298237582970931,0.0700083924620429,0.0114052395170826,0.038815922823869,-0.020649369603953,0.0117048157734609,0.064014260652203,-0.5530005179146165,0.007484939621602053,-0.00013687024120889735,-0.019160438565333032,0.005056662926321939
1660869490582485,-0.9954375524528878,-0.1288471808957046,0.0704966811627372,0.0113419056576944,0.0379741294006796,-0.0206164932279229,0.011921626802929,0.0641444916741892,-0.5527026786709797,0.00749932626432683,-0.004517781523336595,-0.01636547504755008,0.004990456464314619
1660869490598449,-0.9943389028763256,-0.1237201495384146,0.0689097428854808,0.0111681206150995,0.0370814658501145,-0.0205120590193665,0.0121302013788317,0.0642600994286319,-0.5524125481574468,0.007512746538823038,-0.0030772187520970995,-0.010114599321234083,0.0030631663683523824
1660869490614429,-0.9929961089494164,-0.1185931181811246,0.0714732585641257,0.0109185973771034,0.0361712996338125,-0.0203715040786346,0.0123296703721437,0.0643614166038351,-0.5521316755337999,0.007577933809915391,-0.0015609823426689928,-0.004488811167549664,0.005064013842297557
1660869490630409,-0.9922636758983748,-0.1170061799038682,0.0692759594110015,0.010633148077685,0.0352563055348399,-0.0202377255009677,0.0125197955148858,0.0644485024952843,-0.5518610030630208,0.007610831794541267,-0.0007456943624646328,-0.002611685601263944,0.002580043220256012
1660869490646389,-0.9923857480735484,-0.116762035553521,0.0681773098344393,0.0103484443940707,0.0343201497807886,-0.0201480596899542,0.0127006326330626,0.0645213462310128,-0.5516008050858233,0.007625501903673352,-0.0007809898838743168,-0.0021307871258250816,0.0013332542793244306
1660869490662368,-0.9966582742046236,-0.1183489738307775,0.0682993820096129,0.0100910981797957,0.0333313334059691,-0.0201266186393614,0.012872150470084,0.0645790620270129,-0.5513508760527108,0.007631963891642596,-0.004548164413454514,-0.0033459528627734214,0.0013097938090482347
1660869490678348,-0.9928740367742428,-0.1245746547646296,0.0652475776302736,0.0098738339681036,0.0322584839235573,-0.02018864325984,0.0130340381163089,0.0646192965239152,-0.5511107972702789,0.007587972740322966,-0.0006875342847663113,-0.008614470416962977,-0.001567809513261964
1660869490694328,-0.9898222323949036,-0.1328755626764324,0.06854352635996,0.0096944483554614,0.0310778685188924,-0.0203454403403955,0.0131857075680707,0.0646390201266604,-0.5508800943129597,0.007589189066452396,0.0021278430851155994,-0.015223840495889221,0.0015553252947820007
1660869490710308,-0.99482719157702,-0.1328755626764324,0.0664682993820093,0.009536334377919,0.0297816176882566,-0.0205986691888509,0.0133264021782569,0.064635354907113,-0.5506584013742231,0.007561224417797305,-0.002589404487300717,-0.013701456446300303,-0.0004679115148518431
1660869490726287,-0.9944609750514992,-0.132143129625391,0.0634164950026701,0.0093708310210064,0.0283843469591133,-0.0209307187542896,0.0134553465935913,0.0646052619745632,-0.5504457455164176,0.007498650049980376,-0.0020008691656019373,-0.011672121055732995,-0.00316774430477193
1660869490742267,-0.9912870984969864,-0.1303120469977874,0.0641489280537115,0.0091624649386734,0.0269193261756704,-0.0213047243225019,0.0135718775996319,0.0645456351920959,-0.5502427344453183,0.007460862870791108,0.0010557066500197498,-0.008856934585316459,-0.0021917801283574817
1660869490758247,-0.9912870984969864,-0.1292133974212253,0.0641489280537115,0.0088766592378114,0.0254297033274271,-0.0216729125138541,0.0136755210795507,0.0644545828864494,-0.5500504984395993,0.007429241471331671,0.0009501359850176971,-0.006982456507878931,-0.001972602115521735
1660869490774227,-0.9916533150225072,-0.127870603494316,0.0650034332799265,0.0084883203015425,0.0239609300272713,-0.0219807289904348,0.0137660056015567,0.0643322220932383,-0.5498705386654542,0.007413925393700474,0.0005255275135471749,-0.005075696322872664,-0.0010062872003760714
1660869490790207,-0.9958037689784084,-0.1283588921950103,0.0667124437323565,0.0079901826598205,0.022551341835343,-0.0221688224696365,0.0138431827332881,0.0641807798465872,-0.5497045043228735,0.00742067075185046,-0.0032624337981186358,-0.00500758652121025,0.000632450926848549
1660869490806186,-0.9962920576791028,-0.1283588921950103,0.0657358663309679,0.0073994493125244,0.0212255976849206,-0.022186175270207,0.0139068971111086,0.064004972480772,-0.5495538015244836,0.007413280875225555,-0.0033756502489317164,-0.004506827869089222,-0.00030971382708605555
1660869490822166,-0.9969024185549706,-0.1309224078736553,0.0690318150606543,0.0067599792123051,0.0199992202453655,-0.0220082322965712,0.013956967551496,0.0638103611253083,-0.5494193290497104,0.0074557251173445315,-0.0035874100123196584,-0.006363309192960825,0.002687611412340307
1660869490838146,-0.9977569237811856,-0.1294575417715724,0.0679331654840922,0.0061382106412741,0.0188865505291093,-0.0216410076385519,0.0139933436724929,0.0635985883539762,-0.5493015578058695,0.007477980219305864,-0.003997723714681212,-0.004408598781790146,0.0014300656522003852
1660869490854126,-0.9934843976501108,-0.1283588921950103,0.0669565880827036,0.0056138271473863,0.0179009567602129,-0.0211120996032346,0.0140162995743835,0.06336651386994,-0.5492002952536843,0.007487194970586049,0.0002473221747543164,-0.0029789542847052375,0.00040813942573061923
1660869490870105,-0.9894560158693828,-0.1328755626764324,0.0663462272068358,0.0052674810551235,0.017053175305936,-0.0204638872810476,0.014026554353688,0.0631125393056303,-0.5491138488417557,0.007494620492601934,0.003848133559933964,-0.006746062289514632,-0.0001819993051234564
1660869490886085,-0.9867704280155642,-0.1370260166323338,0.0689097428854808,0.0051675684894293,0.0163563935736706,-0.0197516837771509,0.0140253817877854,0.0628388573248411,-0.5490388509370713,0.007547675022863952,0.005880349272377239,-0.009806864620874406,0.002143364736169384
1660869490902065,-0.9875028610666056,-0.1358052948805981,0.0684214541847865,0.005357981381784,0.0158292230739458,-0.0190396904730465,0.0140147523278299,0.062545857053576,-0.5489711498502864,0.007589273725285873,0.004633124599202287,-0.007727528582224835,0.0014895684319275876
1660869490918060,-0.992507820248722,-0.1282368200198367,0.0663462272068358,0.005848511974592,0.0154840679657738,-0.0183911935340757,0.0139973597855227,0.0622329221392106,-0.5489061836850712,0.007580714701578255,-0.0003346511246227202,-0.00014314834931708487,-0.0005270926914207885
1660869490934040,-0.9892118715190356,-0.1223773556115053,0.0645151445792322,0.0066086314035514,0.0153079147119316,-0.0178513776848781,0.0139763264583009,0.0619053057104986,-0.5488388360764869,0.007542399704192944,0.0026651678445573923,0.005144684453112877,-0.0021223577871219562
1660869490950019,-0.985671778439002,-0.1199359121080339,0.0636606393530172,0.0075655481873085,0.0152548435077258,-0.0174276233429014,0.0139545757636734,0.0615709367870332,-0.548764468942098,0.007498689891997658,0.0055847348321319545,0.006827515160925848,-0.0026791767120032534
1660869490965999,-0.9827420462348364,-0.1222552834363317,0.0636606393530172,0.0086088901449833,0.0152577600280879,-0.0170835530067983,0.0139341316204006,0.0612323444521277,-0.5486804676643012,0.007468877476998164,0.007663020332667747,0.004057329449365252,-0.0024112590408029294
1660869490981979,-0.9807888914320592,-0.1279926756694896,0.0601205462729836,0.0096037828931605,0.0152506077404654,-0.0167522654415981,0.0139156820261847,0.0608878110699327,-0.5485866507382142,0.007403689704262812,0.008654557621900483,-0.0015120565054133894,-0.005356216908752882
1660869490997959,-0.9817654688334478,-0.1316548409246967,0.0607309071488515,0.0104110862627445,0.0151889863195922,-0.0163532140019596,0.0138985596815744,0.0605355804633541,-0.5484850871207112,0.007358610470485311,0.006910182198460624,-0.0046567995845584464,-0.004271270429596477
1660869491013939,-0.9875028610666056,-0.1365377279316395,0.0619516289005872,0.0109113567790355,0.0150599071658425,-0.0158054637909286,0.0138810534441218,0.0601751171979671,-0.5483798713068,0.00733145159840131,0.001055510968772544,-0.008585717932351133,-0.0027454938100747034
1660869491029918,-0.994216830701152,-0.1401998931868467,0.0632944228274965,0.0110279944160884,0.0148755350477942,-0.0150451734219914,0.0138608668501347,0.0598091672675516,-0.5482764203215587,0.007320334163410123,-0.005092612799196483,-0.011023094868802485,-0.0012624298948488571
1660869491045898,-0.99653620202945,-0.1373922331578545,0.0647592889295793,0.0107437778904435,0.0146573311538769,-0.0140425511811691,0.0138355611007594,0.0594430255429971,-0.5481807165726865,0.007324903076445126,-0.006670785714745109,-0.0073938913558292685,0.00018219258651054615
1660869491061878,-0.9934843976501108,-0.1344625009536888,0.0650034332799265,0.0101059051923666,0.0144271149176983,-0.0128057366686084,0.0138029095953269,0.0590801093693541,-0.5480987330767803,0.007334028595955946,-0.0032570832018652407,-0.004017743236497201,0.0003837032431719678
1660869491077858,-0.99653620202945,-0.123598077363241,0.0662241550316622,0.0092187788741055,0.0142073432887693,-0.0113764553539003,0.0137611906426695,0.0587218917798646,-0.548035411122457,0.007331296388717355,-0.005677998823084063,0.0061620123185555375,0.0014439824954168984
1660869491093837,-0.9981231403067063,-0.1267719539177539,0.0703746089875636,0.008227351509659,0.0140092166147948,-0.0098286488501315,0.0137093768984029,0.0583708284725448,-0.5479935240670354,0.007393770327556101,-0.006538443390306403,0.002689322187638371,0.005034992806186481
1660869491109817,-0.9970244907301442,-0.1405661097123674,0.0684214541847865,0.0072941147496237,0.0138071850226303,-0.0082684604341845,0.013647060309382,0.0580294806630549,-0.547973242506961,0.007453692532868774,-0.0048958144323698605,-0.009994350246277622,0.0027736542030684375
1660869491125797,-0.9944609750514992,-0.1502098115510795,0.0651255054551001,0.0065720061579491,0.0135402172868144,-0.0068264585541693,0.0135741781268097,0.0576985782709964,-0.5479722016541024,0.007492873510946325,-0.002099068878352428,-0.017674246876490718,-0.00047006507395616626
1660869491141777,-0.9912870984969864,-0.1415426871137559,0.0623178454261079,0.00617687785763,0.0131515886458229,-0.0056332224285256,0.0134908946492047,0.0573772990042443,-0.5479858179679007,0.0074742379117120296,0.0009673269085442859,-0.008106410195250408,-0.0029499525926535222
1660869491157756,-0.9865262836652172,-0.1305561913481346,0.0538948653391315,0.0061655457542061,0.0126166955484045,-0.0047829191107803,0.0133977080126723,0.0570629810769922,-0.5480081284259398,0.007313415493969886,0.005155327566282009,0.0025920770133338045,-0.010235639411666927
1660869491173736,-0.98457312886244,-0.130434119172961,0.049500267032883,0.0065248403786121,0.0119335552642185,-0.0043131569159001,0.0132954576241767,0.0567504465623442,-0.5480329736831626,0.007111054925779591,0.006397634132153329,0.00244273426965666,-0.013167213946123885
1660869491189716,-0.9865262836652172,-0.1395895323109788,0.0513313496604865,0.0071730032566648,0.011109721263545,-0.0042171157436357,0.013185143090106,0.0564335761330547,-0.5480550277492046,0.006981691663334213,0.004000031396438453,-0.006041410981525025,-0.010202518186668348
1660869491205696,-0.9851834897383078,-0.1485008010986495,0.0481574731059737,0.0079711675723195,0.0101602286026458,-0.0044622113846815,0.013067761454361,0.0561075680672825,-0.548070635325077,0.006859603884070838,0.00480854279101306,-0.013457411792276164,-0.01203875526706303
1660869491221675,-0.9860379949645228,-0.1475242236972609,0.0487678339818415,0.008742264167924,0.0090978102396232,-0.0049942337763353,0.0129441536279476,0.0557692376534222,-0.5480785822946626,0.006761472711596138,0.0035586338083182234,-0.01123275095179882,-0.010285554952075705
1660869491237640,-0.9923857480735484,-0.1458152132448309,0.0504768444342715,0.0092955324439101,0.0079162688471164,-0.0057427896055034,0.0128147061320674,0.0554158405815795,-0.5480806430421893,0.0066813482246602055,-0.0025102073706365635,-0.008571366449431933,-0.00771889004968114
1660869491253620,-0.9954375524528878,-0.1431296253910124,0.0534065766384372,0.0094542538445315,0.0065802812697911,-0.0066342812389038,0.0126789406297471,0.0550443262540634,-0.5480816411508687,0.006633349854886993,-0.005005810574978287,-0.005297200736052082,-0.0043102420609638994
1660869491269600,-0.9903105210955978,-0.1409323262378881,0.0510872053101394,0.0090837697682398,0.0050232492376655,-0.0075957797692917,0.0125350852346724,0.0546518521531686,-0.5480889276424893,0.006559739035353049,0.00010909870408049027,-0.002789911424635,-0.005966652050335537
1660869491285579,-0.9893339436942092,-0.1421530479896238,0.0507209887846187,0.0081173300955547,0.0031643886095476,-0.0085543447414327,0.0123797619478433,0.054236384876943,-0.5481114274073293,0.006497513934052019,0.0009771084949221631,-0.0036095698587336467,-0.005699581718270612
1660869491301559,-0.9927519645990692,-0.1422751201647974,0.0342412451361866,0.00657539296227,0.0009646657427552,-0.0094377400675256,0.0122081799966166,0.0537962714816802,-0.5481584499493671,0.006218716939686751,-0.002196821168944041,-0.0033584778305165153,-0.01996139283003244
1660869491317539,-1.009964141298543,-0.136415655756466,0.0352178225375752,0.0045723972094868,-0.0015053723388762,-0.0101558936830951,0.0120151152094848,0.053330318019753,-0.54823829935928,0.005921608281846885,-0.01746809808157601,0.0022508879200334175,-0.01708633388577946
1660869491333519,-1.017288471808957,-0.1393453879606317,0.0464484626535437,0.0023104281675607,-0.0040603345859869,-0.0105929177750841,0.0117962896742786,0.0528395864997385,-0.5483567652114216,0.005823851424462584,-0.022313185732791063,-0.0006109598557190732,-0.005270124392829867
1660869491349498,-1.0050812542916,-0.1498435950255588,0.0758678568703743,6.001405120277872e-05,-0.0064616278548244,-0.0106724089182564,0.0115495901782485,0.0523286680058473,-0.5485158113140859,0.006202742171812321,-0.009095371393890606,-0.009998250228581557,0.02173434284160066
1660869491365478,-1.012527656977188,-0.165712977798123,0.0447394522011137,-0.0018808256313395,-0.0084460973623953,-0.0104238470204214,0.0112761881975931,0.0518049150001431,-0.5487128167967092,0.0062429939381459364,-0.014887596671530723,-0.02328086970103116,-0.008454655644893942
1660869491381458,-0.9971465629053178,-0.1642481116960401,0.0363164721141373,-0.0032483819855445,-0.0096981861896088,-0.0099407779446169,0.0109817530568457,0.0512772956006114,-0.5489406564868944,0.006183868104552322,0.0004441476603055383,-0.01963440323905341,-0.01518987215868331
1660869491397438,-0.9809109636072328,-0.1685206378271151,0.0581673914702065,-0.0038692591297962,-0.0098896514687734,-0.009334863323993,0.0106772322554886,0.0507556773153259,-0.5491887335000932,0.006446839715508148,0.015011772262551348,-0.021516236433115565,0.0059949424776473
1660869491413417,-0.98970016021973,-0.1160296025024796,0.0645151445792322,-0.0036898552474133,-0.008837648216945,-0.0087863251600463,0.0103782799553009,0.0502499930341618,-0.5494446322602046,0.006370705933348848,0.005600318085048794,0.02787731900236795,0.0111084260280057
1660869491429397,-0.988845654993515,-0.0691538872358283,0.0270389868009459,-0.0027854945547712,-0.0066357245312252,-0.0085319987677767,0.0101028371622049,0.0497690314032204,-0.5496959911910824,0.005573351354438053,0.005809340980137412,0.06727773084211733,-0.023730958575252536
1660869491445377,-0.9739528496223392,-0.0879530022125583,0.032410162508583,-0.0013518378271895,-0.0036189324662145,-0.0087248134671911,0.0098674364372577,0.0493179775393052,-0.5499325498074216,0.005130603823110004,0.018631931716181938,0.043630754278848605,-0.01652380458085389
1660869491461357,-0.9853055619134814,-0.1057755397878997,0.0303349355306323,0.0003328243817237,-0.0002278248206718,-0.0093603825447011,0.009683834718308,0.0488961836803563,-0.5501479872108025,0.00480115109901022,0.0065512974825356896,0.023227395033156475,-0.016739128402924134
1660869491477337,-0.971511406118868,-0.1188372625314718,0.0195925841153581,0.001969466671676,0.0030767648812951,-0.0103258927413182,0.0095570802281739,0.0484988583108972,-0.5503407126997932,0.004443755117018673,0.01831090794943424,0.009149105060625953,-0.0247333318363785
1660869491493316,-0.99311818112459,-0.1337300679026474,0.0327763790341038,0.0033020524223896,0.0058415652347558,-0.0114521324331371,0.009484765631872,0.0481207805664078,-0.5505134639175293,0.004289997560750559,-0.002966280350659045,-0.005169330279494677,-0.010394583225869523
1660869491509296,-0.9989776455329212,-0.1220111390859846,0.0322880903334095,0.0041676110054164,0.0076889026148011,-0.0125634412647397,0.0094573525361896,0.0477570975238614,-0.5506722204966423,0.0040952180735712995,-0.007943170283091217,0.005894638683451303,-0.009794584733907437
1660869491525276,-0.9971465629053178,-0.1173723964293889,0.0177615014877545,0.0045225214683912,0.0084096031578118,-0.0135336885296059,0.009460033926941,0.0474021841863099,-0.550824658863881,0.0037131689502691695,-0.005500878889938998,0.009480043206042288,-0.021889056221606192
1660869491541256,-0.9899443045700772,-0.134706645304036,0.0225223163195238,0.0044383373647051,0.0079815421195246,-0.0142845328829548,0.0094755851349924,0.047049819142661,-0.5509783216700085,0.0035023553308523754,0.0015312415007714408,-0.007068785101744329,-0.015415417250853203
1660869491557220,-1.003006027313649,-0.1519188220035095,0.0264286259250781,0.0040741556974112,0.0065208955624435,-0.0147639846102427,0.0094869125802942,0.0466945915454868,-0.5511389432202501,0.003407422293795764,-0.01037743311852024,-0.021852865621096035,-0.010358196880769013
1660869491573200,-1.000442511635004,-0.1401998931868467,0.0380254825665673,0.0036362603358656,0.004241708531747,-0.0149698963948608,0.0094789928727583,0.0463331356488177,-0.5513093050630248,0.0034568168772463642,-0.007032525695887748,-0.00912054312398991,0.0011147937846481687
1660869491589180,-0.9883573662928208,-0.1267719539177539,0.0277714198519873,0.003331090922451,0.0014257864219522,-0.014959209468231,0.0094404543774661,0.045963605675862,-0.551488893159396,0.003323674534008168,0.004547357681665809,0.0038766565305926037,-0.00822534203693865
1660869491605159,-0.9916533150225072,-0.1238422217135882,0.0294804303044173,0.0033210871218412,-0.0016188966205298,-0.0148060251721408,0.0093645317074081,0.0455835847726797,-0.551674402345215,0.003206102261984817,0.0011262680567815098,0.006125749861282462,-0.005864698426057788
1660869491621139,-0.99824521248188,-0.1271381704432746,0.0140993362325474,0.0036948408100597,-0.004586935651737,-0.0145675259627208,0.0092492294444806,0.0451900361226332,-0.5518606848921217,0.002896471284413075,-0.0049190664623322,0.0025468210184364515,-0.01912121324813492
1660869491637119,-0.9767605096513314,-0.1242084382391089,0.0061646448462653,0.0044574924301612,-0.0071957826776683,-0.0142755310295804,0.0090969766480546,0.0447823696805229,-0.5520417777785204,0.00256607886097818,0.014909072731394746,0.004928897900341955,-0.02435031417097532
1660869491653099,-0.9770046540016786,-0.1272602426184481,0.0106813153276874,0.005541429290367,-0.0092307947105501,-0.013930105388325,0.0089137698620389,0.044364300360363,-0.552212011545596,0.002378216707754719,0.013198435542942866,0.0016893841689024913,-0.0178502793205979
1660869491669078,-0.9804226749065386,-0.1162737468528268,0.0219119554436559,0.0068315911936325,-0.0105861981336552,-0.0135109433975123,0.0087077405772777,0.0439421799417841,-0.5523670801449861,0.002292705584890502,0.00880237317427457,0.011408291941071416,-0.005957675284166457
1660869491685058,-0.99482719157702,-0.1160296025024796,0.0357061112382695,0.0081959580222785,-0.0112653946384823,-0.0130102471142001,0.0084876140543864,0.0435228355399155,-0.5525046622278033,0.0023046204481012994,-0.005041929146586188,0.010487192662276767,0.007052832459402428
1660869491701038,-0.999343862058442,-0.0932021057450218,0.0380254825665673,0.0095124151540851,-0.0113702471195357,-0.0124482996914083,0.0082614341360716,0.0431128949059242,-0.5526244436519425,0.002301711397618606,-0.008602739665207304,0.0299832204777611,0.008434983408930202
1660869491717018,-0.9955596246280614,-0.0773327229724576,0.030701152056153,0.0106858817019803,-0.0110896961991684,-0.0118576076044325,0.0080354399388933,0.0427176951325374,-0.5527278280372302,0.0023582237554705837,-0.004336652011344144,0.04126734292529277,0.000999587608664313
1660869491732998,-0.9877470054169528,-0.0836804760814833,0.0210574502174409,0.0116544035230572,-0.0106526607008322,-0.0112597317771642,0.0078131914129222,0.0423394861039559,-0.5528175529045951,0.0024363744120808476,0.0031283704797879786,0.031427630834640355,-0.007779702807043008
1660869491748977,-0.9917753871976808,-0.0950331883726254,0.0140993362325474,0.0123883997989512,-0.0102595631348007,-0.0106541193336059,0.0075953579760615,0.041977546991101,-0.5528971686327372,0.002407373565123493,-0.0008100101708459206,0.01806742668914843,-0.013264035112742855
1660869491764957,-0.9893339436942092,-0.0999160753795682,0.0169069962615395,0.0128884938771972,-0.0100410834790533,-0.0100215775522956,0.0073802362193801,0.0416298054139061,-0.5529704653444646,0.0024202485510719605,0.0014682899993631038,0.011866085713985064,-0.00941073757537568
1660869491780937,-0.988845654993515,-0.0999160753795682,0.018493934538796,0.0131841658864095,-0.0100481177578467,-0.0093348775344325,0.0071646789870267,0.0412934741754876,-0.5530410114280759,0.0024693273437357594,0.0017609208300516377,0.01067947714258656,-0.00704141936830726
1660869491796917,-0.9955596246280614,-0.0912489509422447,0.0330205233844509,0.0133324042274188,-0.0102572309512633,-0.0085677087282742,0.0069451343127998,0.040966802603947,-0.5531116222837791,0.0027131618096427152,-0.004457743924045299,0.01741194142191907,0.006736652529612874
1660869491812896,-1.001052872510872,-0.0864881361104754,0.0314335851071945,0.0134143614419016,-0.010592965312957,-0.0077018479958476,0.0067185564647389,0.0406534007619479,-0.5531836643430741,0.00296389359500711,-0.00895589262617047,0.019955480628319533,0.004634742827120834
1660869491828876,-1.002761882963302,-0.0795300221255819,0.0297245746547645,0.013527359361206,-0.0109611853414056,-0.0067327583641279,0.0064829825337144,0.0403621892794271,-0.5532567559897796,0.003271490718527797,-0.009598412770740361,0.024222235151891744,0.0026331591372217474
1660869491844856,-0.9984893568322272,-0.0747692072938126,0.0242313267719538,0.0137707164307696,-0.0112772681242238,-0.0056701749336454,0.0062377075470261,0.0401006417652737,-0.5533291095302526,0.0035939446388339787,-0.00479329797569894,0.026084744985294936,-0.002574079871030057
1660869491860836,-0.99482719157702,-0.0845349813076983,0.0188601510643167,0.0142273866269557,-0.0114826744768915,-0.0045348143615962,0.0059831387850024,0.0398729729136347,-0.5533977479794736,0.00374673922582805,-0.0010180194484425975,0.014687073874268305,-0.007150730020800442
1660869491876831,-0.9900663767452508,-0.0924696726939804,0.0243533989471274,0.014946206081722,-0.0115514499773742,-0.0033529737697163,0.0057204556067344,0.0396853314522868,-0.5534585024508974,0.003829814255696541,0.00336851584499398,0.006077144239187593,-0.0014917339241907676
1660869491892810,-0.98970016021973,-0.0897840848401618,0.0250858319981688,0.0159305409797865,-0.0114928751544827,-0.002154923961132,0.0054511779297961,0.0395431469088993,-0.5535068158577067,0.003945863459280176,0.0033612591334633013,0.00788645888370558,-0.0006833707858344314
1660869491908790,-0.9906767376211184,-0.0617074845502401,0.030701152056153,0.0171376677349652,-0.0113587423219904,-0.0009816086595215,0.00517668634073,0.0394427712348595,-0.5535390401585709,0.0044506124250101925,0.002146213558867349,0.032366753256264556,0.004438754344934792
1660869491924770,-0.98628213931487,-0.0484016174563208,0.0250858319981688,0.0184884810008355,-0.0112477822618285,0.0001235197119744,0.0048976552409182,0.0393746874689311,-0.5535528263963455,0.0050673592042751745,0.005886730678604235,0.04110535831516548,-0.001058909141744467
1660869491940750,-0.9850614175631344,-0.0453498130769816,0.0249637598229952,0.0198841581501643,-0.011282187471632,0.0011467404386824,0.0046134562711049,0.0393326963922957,-0.5535469114665096,0.0056751917949485345,0.0063967071873058945,0.03974144642505421,-0.001062883185226262
1660869491956730,-0.9898222323949036,-0.0632944228274969,0.0215457389181352,0.0212273043311271,-0.0115493460430094,0.0021101354567024,0.0043219746786213,0.0393144620504596,-0.5535212663212086,0.005959591156695595,0.0014723031199829206,0.019617153007085025,-0.0040328136810776315
1660869491972709,-0.9912870984969864,-0.0835584039063097,0.0216678110933088,0.0224431815476521,-0.0120428687167418,0.0030307088230798,0.0040203770298228,0.0393190965194468,-0.5534771295708665,0.005936132849010147,6.693316110140124e-06,-0.0005821452645549952,-0.00351966735531363
1660869491988689,-0.9972686350804914,-0.0884412909132525,0.0254520485236895,0.0234931920348727,-0.0126465768262526,0.0038902301885695,0.0037066825189669,0.039347086008761,-0.5534165809839432,0.005851247962919872,-0.005377358940655275,-0.004918529044348016,0.00023811306756036169
1660869492004669,-0.9944609750514992,-0.0769665064469369,0.0248416876478216,0.024375792187043,-0.0131707397755775,0.0046454164012266,0.0033812741479211,0.0393982000519672,-0.5533421261707638,0.005936453150034078,-0.00231272902049684,0.00590062987977083,-0.000335023027476785
1660869492020649,-0.9971465629053178,-0.0653696498054476,0.0211795223926145,0.0251157872581788,-0.013417575775745,0.005248619019511,0.0030475818193907,0.0394712738176893,-0.5532562127412969,0.006158321545999684,-0.004498485186883894,0.015747737869134124,-0.0035974694544154973
1660869492036628,-1.001907377737087,-0.0481574731059737,0.0253299763485159,0.0257458173213074,-0.0132526947430878,0.0056615345221688,0.0027116793924929,0.039567769836232,-0.553160691853054,0.006610475224981477,-0.0083333700167878,0.02966392311174721,0.0004976860513373135
1660869492052608,-1.000930800335698,-0.0338750286106659,0.0299687190051116,0.0262857265511304,-0.0126626960951169,0.0058606160493982,0.0023809115135382,0.0396908557946387,-0.5530568829259339,0.007237649240729467,-0.006621113353858954,0.03955173084634952,0.004622785837139709
1660869492068588,-0.9986114290074006,-0.0183718623636224,0.0253299763485159,0.0267260018450627,-0.01176980313634,0.0058390159043007,0.002061990725587,0.0398404794024475,-0.552946201564731,0.008011238791312896,-0.0038715678230054618,0.04954940738405372,-1.436113751039289e-05
1660869492084568,-0.9966582742046236,-0.0244754711223009,0.0191042954146638,0.0270205597026511,-0.0107913873480423,0.0056206387214459,0.0017592095595989,0.0400124381084724,-0.552830711427581,0.008609557926943099,-0.0017265717182055607,0.0391012187628377,-0.0056160378642262435
1660869492100547,-0.9940947585259784,-0.0394903486686502,0.0169069962615395,0.0270938759405076,-0.009972050534469,0.0052720006429669,0.0014732996846374,0.0402004979813007,-0.5527135053051159,0.008934462816164081,0.0007532495643957082,0.02167770709483957,-0.0070320033156154906
1660869492116527,-0.9956816968032348,-0.0507209887846187,0.0197146562905317,0.0268636299786991,-0.0095179186755481,0.0048829682774221,0.0012012460504812,0.040397561632665,-0.5525989493236874,0.009074184407359178,-0.0007503198415746981,0.009402360280983964,-0.0038019089579609602
1660869492132507,-0.9940947585259784,-0.0449835965514608,0.0197146562905317,0.0262716594495818,-0.0095445533873688,0.0045371695349475,0.0009371121270711,0.0405972761681376,-0.5524924759488513,0.00928302997151412,0.0007529565921136072,0.013625777262727672,-0.003421718062164864
1660869492148487,-1.013260090028229,-0.0393682764934766,0.0241092545967802,0.0253120131332202,-0.0100556842221046,0.0043046612028564,0.0006735207342162,0.0407957859247331,-0.5523998962183633,0.009556421386406899,-0.016571137419123305,0.017316987588640684,0.0008755922196752725
1660869492164466,-1.017410543984131,-0.0438849469748987,0.0261844815747309,0.0240470767355466,-0.0109582248273119,0.0042403433448802,0.0004032136891943,0.0409908238715475,-0.5523265452891448,0.009749934572073297,-0.0186494322375228,0.01152028539649673,0.0026557372778633764
1660869492180446,-1.019974059662776,-0.0502327000839244,0.0321660181582359,0.0226049507383559,-0.0120911168582235,0.0043700806935824,0.00012036944693,0.0411800905314795,-0.552276352185954,0.009855275843422159,-0.019091653124551078,0.004655279058723927,0.007773546475231541
1660869492196441,-1.016433966582742,-0.0379034103913937,0.0283817807278552,0.0211557328394093,-0.0132600380798629,0.0046864854427147,-0.0001784470201356,0.0413624267935814,-0.5522508936723332,0.010121397119588187,-0.013996404040065302,0.01528611187612916,0.0035903781403657554
1660869492212421,-1.015213244831006,-0.0281376363775081,0.0327763790341038,0.0198733218251519,-0.0142843181040622,0.0051642062021534,-0.0004939438742203,0.0415399305703191,-0.5522488557116935,0.010510346414264913,-0.0114981140594963,0.022546697301013285,0.00718647880195292
1660869492228401,-1.001785305561913,-0.0237430380712595,0.0289921416037231,0.018895582444331,-0.0150377127855426,0.0057696109945994,-0.0008244691893461,0.0417175556664147,-0.5522662856461767,0.01089683865653689,0.0017368426886370525,0.0242471660465357,0.003062017234414998
1660869492244381,-0.9951934081025406,-0.0172732127870602,0.029846646829938,0.0182952624747111,-0.0154648144754478,0.0064582661426661,-0.0011668023004454,0.0419008849376449,-0.5522975148476004,0.011330796512887082,0.0074958661332085175,0.027645292197661497,0.0035248702145669122
1660869492260360,-0.9944609750514992,-0.0043335622186617,0.0304570077058059,0.0180698286810683,-0.0155793045073816,0.0071792058675511,-0.001517053554553,0.04209466123555,-0.552336338321141,0.011907695155373026,0.007405469265824971,0.036526448489453994,0.0037217079813913305
1660869492276340,-0.9954375524528878,-0.0078736552986953,0.0321660181582359,0.0181526441859819,-0.0154473828138432,0.0078835873014614,-0.0018714887724972,0.0423025841335966,-0.5523771065367522,0.01238267348765454,0.005786002677992785,0.029687719868478353,0.0048876465904392
1660869492292320,-0.992507820248722,-0.0250858319981688,0.0291142137788966,0.0184412185482175,-0.0151572009489854,0.0085235066780028,-0.0022270570305591,0.0425273441865591,-0.5524155017135125,0.012557872620845198,0.007844161393942728,0.011227988852104367,0.0016522579899899102
1660869492308300,-0.9958037689784084,-0.0286259250782023,0.0350957503624016,0.0188323289240813,-0.0147883275990392,0.0090501264641035,-0.002581482961873,0.0427704402992332,-0.5524488391096751,0.012681025903277047,0.004093391397830715,0.006919106194863783,0.0068704151161454174
1660869492324279,-1.004470893415732,-0.0211795223926145,0.0297245746547645,0.0192519687538257,-0.014392474288928,0.0094233801619412,-0.0029330453837051,0.0430317756973465,-0.5524758829429084,0.01289124709350058,-0.004116359735543584,0.012928957992406422,0.0013493154676574859
1660869492340259,-1.007888914320592,-0.0093385214007781,0.0250858319981688,0.0196713469337674,-0.0139895242661588,0.009624464681533,-0.0032802837282375,0.0433089012151989,-0.552496339980948,0.013241541601830442,-0.006780942576363191,0.02229296308581854,-0.0029604844700443916
1660869492356239,-1.005691615167468,-0.0004272526131074,0.0238651102464331,0.0201058511809316,-0.0135840347056973,0.0096580204692975,-0.0036218500161272,0.0435971454432346,-0.5525101736820718,0.01368076006639507,-0.004125279080915201,0.028083808686140316,-0.0037630855996020826
1660869492372219,-1.001907377737087,0.0003051804379339,0.0266727702754252,0.0205992020392613,-0.0131930449195322,0.0095435263064603,-0.003956642142215,0.0438917018803511,-0.5525168923211338,0.014089846140737326,-0.00030693748548094035,0.025934617563463457,-0.0008598830135489871
1660869492388198,-0.9922636758983748,-0.0020141908903639,0.0282597085526816,0.0211989686711618,-0.0128579376034999,0.0093057027322064,-0.0042841392261808,0.0441888868316819,-0.5525151975038695,0.014421765895403652,0.008403087917908114,0.021253721611649092,0.0006543497373366729
1660869492404178,-0.9904325932707714,-0.0034790569924467,0.0269169146257723,0.0219321115936715,-0.0126283273367535,0.0089716950934938,-0.0046046579276782,0.0444849743154489,-0.5525031983241325,0.014697686331313176,0.009210753490960455,0.017809969958609662,-0.0006195997706153651
1660869492420158,-0.9911650263218128,-0.0025024795910582,0.0260624093995574,0.0227892141402294,-0.012537799974181,0.0085702846736386,-0.0049193147211825,0.0447763877032065,-0.5524788572188449,0.014960224542032718,0.007630488395927171,0.016907892623998347,-0.0013266944971472398
1660869492436138,-0.9966582742046236,-0.0029907682917524,0.0269169146257723,0.0237221051961123,-0.0125930519803269,0.0081253921394869,-0.0052297157873045,0.0450615406394658,-0.5524404629369142,0.015193427858652544,0.001923516461804775,0.014777643530973735,-0.0004249703438391067
1660869492452118,-0.99653620202945,0.0006713969634546,0.0231326771953916,0.0246534877081221,-0.0127727644386543,0.0076480383055029,-0.0055375057679053,0.0453400168818162,-0.5523872403657829,0.015449485047619855,0.0018410297732804892,0.01659582790756266,-0.003788286996797823
1660869492468097,-0.9980010681315328,-0.0046997787441824,0.0222781719691767,0.0254935076313399,-0.0130234289481733,0.0071354381434973,-0.0058438440221188,0.0456105775379237,-0.5523198385944863,0.01560257600092977,0.00033854730407789635,0.010102186979933096,-0.00417851300071145
1660869492484077,-0.9966582742046236,6.103608758678547e-05,0.0237430380712595,0.0261585006804679,-0.013258759483676,0.0065767304402478,-0.0061488671252964,0.0458715988172442,-0.5522403584916389,0.015810818358152588,0.0015132071078883813,0.013376701630532051,-0.0024422822087657864
1660869492500057,-0.9989776455329212,0.0093385214007781,0.0234988937209124,0.0265885634095275,-0.0133794124594108,0.0059572853883095,-0.0064513239509413,0.0461220279907476,-0.552152049063981,0.01613151003084033,-0.000725547798368309,0.02038876824935103,-0.0024177839032016
1660869492516021,-0.99824521248188,0.0098268101014724,0.0296025024795909,0.0267604298939123,-0.013303993877408,0.0052570810714685,-0.0067485727838917,0.0463615049455666,-0.5520588089072391,0.01643592068423987,6.19672740553856e-06,0.018789351255040797,0.0033172423699292138
1660869492532001,-1.005447470817121,0.0119020370794231,0.0322880903334095,0.0266918149733822,-0.0129845799143019,0.0044515315373059,-0.0070368974498872,0.0465905393015378,-0.551964530495297,0.016745495764094523,-0.006476455447051888,0.018778120409692352,0.00540254720137303
1660869492547981,-1.008987563897154,0.0217898832684824,0.0232547493705652,0.0264357120703217,-0.0124069766337136,0.0035256210833726,-0.0073119925005616,0.0468098521934475,-0.5518725225093469,0.01715427276088006,-0.009014893674376356,0.025799369938876486,-0.003267714385324142
1660869492563961,-1.007156481269551,0.0239871824216066,0.0189822232394902,0.0260669322579256,-0.0115934962169645,0.0024910472384896,-0.0075695944738397,0.0470196949534162,-0.5517851038945975,0.017548352828823107,-0.00646542994209609,0.025197002182800618,-0.006786216464759225
1660869492579940,-1.004715037766079,0.0228885328450445,0.0195925841153581,0.0256651221680175,-0.0106038372846245,0.0013854389683109,-0.0078062039371628,0.0472208281459967,-0.5517033204075178,0.0178881031954644,-0.003621587794761627,0.021688517345614666,-0.005558270030002196
1660869492595920,-1.000198367284657,0.0272831311512931,0.0206912336919202,0.0252984505032176,-0.0095260638750447,0.0002550725061785,-0.0080196789491444,0.0474147742671981,-0.5516269755111972,0.018256516017660065,0.0008055744179942259,0.023474804086676942,-0.0040136584080960845
1660869492611900,-1.000320439459831,0.0237430380712595,0.0247196154726481,0.0250118324300767,-0.0084697635722891,-0.0008632498927711,-0.0082095771467153,0.0476021487947311,-0.5515550224063793,0.018542197654221795,0.0006151520185382342,0.017941239905979005,1.3251035368630482e-05
1660869492627880,-1.000808728160525,0.0217898832684824,0.0291142137788966,0.0248222271394953,-0.0075621598084188,-0.0019544216989792,-0.0083773023138142,0.0477822012663306,-0.5514859814837254,0.01877651915573624,0.00011417698605997728,0.014389276592881715,0.003967064407455416
1660869492643859,-1.002029449912261,0.0254520485236895,0.0266727702754252,0.0247205532232844,-0.0069288000800765,-0.0030243149737195,-0.0085260444080393,0.0479538554797425,-0.5514182622129392,0.01903777416001519,-0.0009958902891085142,0.016246297663279934,0.001373058813585612
1660869492659839,-1.002151522087434,0.031555657282368,0.0241092545967802,0.0246784314954333,-0.0066635486634623,-0.0040836858798766,-0.0086604453397329,0.0481154035395673,-0.5513505454809572,0.01935761445856865,-0.0010061662178533215,0.02011491577976259,-0.0010714111785534476
1660869492675819,-1.001052872510872,0.0321660181582359,0.0231326771953916,0.0246589425582027,-0.0068143404594136,-0.0051373614300781,-0.0087860659472337,0.0482636486040558,-0.5512820996142925,0.019652706769109747,8.323502283769102e-05,0.01865274899006744,-0.0018431897219478403
1660869492691799,-1.000930800335698,0.0282597085526816,0.0243533989471274,0.024629095589361,-0.0073829041848979,-0.0061909004954844,-0.0089087690666555,0.0483949256648276,-0.5512127689622297,0.01986357714930966,0.00018477647821057985,0.013271795446061828,-0.0005602211731908363
1660869492707779,-1.002639810788128,0.0225223163195238,0.0206912336919202,0.0245688887083376,-0.0083126563268352,-0.007252776493327,-0.0090339814669174,0.0485065694836132,-0.5511427521255158,0.01996807290480258,-0.001371810576797472,0.006780962891613625,-0.00380014778555823
1660869492723758,-1.004348821240558,0.0215457389181352,0.0224002441443502,0.0244741764613786,-0.0094682519632015,-0.0083207208034002,-0.0091657760745578,0.048596923979405,-0.5510724178337666,0.020050864026805573,-0.0027727389263048074,0.005223946941202522,-0.0018820235998154057
1660869492739738,-1.002639810788128,0.0293583581292438,0.016784924086366,0.0243553082624162,-0.0106388742885355,-0.0093745504479968,-0.0093059184689802,0.0486654013861463,-0.5510021232114075,0.02023151692359947,-0.000957355626487244,0.011732909537080009,-0.006747609292019646
1660869492755718,-1.003006027313649,0.029846646829938,0.0239871824216066,0.0242335489798441,-0.0115787768657981,-0.0103866932866439,-0.0094532033797437,0.0487133867608264,-0.550931987831964,0.020408150152969397,-0.0011912149368074054,0.01099907841399679,0.00040918413889885763
1660869492771698,-1.005325398641947,0.0304570077058059,0.0294804303044173,0.0241351178885844,-0.0120679600127175,-0.0113353517085573,-0.009603397360818,0.0487442984303133,-0.550861766094854,0.020582265229891608,-0.00315952763859495,0.010448495360878222,0.005312188819538599
1660869492787677,-1.000930800335698,0.0364385442893109,0.0314335851071945,0.0240832759663909,-0.0119657364950878,-0.012210876880175,-0.0097498944706394,0.0487627702219178,-0.5507908541293103,0.020824584836238655,0.0011115636008887098,0.014787028749944895,0.006538809260084225
1660869492803657,-0.9981231403067063,0.0403448538948652,0.0278934920271609,0.024090503378217,-0.0112380182054744,-0.0130140582001095,-0.0098849131957164,0.0487742248086562,-0.5507183613432651,0.021093916552519448,0.0035273012668923798,0.016824004519949278,0.0026988445620455583
1660869492819637,-0.999343862058442,0.0527962157625694,0.0258182650492102,0.0241532622070421,-0.0099601062488965,-0.0137418087460862,-0.0100009657213974,0.0487845040248451,-0.5506432798906317,0.021513689830141375,0.0020759215636411144,0.026347829748888125,0.0005612558256853674
1660869492835601,-0.9977569237811856,0.071107042038605,0.0258182650492102,0.0242516843719982,-0.0083080161111073,-0.0143720190202107,-0.0100924043102996,0.0487991502787759,-0.5505647454583311,0.02215382594807293,0.003296573856807594,0.04019279042243136,0.0005051302431168282
1660869492851581,-0.9967803463797972,0.0836804760814828,0.0316777294575416,0.024354995885971,-0.0065364174716842,-0.0148726406460831,-0.0101567792011279,0.0488227320123532,-0.5504822673441081,0.022916221317834648,0.0038458361323764345,0.047489602018778235,0.0057281351863034055
1660869492867561,-0.9978789959563592,0.0752574959945064,0.0336308842603187,0.0244302639987214,-0.0049324336937304,-0.0152287846220268,-0.0101955792111377,0.0488580321218395,-0.5503958589453524,0.02348415364750843,0.002472467900233033,0.035159959738621654,0.006913160990172456
1660869492883541,-0.99824521248188,0.0526741435873958,0.0322880903334095,0.0244505531355264,-0.0037519195982817,-0.0154538040486808,-0.0102140584814587,0.0489051398869489,-0.550306056807998,0.0236700313825325,0.0018956262372410437,0.011318946598359948,0.005013330356936931
1660869492899520,-1.001785305561913,0.0380254825665673,0.034973678187228,0.0244006032462841,-0.0031589384928597,-0.0155767139022385,-0.010220208831932,0.0489614821718384,-0.5502137937280149,0.023631517976457794,-0.0014800201585127848,-0.002996742980221692,0.006929026389679887
1660869492915500,-1.001541161211566,0.0361943999389637,0.0346074616617073,0.0242800315942792,-0.0031882831530942,-0.0156269890249392,-0.0102231645707709,0.0490232370614162,-0.5501201330000749,0.023570552782879808,-0.0011122882273491008,-0.004345043047042765,0.005906528877743268
1660869492931480,-1.000198367284657,0.0463263904783701,0.0328984512092773,0.0241039350320705,-0.0037465546319774,-0.0156276116402315,-0.0102314438627426,0.0490869430226443,-0.5500259795288805,0.023658704045168427,0.00020745512960362866,0.0052082527431272785,0.0037777665827819426
1660869492947460,-1.006668192568856,0.0530403601129165,0.0404669260700387,0.0239007224023329,-0.0046536905136499,-0.015593595295133,-0.0102515189390675,0.0491501025557055,-0.5499318792983577,0.02384674126586974,-0.005636133139135913,0.010730000139906305,0.010211617299189006
1660869492963440,-1.003738460364691,0.0519417105363544,0.041809719996948,0.023707249629025,-0.0057046824450277,-0.015531006768594,-0.0102871112134369,0.0492113264164685,-0.5498378815268171,0.02400195637209102,-0.0024357608414737886,0.008668215507009788,0.010398970103488475
1660869492979419,-0.9990997177080948,0.0607309071488515,0.032410162508583,0.0235616586837733,-0.0067195266777501,-0.0154313923386494,-0.0103392859666824,0.049270733104075,-0.5497434407198734,0.024252543153543756,0.001982683633610205,0.0157116709075562,0.0008994713536111323
1660869492995399,-0.9986114290074006,0.0700083924620429,0.0309452964065002,0.0234961104813079,-0.0075632122019005,-0.0152673693583613,-0.0104070712159157,0.0493299719033023,-0.5496474480339166,0.024608768521885333,0.002223875100873851,0.02249024059867285,-0.0005088552736245006
1660869493011379,-0.9964141298542764,0.0704966811627372,0.037537193865873,0.0235330334738477,-0.0081468066257808,-0.0150016768469726,-0.0104882037885981,0.049391981409782,-0.5495483636429618,0.024945107520001765,0.0039790568285984484,0.020680676369430433,0.005474737967173474
1660869493027359,-0.9911650263218128,0.069398031586175,0.0407110704203859,0.0236861181662764,-0.0084240278842818,-0.014605127084401,-0.0105797510085653,0.0494613764346143,-0.549444299504805,0.02523568302514989,0.008305344324955888,0.017623824113581404,0.007783753069517736
1660869493043338,-0.9927519645990692,0.0758678568703743,0.0433966582742044,0.0239636256850561,-0.0083741902117063,-0.0140682670270258,-0.0106784719428539,0.0495444503220879,-0.5493330886759162,0.025595214667888402,0.006046565442929475,0.02168428445800264,0.009422406831002608
1660869493059318,-0.9960479133287556,0.0722056916151672,0.043518730449378,0.0243713235053791,-0.0079727256181753,-0.0134048260941623,-0.0107807957816264,0.0496475971117136,-0.5492124528630937,0.02586783880529602,0.0024755550419187644,0.01621990728251599,0.008590031105558588
1660869493075298,-0.9989776455329212,0.0639047837033643,0.047791256580453,0.0249135344761293,-0.0071806684278026,-0.0126525074379566,-0.0108825061313505,0.0497755783896577,-0.549080168041593,0.026002624642236353,-0.0004087594460221444,0.007127099433641787,0.011576301512970233
1660869493091278,-0.997634851606012,0.07367055771725,0.0513313496604865,0.0255906089094828,-0.0059607230973732,-0.0118698866822948,-0.0109784729432707,0.0499310685552844,-0.5489341299110615,0.026270579562817455,0.0008406310327984112,0.015203586102774724,0.013604755133703357
1660869493107257,-0.9969024185549706,0.0851453421835657,0.0463263904783701,0.0263927047417135,-0.0042951673448732,-0.011128523118666,-0.0110626636609601,0.0501146942629352,-0.548772439531155,0.026667156812771958,0.0014157576754557644,0.024010533512181395,0.007739816356428272
1660869493123237,-0.98970016021973,0.0935683222705421,0.0404669260700387,0.0272935167493651,-0.0022060944322373,-0.0105028188650324,-0.0111284906682313,0.0503252764980076,-0.548593566501894,0.027132901536386964,0.007756214409626816,0.029190162239242007,0.001692316753287182
1660869493139217,-0.9818875410086214,0.0985732814526585,0.0399786373693444,0.0282485205308798,0.0002156996290934,-0.0100561884577614,-0.0111695949460974,0.0505613375195749,-0.5483964529810399,0.027623359438419277,0.014011950258661865,0.03077560927922257,0.0010836252473335958
1660869493155182,-0.98286411841001,0.1077286945906764,0.0398565651941709,0.0292002010971689,0.002805146571814,-0.0098256299746866,-0.0111809855235959,0.0508225528686676,-0.5481805935671438,0.02819681684089525,0.01173183557154589,0.03593792017551642,0.0008653977649440842
1660869493171161,-0.9838406958113984,0.1079728389410235,0.0424200808728159,0.0300904651191093,0.0053534590030153,-0.009814885255996,-0.0111600950655477,0.0511081635143669,-0.5479462793366229,0.02872184317623951,0.00967973235314179,0.03256385807327716,0.0030860220992301804
1660869493187141,-0.9936064698252842,0.0939345387960628,0.0446173800259401,0.0308769853292788,0.0076407731129489,-0.0099975584174812,-0.0111074127794701,0.0514139847836429,-0.5476947786527773,0.028995945264913812,-7.74374946695966e-05,0.016673002135484824,0.0047549891271189415
1660869493203121,-0.994216830701152,0.0891737239642935,0.0485236896314944,0.0315467551336401,0.0094630580571326,-0.0103211152489251,-0.0110266766033977,0.0517324810645042,-0.5474280151560758,0.02918173172210444,-0.0006190185334836729,0.010720968573343967,0.00779516885940592
1660869493219101,-0.9975127794308384,0.1000381475547414,0.0463263904783701,0.0321205220415925,0.0106747441678221,-0.0107100237463148,-0.0109245554258618,0.0520553384432768,-0.547147883406804,0.029499578217476858,-0.0035234705368530905,0.01942685294741267,0.005038082735653454
1660869493235080,-0.9949492637521936,0.1079728389410235,0.0404669260700387,0.0326456702417221,0.0112330849606745,-0.011071418555043,-0.0108096937221429,0.0523754693428554,-0.5468556613975083,0.029888589025535196,-0.0008639593723874794,0.024625389900325284,-0.0007392435054101587
1660869493251060,-0.9933623254749372,0.1008926527809564,0.0388799877927823,0.0331795192497527,0.0112163491201469,-0.0113038527533566,-0.010691265353875,0.0526884490664053,-0.5465516796363663,0.030135073968899986,0.0006506810143820374,0.015790683366232364,-0.002093563604399898
1660869493267040,-0.99482719157702,0.0905165178912028,0.0424200808728159,0.0337681873346829,0.0108197090235567,-0.0113133187552645,-0.0105773307799343,0.0529929646164585,-0.5462353777698082,0.03021489874394329,-0.0007327665789307325,0.004873093628830885,0.001301876528070331
1660869493283020,-0.9973907072556648,0.0829480430304414,0.0497444113832301,0.0344277679683534,0.010334071788428,-0.0110368595237647,-0.0104732107555052,0.053289426715175,-0.5459058286924517,0.03019178678874259,-0.00296665403181795,-0.0024258431087374605,0.007763586334636079
1660869493298999,-0.9927519645990692,0.0814831769283586,0.0524299992370487,0.0351344234787017,0.0100946292608111,-0.0104595977287153,-0.0103802002762303,0.0535797364552707,-0.5455623271405969,0.030156469201517162,0.0015048797622998489,-0.0035016382897382348,0.00940425676960921
1660869493314979,-0.9838406958113984,0.0991836423285263,0.0534065766384372,0.0358279034304927,0.0104011007288976,-0.0096149849409642,-0.0102951219910922,0.0538696043369605,-0.5452047071158292,0.030381484152985156,0.009374533694973652,0.012778944399386524,0.009342750753897941
1660869493330959,-0.9796902418554972,0.1105363546196685,0.0571908140688179,0.03642921617774,0.011437273618385,-0.0085761721852239,-0.0102110226570685,0.0541688358457813,-0.5448336256652563,0.03075581560608976,0.01217248888578737,0.021718491021475855,0.011814289365850779
1660869493346939,-0.9813992523079272,0.1185931181811242,0.0597543297474629,0.0368682458538977,0.0132193091381,-0.0074452465121159,-0.0101188623375972,0.054487309601895,-0.5444508794832752,0.031213703444594086,0.009417130590021694,0.02679772912463839,0.012940024540046204
1660869493362918,-0.9932402532997636,0.1327534905012593,0.0640268558785379,0.0371125976546763,0.015586970140071,-0.0063339275591527,-0.0100097425625542,0.0548310439740385,-0.5440592668630039,0.03183300922741552,-0.002181483361633263,0.03686229130029617,0.015491295604009081
1660869493378898,-0.9956816968032348,0.144228274967575,0.0559700923170822,0.0371874200446643,0.0182327880619533,-0.0053370840938093,-0.0098771763534241,0.0552015740755923,-0.543661767333762,0.03253549039871771,-0.004160634178594025,0.04350336818995068,0.006691078838298038
1660869493394878,-0.9943389028763256,0.1417868314641035,0.0531624322880901,0.0371782355230982,0.0207573206773259,-0.004518732826652,-0.0097189355456051,0.0555967631181075,-0.5432604524793746,0.03312739045898035,-0.0025360562265164255,0.03695573221783126,0.0034950769283753416
1660869493410858,-0.9932402532997636,0.124330510414282,0.0542610818646522,0.037213516687503,0.0227452316013824,-0.0039196261618595,-0.0095380143069349,0.056011217500275,-0.5428556092314115,0.03341450534748334,-0.0012936659849589471,0.017549470051208785,0.004134353854443697
1660869493426838,-0.9964141298542764,0.1101701380941478,0.0543831540398258,0.0374295284170419,0.0238504456817628,-0.0035685854937647,-0.0093424004821439,0.0564367337400021,-0.5424453327369767,0.033470915697963864,-0.004020788285524546,0.003050187957967132,0.0038307834266555693
1660869493442817,-0.9992217898832684,0.1023575188830392,0.0549935149156937,0.0379263080913325,0.0238625717719129,-0.0034846834798855,-0.0091437432653206,0.0568629826696795,-0.5420257816973935,0.03341150016853167,-0.006145603483064921,-0.0042861881278273145,0.0039970298722711295
1660869493458797,-0.9906767376211184,0.1004043640802621,0.0509651331349658,0.0387278528573123,0.0227374803789197,-0.0036792783524956,-0.0089553323785503,0.0572782770512478,-0.5415921345403689,0.033323236034886135,0.002159503901176474,-0.005615408637543978,-2.8216717611100062e-05
1660869493474792,-0.9884794384679942,0.0996719310292206,0.0538948653391315,0.039758526972218,0.0206003102296251,-0.0041623499331549,-0.0087898112782439,0.0576707673525539,-0.5411400169732529,0.03324063196670875,0.003921122748870576,-0.005713057519726922,0.0026113639378991457
1660869493490772,-0.985671778439002,0.1062638284885935,0.0538948653391315,0.0408439005839754,0.0177263026099237,-0.004946886001937,-0.0086569593551079,0.0580298771806756,-0.5406670715286885,0.03326097786649499,0.0060559045000764256,0.0007909559456813764,0.0023502275441092332
1660869493506752,-0.977126726176852,0.1051651789120314,0.0541390096894787,0.0417394892832358,0.0144933437894391,-0.0060486588693103,-0.008561918742989,0.0583471999564607,-0.5401743164758271,0.03326762471901644,0.013140861086003652,-0.000276924267792647,0.0023349347050107896
1660869493522731,-0.9835965514610514,0.1067521171892878,0.0453498130769816,0.0421825299277053,0.011314481312247,-0.0074754295665077,-0.0085042610267051,0.0586168637244593,-0.5396668774083819,0.03327419385261187,0.0060039322216238755,0.0011790126085173686,-0.005808835716737681
1660869493538711,-0.9954375524528878,0.1115129320210571,0.0419317921721216,0.0419534288698517,0.0085690507849729,-0.0092014881907419,-0.0084781430637759,0.0588360689406646,-0.5391537631404164,0.03333556108028575,-0.005253361893191255,0.005345844696257998,-0.00830417095943791
1660869493554691,-1.004592965590906,0.1063859006637671,0.0448615243762873,0.0409303555285671,0.006545792992495,-0.0111463096693354,-0.0084735206865156,0.0590058464331529,-0.5386466690042342,0.033321836342389395,-0.012967897528088579,0.00019693200507120423,-0.004836994879744989
1660869493570671,-1.020706492713817,0.1155413138017849,0.0534065766384372,0.0391215675039538,0.0054120668633848,-0.0131797829580376,-0.0084780337911578,0.0591311124787805,-0.5381581342508364,0.03345679004135597,-0.026173282185899538,0.008417110628780103,0.0033372516441644226
1660869493586650,-1.030350194552529,0.1388570992599378,0.0667124437323565,0.0366653828276172,0.005206447445669,-0.0151480174508307,-0.008479031602975,0.0592193686384921,-0.5376995503493164,0.03394482609680036,-0.0322352856221505,0.028559606478239713,0.01497880686427535
1660869493602630,-1.025101091020066,0.1525291828793778,0.0686655985351336,0.0337974917771867,0.0058343334098819,-0.0169019780876822,-0.0084654618555316,0.0592788873160867,-0.5372794436742184,0.03458873854757648,-0.024287563880718732,0.03800852108791175,0.015238765500347203
1660869493618610,-1.002029449912261,0.1724269474326698,0.0575570305943387,0.0307958071353123,0.0070790810029461,-0.0183265805279219,-0.0084294825242385,0.0593179461412852,-0.5369023040079499,0.0354215309586369,-0.0010943304956223532,0.05211565707708338,0.003717177803597073
1660869493634590,-0.9958037689784084,0.1555809872587171,0.0586556801709008,0.0279206284555549,0.0086578889668141,-0.0193676251288029,-0.0083673854803403,0.0593449670547569,-0.5365682151424728,0.03593267336807694,0.004618215394407321,0.03174272721281761,0.004334244642143256
1660869493650570,-0.9911650263218128,0.1333638513771271,0.0647592889295793,0.0253688833051525,0.0102999119284753,-0.0200364020241427,-0.0082794660749643,0.0593673579009157,-0.5362735076669439,0.03609034742081659,0.008331262245902638,0.00857303219810486,0.009394068060739579
1660869493666549,-0.9921416037232014,0.1172503242542149,0.0731822690165557,0.0232547905623423,0.0118004153724413,-0.0203837212771449,-0.0081690622439305,0.0593887790091206,-0.5360121887325868,0.036024749113042265,0.006619216360062685,-0.006786445432326607,0.01603534333294438
1660869493682529,-1.000564583810178,0.1156633859769585,0.0744029907682914,0.0216188675099445,0.0130434413500846,-0.0204696558409148,-0.0080412866360768,0.0594088275372044,-0.5357772647370785,0.035949296270609554,-0.0016233873542226274,-0.007536045338624717,0.015530458576212082
1660869493698509,-0.9956816968032348,0.1321431296253914,0.0701304646372165,0.0204564004685175,0.0140029976589304,-0.0203515773030764,-0.0079017625601641,0.0594271524342871,-0.5355613013075173,0.03610456575610922,0.0029335496874485223,0.008049328478827375,0.010132139200623468
1660869493714489,-0.9960479133287556,0.1533836881055928,0.0653696498054472,0.019750412112132,0.0147208292311051,-0.0200841575357766,-0.0077555536096546,0.0594466709816152,-0.5353565845675613,0.036533074790407176,0.0023105998457350063,0.026360898263125904,0.00483419193196874
1660869493730468,-0.999343862058442,0.1533836881055928,0.0744029907682914,0.01949575809385,0.0152652127011235,-0.0197232296367818,-0.0076065172644959,0.0594712794487267,-0.5351554239932118,0.036942812887926356,-0.0008868139955562349,0.02372480843681332,0.012480779605331657
1660869493746448,-0.9865262836652172,0.1472800793469142,0.0731822690165557,0.0197065340736496,0.0156903477114505,-0.0193245362975999,-0.0074572147526967,0.0595017796905204,-0.5349503787452496,0.037221347077778584,0.010737687957901643,0.015859079710321244,0.010134052068236352
1660869493762428,-0.9876249332417792,0.1337300679026479,0.0701304646372165,0.0204058061094639,0.0160179338241306,-0.0189236770454653,-0.007309314974418,0.0595347802469837,-0.5347341610751627,0.0372730696012561,0.008675134543205565,0.002078161439449472,0.006374022920007438
1660869493778408,-0.9859159227893493,0.127138170443275,0.07196154726482,0.0216049711806956,0.0162480399422875,-0.0185165908474817,-0.0071642089411302,0.0595640520569083,-0.5344995305273204,0.03723229582771253,0.009345730496072013,-0.004062362417931092,0.007384594992849838
1660869493794403,-0.9755397878995956,0.12799267566949,0.0687876707103072,0.0232845444314788,0.0163794417951646,-0.0180728391528787,-0.0070234329070665,0.0595827982406731,-0.5342394151062853,0.03720121300825258,0.0177496788472431,-0.0028870714725444946,0.003789646594503329
1660869493810382,-0.9652857251850158,0.1292133974212257,0.0735484855420764,0.0253843826372139,0.0164170543771617,-0.0175635647915796,-0.0068887341456564,0.0595859443833775,-0.5339472351535265,0.03720911030232395,0.025203367405640664,-0.0014997147487278983,0.007695415283645271
1660869493826362,-0.969802395666438,0.1344625009536893,0.065980010681315,0.0278053853953828,0.0163730439034767,-0.0169676875200253,-0.0067619409323639,0.0595707454059049,-0.533617461729696,0.037270532355819605,0.01861802723179662,0.003374449905362148,0.00011424638059548409
1660869493842342,-0.9685816739147022,0.1439841306172278,0.0679331654840922,0.0304220640248754,0.0162739937470279,-0.0162639403919262,-0.0066447822598258,0.0595359299002559,-0.5332462393105707,0.037468365661459224,0.017854874085179273,0.011606471612010588,0.001860661065035421
1660869493858322,-0.9744411383230336,0.14166475928893,0.07196154726482,0.0331027119266185,0.0161680408219018,-0.0154328946293528,-0.0065386322079215,0.0594817793983376,-0.5328316496780292,0.03762322307307884,0.010795868709163048,0.008358390255341491,0.005300138561186898
1660869493874302,-0.9800564583810178,0.1343404287785157,0.0752574959945064,0.035730526164067,0.0161234177070249,-0.0144666954787175,-0.0064441678881954,0.0594112010169846,-0.5323735209061354,0.03766589781089262,0.004662493786060873,0.0009306537704344975,0.00773647856178597
1660869493890281,-0.9774929427023727,0.1278706034943164,0.0751354238193329,0.0382193535852218,0.0162145688282015,-0.0133741797361936,-0.0063610741879792,0.0593293966396999,-0.5318730893272817,0.037615052132686816,0.006503408518235387,-0.004985254362388336,0.006852965747951231
1660869493906261,-0.977126726176852,0.1377584496833757,0.0741588464179443,0.040521249884126,0.0165017106345816,-0.0121824920256921,-0.0062879592733078,0.0592418748515878,-0.5313326529612313,0.03770634990215501,0.00618266253938049,0.004412332644003869,0.005288749511906374
1660869493922241,-0.9706569008926528,0.1412985427634093,0.0704966811627372,0.0426260881701265,0.0170216789893832,-0.0109396051093324,-0.0062224584499017,0.0591528927199704,-0.5307551006387401,0.037832696699953254,0.011387239041221742,0.007157183151633745,0.0014639258310293474
1660869493938221,-0.9735866330968186,0.1483787289234764,0.071107042038605,0.0445555189966487,0.0177869230490312,-0.0097109323458897,-0.0061614117653451,0.0590651955806375,-0.5301433333584838,0.03804602120592641,0.007611756153350302,0.012813632380530737,0.0018668580362074388
1660869493954200,-0.9752956435492486,0.1593652246890978,0.0767223620965893,0.0463540962643069,0.0187724267656157,-0.0085643654616257,-0.0061012125052011,0.0589805871943837,-0.5294997132410116,0.0384080141076396,0.0053124711308283334,0.021420115331536926,0.006733960284772564
1660869493970180,-0.9740749217975128,0.1528953994048985,0.0769665064469364,0.0480788429002476,0.0199028165887581,-0.0075548464283789,-0.0060384571395143,0.0589003579583807,-0.5288256961550207,0.038644795125941066,0.0058798735943076386,0.013455261042603833,0.006280294171607692
1660869493986160,-0.9776150148775464,0.1487449454489971,0.0734264133669029,0.0497871448634608,0.0210631587998666,-0.0067191803570751,-0.0059706922725984,0.0588242123949876,-0.5281218405710317,0.03878589716382368,0.00210580246284664,0.008374326378032204,0.002466180982416785
1660869494002140,-0.9776150148775464,0.1487449454489971,0.0684214541847865,0.0515227364905983,0.022122145030238,-0.006073539196359,-0.0058969569930898,0.0587488449200537,-0.5273880900536482,0.038897900911102144,0.0018952222165620203,0.007536893740229006,-0.002284900379729657
1660869494018119,-0.9759060044251164,0.1513084611276421,0.0679331654840922,0.0533001876808698,0.022951409224466,-0.0056078659292087,-0.0058180632952855,0.0586688761418419,-0.5266240355865367,0.03903497030408259,0.003243809402092901,0.009090368476986577,-0.0024958701723815507
1660869494034099,-0.9770046540016786,0.1499656672007328,0.06854352635996,0.0550896379777165,0.0234427289920774,-0.0052875652288339,-0.0057366393171964,0.0585790103190092,-0.5258292984174708,0.039140357551652835,0.0019306438429776973,0.006972817095069556,-0.0016969583668623722
1660869494050079,-0.978835736629282,0.1558251316090642,0.0737926298924236,0.0568041983221695,0.0235233630242877,-0.0050655482597023,-0.0056568924081217,0.0584747969907797,-0.5250043077094027,0.03933139519611391,8.96050938368198e-05,0.011549053353060862,0.003196930649041113
1660869494066059,-0.9826199740596628,0.1542381933318078,0.0724498359655143,0.0582919796800581,0.0231733406581029,-0.0048911042711348,-0.0055840626626452,0.0583529226442539,-0.5241512978297118,0.03947359197516044,-0.0033251691028896024,0.00896590356822402,0.0016687230499186217
1660869494082039,-0.9850614175631344,0.1561913481345849,0.0707408255130843,0.0593356610444682,0.0224475865936434,-0.0047139196600805,-0.0055235519361696,0.058212177142558,-0.5232753011654685,0.03962196393475945,-0.005189951345724975,0.00982715253390104,-3.625866226023011e-05
1660869494098018,-0.98286411841001,0.1670557717250327,0.0651255054551001,0.0596641339296571,0.021484570917716,-0.0044998497319968,-0.0054797604969494,0.0580537775048169,-0.5223851272115059,0.03989421124326095,-0.002693386973340539,0.018622418511913957,-0.0050864208482199885
1660869494113983,-0.9876249332417792,0.1679102769512477,0.0657358663309679,0.0589779416721653,0.020492912367766,-0.0042587018830411,-0.0054547822259778,0.0578802127626694,-0.5214941828166504,0.040149604299034816,-0.00670878162459887,0.017529231364316056,-0.0040284539751169746
1660869494129963,-0.9978789959563592,0.1538719768062871,0.069398031586175,0.0569844554283304,0.0197367166605401,-0.0040556198350706,-0.0054471372746915,0.057693803955233,-0.5206207943693199,0.04018483695483482,-0.015266559905260935,0.0031418380974199134,-0.0003296598479188978
1660869494145942,-1.013748378728923,0.1405661097123678,0.0846570534828714,0.0534373333360611,0.0195159594540786,-0.0039863029518859,-0.0054507953891097,0.0574968826226375,-0.5197877349691477,0.04006471076958959,-0.028022348410042253,-0.009147626096849437,0.013436425843899757
1660869494161922,-1.034378576333257,0.1509422446021214,0.0870984969863428,0.0481766632615966,0.0200970633038455,-0.0041414478821868,-0.0054550569690503,0.0572931083884043,-0.5190209888092877,0.04010799606997997,-0.04378729141293858,0.00110565791361375,0.014290082412634034
1660869494177902,-1.039871824216068,0.1853665980010684,0.0750133516441593,0.0411637171409085,0.0215912879693843,-0.0046045449262251,-0.0054459081823483,0.0570871299347479,-0.5183480547202676,0.04060619059835636,-0.044352485366174754,0.031977010181304666,0.0019844433634054887
1660869494193882,-1.037064164187075,0.2200350957503625,0.0715953307392993,0.0324997551679791,0.0238668823671069,-0.0054720084118356,-0.0054087551861177,0.0568825516716541,-0.5177959078603078,0.04154363624522977,-0.03739034280346354,0.0599809571375389,-0.0012902197873090604
1660869494209861,-1.038773174639505,0.2283360036621653,0.0684214541847865,0.0224217018226256,0.0265702282018123,-0.006833913130032,-0.005331616963819,0.0566800133770712,-0.5173887997270148,0.042504193804249316,-0.03518941793030406,0.0614536785444075,-0.0040176867076396755
1660869494225841,-1.0498817425803,0.2214999618524454,0.0657358663309679,0.011277297189044,0.0292270713676473,-0.008710170019802,-0.0052078029618495,0.0564752224245619,-0.5171464208732238,0.04327788242030094,-0.041668187283989244,0.04915587306121885,-0.00603294710531245
1660869494241821,-1.060379949645228,0.2016021972991533,0.0640268558785379,-0.0005121445335979,0.0313545239970083,-0.0110115081319364,-0.005037525355943,0.0562585836224511,-0.5170825540353766,0.04370583178171028,-0.04694975491402542,0.026332297657134074,-0.006967761801968189
1660869494257801,-1.069169146257725,0.1785305561913484,0.0664682993820093,-0.0124943137327252,0.0325503925354364,-0.0135589694026551,-0.0048281953216613,0.056018641203871,-0.517204030066766,0.043791845144366785,-0.050165056373870254,0.0029345908943962384,-0.004073686468647114
1660869494273780,-1.06831464103151,0.1685206378271156,0.0637827115281908,-0.0242278947532477,0.0325463060003631,-0.0161328027130467,-0.0045934595870927,0.0557455387056162,-0.5175103717813622,0.043732509757339694,-0.04437949603288982,-0.006367794722852899,-0.006083346890219055
1660869494289760,-1.049759670405127,0.1651026169222556,0.0661020828564886,-0.0353179111223139,0.0312374698733812,-0.0185249497327412,-0.0043512579417147,0.0554309226508705,-0.5179944263491253,0.04361992443960254,-0.023242072865856223,-0.008807234064941605,-0.0033875780057291416
1660869494305740,-1.043778133821622,0.1557030594338906,0.0646372167544058,-0.0454416922647908,0.0287202049718689,-0.0205784763799431,-0.0041210473360932,0.0550674327025194,-0.5186434901374958,0.043376213866746303,-0.015534482654116166,-0.016386112397975966,-0.004367199697030755
1660869494321720,-1.040848401617456,0.1472800793469142,0.06683451590753,-0.0543646085798755,0.0253123883310244,-0.0221950800299873,-0.0039204366924936,0.0546500516409443,-0.5194405395735379,0.04304087194913241,-0.011344275404954862,-0.022328183236457133,-0.0019529104895158883
1660869494337700,-1.037308308537423,0.1460593575951785,0.0658579385061415,-0.0619425515614493,0.0215045751209597,-0.0233191882788115,-0.003762052102071,0.0541777102810377,-0.5203655724039378,0.042714497021609746,-0.007023764092429774,-0.021194014489373553,-0.0026365391018139672
1660869494353679,-1.026810101472496,0.1409323262378885,0.0630502784771493,-0.0681117761132158,0.017859753524912,-0.0239261786705693,-0.0036515453559432,0.0536546734263233,-0.521396867279526,0.04232435341491509,0.003126998675247572,-0.023688941261997165,-0.004899779217725553
1660869494369659,-1.017410543984131,0.1428854810406657,0.0628061341268022,-0.0728732033068222,0.0149151241743407,-0.0240208336707276,-0.0035870300158623,0.0530910744993144,-0.5225120551658619,0.041984927175086145,0.011273900547251303,-0.019562207813297983,-0.004629531211265386
1660869494385639,-1.003128099488823,0.1489890897993442,0.0634164950026701,-0.0762778891167272,0.0131055654686531,-0.0236331125721281,-0.0035597504740093,0.0525012237679243,-0.5236891285166082,0.04174589594737652,0.023000710538303437,-0.012112739149157559,-0.003617253301857734
1660869494401619,-0.9977569237811856,0.1565575646601056,0.0634164950026701,-0.0784164837805046,0.0127153213559408,-0.0228076075221773,-0.0035556742922151,0.0519011971494577,-0.5249072849446952,0.041632704456171093,0.025534697621346636,-0.00408983785955655,-0.0032555279716719593
1660869494417598,-0.99653620202945,0.1592431525139242,0.0663462272068358,-0.0794120865965132,0.0138573693756812,-0.0215989729712623,-0.003557622059963,0.0513075622967958,-0.5261474796158386,0.04157815526074832,0.02407987743577389,-0.001263825005164143,-0.00029321619075563243
1660869494433563,-0.9867704280155642,0.1665674830243384,0.0703746089875636,-0.0794145399135505,0.0164621349595467,-0.0200841746955897,-0.0035475873102238,0.0507366541554739,-0.5273927933205322,0.041635665148887654,0.030461086304693685,0.005454454954725074,0.003361649030974953
1660869494449543,-0.9685816739147022,0.1759670405127034,0.07025253681239,-0.0785955547548772,0.020280742841299,-0.0183802898048787,-0.0035089918046955,0.0502035438272615,-0.5286287257830533,0.04180987658188704,0.04378485636500007,0.01336861119878105,0.0029156191702212203
1660869494465522,-0.9738307774471656,0.1792629892423898,0.0703746089875636,-0.0771433360641058,0.0249332388065403,-0.016641522359166,-0.0034285250942111,0.0497197518411448,-0.5298435610453957,0.04202701207395841,0.03468217754928282,0.014998103935620705,0.002733922210855333
1660869494481502,-0.9616235599298086,0.1686427100022891,0.0626840619516286,-0.0752529982091145,0.0299949387837906,-0.0150311724949027,-0.0032971761618967,0.0492901927939927,-0.5310287812869661,0.04205382357264143,0.04220045555997576,0.003940042225967999,-0.004460962342571706
1660869494497482,-0.9656519417105364,0.1471580071717407,0.0608529793240251,-0.0731111097015263,0.0350748890635868,-0.0136909520462575,-0.003110358566246,0.0489129235249366,-0.5321790830553282,0.04177893137200025,0.034354866401323236,-0.015790194544122338,-0.005662840473157682
1660869494513462,-0.9774929427023727,0.1353170061799043,0.0608529793240251,-0.0708781437365111,0.0398571166556038,-0.0127157173115913,-0.0028674305037198,0.0485820497515334,-0.5332918763788942,0.041370260136301344,0.02026247886853816,-0.024868075982362875,-0.005096556425841919
1660869494529441,-0.9812771801327536,0.1372701609826814,0.0598764019226365,-0.0686751729378933,0.0441066726120452,-0.0121278786472675,-0.0025710910897674,0.0482894266609183,-0.5343667343481607,0.04102966120661443,0.014830417294341647,-0.020623429061627174,-0.005465820444507476
1660869494545421,-0.9865262836652172,0.1369039444571607,0.0573128862439915,-0.0665789129873188,0.0476546766351964,-0.0118663795853182,-0.0022269852156416,0.0480248418012223,-0.5354048870080103,0.04071216206684887,0.008623182385690153,-0.01889068102843311,-0.0072264025108372265
1660869494561401,-0.9815213244831008,0.13141069657435,0.0490119783321887,-0.0646258470808645,0.0503772735402822,-0.0118052838235724,-0.0018435278888876,0.0477777913251538,-0.5364085100001206,0.0403288860476828,0.012265327411025928,-0.02194553602011942,-0.01397457938037603
1660869494577381,-0.9793240253299764,0.1282368200198372,0.045227740901808,-0.0628236545740157,0.0521796263809425,-0.0117882615473014,-0.0014317732892378,0.0475395810259015,-0.5373800477232182,0.03993157510192096,0.013016363907735307,-0.02260747131716903,-0.01598293512968106
1660869494593361,-0.9824979018844892,0.1303120469977879,0.046082246128023,-0.061165475099325,0.0529952963870764,-0.0116611976479151,-0.001005130938173,0.0473033879640991,-0.5383219078457039,0.03960636112662728,0.00885823861790036,-0.01847901990529649,-0.013615586913119454
1660869494609340,-0.9800564583810178,0.1203021286335542,0.0564583810177765,-0.0596413550008025,0.0528100661933058,-0.0112985110841912,-0.0005786856614037,0.0470638216494827,-0.5392363802329857,0.03919752990780473,0.01016971390923449,-0.025640044442577184,-0.002915506821029361
1660869494625320,-0.9851834897383078,0.0995498588540471,0.0643930724040586,-0.0582430886269649,0.0517060008191486,-0.0106215191146834,-0.0001678686767276,0.04681760508681,-0.5401255612309338,0.03855278365037464,0.00453841429675006,-0.041753082799875885,0.00451726610872747
1660869494641300,-0.9827420462348364,0.07025253681239,0.0712291142137786,-0.05696162859516,0.0499027597504678,-0.0096068229250488,0.0002135697788024,0.0465647261518241,-0.5409912648739827,0.0375764893033304,0.006281872020199253,-0.06394536435737967,0.010217977126602724
1660869494657280,-0.9898222323949036,0.0669565880827036,0.0617074845502401,-0.0557785393802133,0.0477609084176619,-0.0082833054039648,0.0005559187208991,0.0463084107465771,-0.5418349871242109,0.03662588903605422,-0.0007184827258811533,-0.06051718177835946,0.0006267127167578074
1660869494673259,-0.9853055619134814,0.0853894865339128,0.0562142366674294,-0.05465515038407,0.0457255538585463,-0.0067217607841312,0.0008554440968175,0.0460527817576809,-0.5426579430410003,0.03601921412806728,0.00341836897998693,-0.03787585499443524,-0.004379881649447609
1660869494689239,-0.9921416037232014,0.1065079728389406,0.0617074845502401,-0.0535265060876094,0.0442369080289059,-0.0050256026327037,0.0011152383409759,0.0458008321726965,-0.5434608802101838,0.03578360129649125,-0.0030759055467597385,-0.015081631820466693,0.0010020296100267875
1660869494705219,-0.9967803463797972,0.0985732814526585,0.0640268558785379,-0.052307918894415,0.0436567475948797,-0.0033170314534162,0.0013448490572168,0.0455563232970192,-0.5442434329035452,0.03546386969297268,-0.006943183383019913,-0.020714690886073917,0.0029892608444921226
1660869494721199,-0.9876249332417792,0.0884412909132521,0.0665903715571829,-0.0509151583255629,0.0442152008409294,-0.0017095744980363,0.0015588650816467,0.0453268958149647,-0.5450035520750813,0.03504408462477255,0.00199100677949815,-0.027762013282932277,0.004997498870823409
1660869494737178,-0.9838406958113984,0.0867322804608221,0.0598764019226365,-0.0492917744142478,0.045956085349903,-0.0002840153454318,0.0017745496015608,0.0451235372412953,-0.5457376948322984,0.034625607902374254,0.005197719788891164,-0.02652392136182606,-0.001544823687350698
1660869494753143,-0.9812771801327536,0.0993057145036999,0.0587777523460744,-0.0474354813087361,0.048698635560098,0.0009149439988522,0.0020087200608571,0.0449575208577678,-0.5464416835416394,0.03442494012256209,0.006985111920782439,-0.012555438587053436,-0.0023791259375215146
1660869494769123,-0.9774929427023727,0.1146868085755699,0.0581673914702065,-0.0454158178009767,0.052050090380683,0.0018744173238117,0.0022744537699783,0.0448377437277688,-0.5471118586260646,0.034462212804276304,0.009692414416046957,0.002543089936334897,-0.002690538132050474
1660869494785102,-0.9835965514610514,0.117494468604562,0.0531624322880901,-0.0433755339830483,0.0554698929836404,0.0026142495560619,0.0025783384944185,0.0447684504240785,-0.5477463677887112,0.03451866511592088,0.003229925091631447,0.004815674968794301,-0.006925947582750183
1660869494801082,-0.9864042114900436,0.1051651789120314,0.0563363088426029,-0.0415117687076576,0.0583708664162885,0.0031877044917903,0.0029188616585775,0.0447479557599412,-0.5483462783100904,0.03440255116290016,0.00038003855637536166,-0.006762253251362663,-0.0033768639254136493
1660869494817062,-0.973464560921645,0.0816052491035321,0.0462043183031966,-0.0400391188375823,0.0602423113729319,0.0036742472605985,0.0032863785775029,0.0447696354269577,-0.5489161001866781,0.03394611240722827,0.01198772021229666,-0.027289964753875767,-0.012157969018337954
1660869494833042,-0.9735866330968186,0.0613412680247194,0.045227740901808,-0.0391414334280692,0.0607584941112796,0.0041555283539057,0.0036648091927084,0.0448237814868514,-0.5494636153419957,0.03324763717918922,0.010679083233410713,-0.04279855124941963,-0.011821091777753902
1660869494849022,-0.9986114290074006,0.0617074845502401,0.0531624322880901,-0.0389230856610248,0.0598307011728076,0.0046825131239432,0.0040346739102619,0.0448986498507776,-0.5499990376320495,0.03262712328800204,-0.012911141409454263,-0.03818910125150903,-0.0034977603523246234
1660869494865001,-1.019363698786908,0.0568245975432972,0.0586556801709008,-0.0393740315957938,0.0576018502191523,0.0052639698802769,0.004376629892066,0.044981581418235,-0.5505334839045667,0.0320040289565411,-0.030297070070065324,-0.03876478943260675,0.0017959387774374655
1660869494880981,-1.028519111924926,0.040955214770733,0.0640268558785379,-0.040361559378818,0.054415184607638,0.0058778010961431,0.0046747538491245,0.0450613245778905,-0.5510769683727194,0.03123822348972417,-0.03550723488727503,-0.04917075498465386,0.006450403036567104
1660869494896961,-1.021316853589685,0.0337529564354923,0.0621957732509343,-0.041652891760837,0.0507636479532003,0.0064791233777564,0.0049191799355319,0.0451306920862728,-0.5516364638998383,0.03045248611330858,-0.025474478896830743,-0.0507357119879051,0.004157388368067151
1660869494912941,-1.007156481269551,0.0200808728160524,0.054627298390173,-0.0429617622992645,0.0472021392513031,0.0070049017187331,0.0051077288046087,0.0451873819752598,-0.5522146524323278,0.029534870279283677,-0.010182695919027096,-0.05796701604661051,-0.0030699778434247274
1660869494928920,-0.9929961089494164,0.0255741206988631,0.0458381017776758,-0.0440052665142229,0.0442384306620308,0.0073871641881021,0.0052461024657148,0.0452322559582881,-0.552809682854404,0.028760173383670973,0.003579908760996897,-0.047226391347419835,-0.010673257010329743
1660869494944900,-0.9950713359273672,0.0499885557335773,0.0377813382162202,-0.0445559644770124,0.0422403046543708,0.0075743437025339,0.0053465426727481,0.0452677045530808,-0.5534157333505699,0.028383180159657923,0.0013542136047414166,-0.02053076068143507,-0.016857018514606803
1660869494960880,-0.9958037689784084,0.0814831769283586,0.0316777294575416,-0.0444773294693904,0.0413683400564461,0.0075588107473582,0.0054251854934171,0.0452979423398224,-0.5540240593403262,0.028473037382717583,0.0005596024983302028,0.00986747446201161,-0.020664564545956866
1660869494976860,-0.9906767376211184,0.07708857862211,0.0382696269169144,-0.0437370829956303,0.0415454098166946,0.0073896069009547,0.0054985782427674,0.0453288781843783,-0.5546244640158117,0.02851282954823286,0.005117970470058131,0.0049255885401866956,-0.012665400377925656
1660869494992839,-0.9960479133287556,0.0505989166094451,0.0538948653391315,-0.0423992511926015,0.0424958359135215,0.007146194236259,0.0055803104789035,0.0453664733706787,-0.5552069510120856,0.02821550689770628,-0.00022788471382118036,-0.01940766612523037,0.002663854239862304
1660869495008819,-0.9843289845120928,0.0288700694285495,0.0496223392080565,-0.0406002083174398,0.0438448104613088,0.0069016660056192,0.0056788569251966,0.0454158858146707,-0.5557630578498435,0.02763046031939477,0.010341939692557478,-0.03702286197551337,-0.0014478047020914306
1660869495024799,-0.9815213244831008,0.0267948424505988,0.0396124208438237,-0.0385155553835445,0.045215649928728,0.0067147612757485,0.0057969615396787,0.0454810840701288,-0.5562867338144546,0.027049010970207923,0.011834639749394582,-0.03518828005811766,-0.01031195075969181
1660869495040779,-0.98457312886244,0.0468146791790644,0.0333867399099716,-0.0363235048873476,0.0462892885790393,0.0066364466233657,0.005932112536746,0.0455634824500719,-0.5567748092925784,0.026793000780323654,0.007904551833049833,-0.013651598996686852,-0.014883868524189527
1660869495056759,-0.9838406958113984,0.0424200808728159,0.0365606164644845,-0.0341708003445971,0.0468413314721953,0.0067078664730791,0.0060776675763183,0.0456618449463408,-0.5572268177228569,0.026510346741260057,0.0077732863956822,-0.016241577572641816,-0.010538992772708963
1660869495072754,-0.9884794384679942,0.0222781719691767,0.0453498130769816,-0.0321479760917245,0.0467671800849268,0.0069526826221497,0.0062244481094101,0.0457741384629718,-0.5576441824458269,0.025991715397236582,0.0028210893651777758,-0.03274513782865292,-0.0015748165441906783
1660869495088733,-0.9964141298542764,0.0230106050202181,0.048645761806668,-0.0302785293359051,0.0460838036887472,0.0073659979851864,0.0063625947293672,0.0458982670313868,-0.558029222832864,0.02554091338806613,-0.004602241818993935,-0.028811434299850357,0.0015490189669461543
1660869495104713,-0.9938506141756314,0.0186160067139695,0.0449835965514608,-0.0285244834674463,0.0449119203106178,0.0079095219215704,0.0064833749046036,0.0460316280520557,-0.5583842109752534,0.025064691250568413,-0.001834853526314073,-0.029885429345489066,-0.0019018316594349369
1660869495120693,-0.9937285420004578,0.0114137483787288,0.0415655756466009,-0.0268078963214902,0.0434566760015353,0.0085300952380611,0.0065806787612009,0.0461717190859728,-0.5587105420531157,0.024525227985641804,-0.0015415032160265296,-0.03337891891265679,-0.0047878673078653525
1660869495136673,-0.9955596246280614,0.0037232013427939,0.0405889982452123,-0.025040915636345,0.0419802892416733,0.0091853943598566,0.00665201485818,0.0463172280562372,-0.5590082842288554,0.023927698494213997,-0.00303532725926714,-0.03696251935373252,-0.0051880002383285495
1660869495152652,-0.9801785305561914,-0.0009155413138017,0.046082246128023,-0.0231533947612568,0.0407481154845839,0.0098487101052972,0.0066988212334125,0.0464686139223415,-0.5592762267873583,0.02334557474377544,0.011111190131342541,-0.037441135809295305,0.00027472288003393963
1660869495168632,-0.9824979018844892,0.0020141908903639,0.0454718852521551,-0.0211117188037826,0.0399656800470341,0.0105020178714154,0.006725975565031,0.0466283347960755,-0.5595122880248791,0.022861896812131938,0.007912636922740357,-0.031060263244616734,-0.00030207419625057075
1660869495184612,-0.9827420462348364,0.0094605935759517,0.0413214312962537,-0.0189269207810964,0.0397421355461197,0.0111361376968274,0.0067406433710806,0.0468002430496771,-0.5597141742255731,0.022520743424004914,0.006901643315153749,-0.021252474503126045,-0.004007275336936775
1660869495200592,-0.9838406958113984,0.0224002441443502,0.0387579156176087,-0.0166509542435707,0.040080790965276,0.0117524801008035,0.0067508000518591,0.0469887577353771,-0.5598800782467471,0.022388918100386308,0.00522269436473255,-0.007481541541254789,-0.005913711914023602
1660869495216571,-0.9889677271686884,0.0254520485236895,0.0357061112382695,-0.0143632011533761,0.0408828367384547,0.0123602822589468,0.0067637172882505,0.0471992206843357,-0.5600091302195219,0.02230188159307746,8.609670669834646e-05,-0.003986763445723941,-0.00806896466402652
1660869495232551,-0.987136644541085,0.0081177996490424,0.0360723277637902,-0.0121529531835233,0.0419696493913321,0.0129717895452268,0.0067846600308943,0.0474380421807398,-0.5601016250174568,0.021981298743846134,0.0017254614008715974,-0.019188911088333933,-0.006932473324655235
1660869495248531,-0.9894560158693828,0.0018921187151903,0.0387579156176087,-0.0101026710382924,0.0431165204619553,0.0135915392751083,0.006816033617209,0.0477104783915689,-0.5601592004695486,0.02161037969766926,-0.0005345189346837032,-0.022873132819967428,-0.003822196923753067
1660869495264511,-0.9929961089494164,-0.0088502327000838,0.0444953078507666,-0.0082751940463633,0.0440802895312049,0.0142021845935486,0.0068570552655913,0.0480176420722264,-0.5601848531556913,0.021137869645720102,-0.0036671508132455344,-0.030253935811717377,0.0017236757784643564
1660869495280491,-0.9884794384679942,-0.0119020370794231,0.0457160296025023,-0.006707654132506,0.0446320939518367,0.0147613574763741,0.00690391280635,0.048356373090359,-0.5601825550297427,0.020676867614304404,0.0007645677013589092,-0.02997516617195101,0.002649957777180058
1660869495296470,-0.9917753871976808,-0.0061646448462653,0.0425421530479894,-0.0054122893165932,0.0445984852588357,0.0152122884763911,0.0069504048999775,0.0487221432755446,-0.5601565869414723,0.02033193774192126,-0.0022782429254948333,-0.02181399654491389,-0.0004715268995995614
1660869495312450,-1.002273594262608,-0.0100709544518196,0.0335088120851452,-0.0043815887873103,0.0438845940034583,0.0154977120020394,0.0069889282384131,0.0491109398813246,-0.5601110515059071,0.019933710681135308,-0.011498804991379785,-0.02314827553542137,-0.008554381076199387
1660869495328430,-0.9926298924238957,-0.0215457389181352,0.0317998016327152,-0.0035955523226179,0.0424760850303862,0.0155718092080637,0.0070115352275463,0.0495180640382428,-0.5600497875525636,0.01941514992692516,-0.0016695928374007574,-0.031160754001563276,-0.009237052375766448
1660869495344410,-0.9970244907301442,-0.0305790798809795,0.0343633173113602,-0.0030293769217408,0.040431747118682,0.0154088359853139,0.0070108715465623,0.0499370615591534,-0.5599764022970874,0.018825740105895987,-0.005457772029284436,-0.036174685467966816,-0.006006183027409309
1660869495360389,-1.003616388189517,-0.0407110704203859,0.0381475547417409,-0.0026593419135276,0.0378630982215,0.01500437158198,0.0069808816211575,0.0503610845904002,-0.559894189669225,0.018160388675082628,-0.010844702539791529,-0.0416760084066359,-0.0019997510373257546
1660869495376369,-0.9988555733577478,-0.0451056687266344,0.0347295338368809,-0.0024663404110716,0.034913399066686,0.014368812686976,0.0069172485691821,0.0507843613507338,-0.5598060962721875,0.017492783433160145,-0.005475498937219991,-0.04146354604159596,-0.004875994747967183
1660869495392364,-1.002639810788128,-0.0465705348287173,0.0292362859540702,-0.0024381037829414,0.0317512016093368,0.0135230458646458,0.0068176875787481,0.0512019957827248,-0.5597148673944711,0.016854298776993213,-0.0083337627308403,-0.03863557092931097,-0.009332318367700092
1660869495408344,-1.005935759517815,-0.0447394522011137,0.0286259250782023,-0.0025693650237771,0.028559655003886,0.0125037708951116,0.0066821167436101,0.0516091164830525,-0.5596232665138178,0.016303951542529865,-0.010466740314474587,-0.03312403947153664,-0.008948411319211192
1660869495424324,-1.000930800335698,-0.0429083695735101,0.0265506981002516,-0.0028582435419816,0.025511578566056,0.0113651835142458,0.0065125533276875,0.0520006670019451,-0.5595342027239103,0.015830144471110075,-0.00491560301912175,-0.028163661159539735,-0.009921274467445704
1660869495440303,-1.002151522087434,-0.0484016174563208,0.0283817807278552,-0.003299547964207,0.0227523266205564,0.0101641645170704,0.0063127713589437,0.0523728346561645,-0.5594506041080667,0.015331853045875823,-0.0055226922937720024,-0.03029121813811539,-0.007281172655857895
1660869495456283,-1.002517738612955,-0.0453498130769816,0.0288700694285495,-0.0038777669749327,0.0203977731965739,0.0089449906580513,0.0060879471437774,0.0527251844800698,-0.5593750884646194,0.014928354483755684,-0.005300017937363677,-0.024515472382898567,-0.006113595559647238
1660869495472263,-1.00849927519646,-0.0433966582742044,0.0291142137788966,-0.004561949308241,0.0185320058548473,0.0077384171891818,0.0058443398267983,0.05306042529696,-0.5593097379093882,0.014595218229805949,-0.010153399068781988,-0.020306085822109236,-0.005282506088370123
1660869495488243,-1.007156481269551,-0.0425421530479894,0.0338750286106659,-0.0053039063767293,0.0172023497909164,0.0065643684639146,0.0055889145264759,0.0533821166802711,-0.5592560059686899,0.01432198533842924,-0.00792954462768558,-0.017506422536304817,-0.0004695221309407374
1660869495504222,-1.00849927519646,-0.0505989166094451,0.034973678187228,-0.0060417491850388,0.016421398351997,0.0054368610650661,0.0053289146871066,0.0536939067011815,-0.5592145039748763,0.013967630509825925,-0.008345104699135186,-0.023006867487984462,0.0005662147010592269
1660869495520202,-1.004226749065385,-0.0516975661860072,0.0320439459830623,-0.0067090773616862,0.0161730054415112,0.0043792283703546,0.0050714094539684,0.0540003645994235,-0.5591847571372445,0.013623505150380516,-0.0036653207112540276,-0.02169496535809191,-0.002127165752795819
1660869495536182,-1.009231708247501,-0.0541390096894787,0.0272831311512931,-0.0072459361020192,0.0164121694386848,0.0034287699484227,0.0048228022425619,0.0543070261483771,-0.5591652079029472,0.013269368096335214,-0.007803251904033193,-0.021722767975407065,-0.006199182526108519
1660869495552162,-0.9984893568322272,-0.047791256580453,0.0232547493705652,-0.0076074076830546,0.0170572807578896,0.0026152410810843,0.0045883521603438,0.0546197099759004,-0.5591534298705509,0.013021088477838389,0.002645189560116612,-0.013837513379743233,-0.009204807876152778
1660869495568142,-0.9918974593728542,-0.0421759365224687,0.0321660181582359,-0.0077692611933573,0.0179776282953944,0.0019441124114442,0.0043717080313872,0.0549436037446021,-0.5591464457088248,0.012898193135564787,0.008313378317540643,-0.007399973989583038,-0.0002641851796338704
1660869495584121,-0.999343862058442,-0.045227740901808,0.0386358434424352,-0.0077307208126815,0.0189885079080094,0.00140567935539,0.0041743523086315,0.0552819099155762,-0.5591411436907157,0.01276850011066798,0.0007802780687576893,-0.009406600532030102,0.005585076094108889
1660869495600101,-0.997634851606012,-0.0548714427405201,0.0436408026245516,-0.007513295343996,0.0198748540259941,0.0009865203106209,0.0039950923010821,0.055635429616371,-0.5591346400267444,0.012532151293843094,0.002240359669068881,-0.017145272133667983,0.009531031748602752
1660869495616081,-1.002639810788128,-0.0574349584191651,0.0427862973983366,-0.0071562953890341,0.0204366633470627,0.000671421532684,0.0038299759993088,0.0560036347388523,-0.5591244879836514,0.01228657266540078,-0.0024881395617424307,-0.017737909031081682,0.0078088738701489815
1660869495632061,-1.003860532539864,-0.0614633401998929,0.034973678187228,-0.0067109278543442,0.0205239138438325,0.0004483848797569,0.0036727364951282,0.0563851092625246,-0.5591088971328301,0.011985063886284935,-0.003337975182130526,-0.01958966173062853,-3.370806863661757e-06
1660869495648040,-0.9928740367742428,-0.0675669489585719,0.0325322346837566,-0.006233215542129,0.0200555039736018,0.0003108951631185,0.0035155801816982,0.056776862379989,-0.559086984203085,0.011613310730409504,0.006883668525141551,-0.023123943440376785,-0.0022003328793015545
1660869495664020,-0.9838406958113984,-0.0776989394979783,0.0365606164644845,-0.0057754331939522,0.0190373188570909,0.0002486400494163,0.0033502592154256,0.0571742753830882,-0.5590588506929953,0.011150122203901772,0.014325308539187342,-0.029930340581804868,0.0016452440112837141
1660869495680000,-0.9909208819714656,-0.0880750743877318,0.046082246128023,-0.0053770248967281,0.0175723101322262,0.0002421159103339,0.0031693976302635,0.0575719480646974,-0.5590254342445249,0.010634551935901121,0.006520610141208194,-0.03627582792440252,0.010050186307340003
1660869495695980,-0.9987335011825742,-0.0967421988250554,0.0490119783321887,-0.0050564465712918,0.0158493042300467,0.0002648323298709,0.0029678226088021,0.0579651069978968,-0.5589881630256888,0.010075853968250632,-0.001162808162910478,-0.04044865712555352,0.011681926660355134
1660869495711944,-1.002517738612955,-0.0961318379491875,0.0468146791790644,-0.0048060253085402,0.014112111101375,0.0002779238320166,0.0027436171777008,0.0583515885884825,-0.5589484240626004,0.00958375109952862,-0.004452341033962082,-0.035854466624717064,0.008536164756507751
1660869495727924,-0.9961699855039292,-0.0919813839932861,0.0465705348287173,-0.0045932677052716,0.0126095963828909,0.0002298613377541,0.0024986360437331,0.0587324989438574,-0.5589070916938721,0.009202665857704422,0.0017058708675572465,-0.028533611401934098,0.007462818365544584
1660869495743904,-1.001907377737087,-0.085755703059434,0.0411993591210801,-0.0043706346945874,0.0115368764808946,8.16475305171699e-05,0.0022381688957533,0.0591104086688957,-0.5588643658928206,0.008920054673513134,-0.003628369229040529,-0.020077137421273802,0.0018824783921166446
1660869495759884,-0.992507820248722,-0.0824597543297476,0.0394903486686502,-0.0040903916739323,0.0109990602715498,-0.0001718520686312,0.0019697593602008,0.0594877792814012,-0.5588197841993259,0.008697943855443053,0.005194069433392068,-0.015103069822428664,0.00015612114571806474
1660869495775863,-0.9933623254749372,-0.083192187380789,0.0462043183031966,-0.0037175326588402,0.0110126247701704,-0.0005199049559533,0.0017017691971556,0.0598671914308766,-0.5587722636874842,0.00853106925479361,0.0039056077864590977,-0.014251952586123051,0.006183081702238018
1660869495791843,-0.9915312428473336,-0.0847791256580454,0.0490119783321887,-0.003236567728786,0.0115251782725958,-0.0009670722060701,0.0014422856809177,0.0602512215028359,-0.5587203081155334,0.00838230106368665,0.00516302137265634,-0.014255001777041504,0.008091667558107106
1660869495807823,-0.9879911497673,-0.089173723964294,0.0514534218356601,-0.002651966202536,0.01243491769846,-0.0015365410747275,0.0011984386603614,0.0606414405396201,-0.5586623538131024,0.008215418279487399,0.007832803007421063,-0.016784640074961096,0.009479799955420663
1660869495823803,-0.9866483558403908,-0.0932021057450218,0.0515754940108337,-0.001983042869388,0.0136109909661003,-0.0022516278600073,0.0009759327354535,0.0610383230062934,-0.5585970116158298,0.008025394820437032,0.008258037240897242,-0.01873171967012001,0.00864168491753483
1660869495839782,-0.9932402532997636,-0.093446250095369,0.0470588235294116,-0.0012552617380963,0.0149174078083721,-0.0031189100865829,0.0007787445479488,0.0614416748612449,-0.5585231865639912,0.00782304957124841,0.0014995258033719816,-0.017078277618420484,0.003712512992501457
1660869495855762,-0.9978789959563592,-0.0961318379491875,0.0491340505073623,-0.0004915923341448,0.0162319050785495,-0.0041204571595687,0.0006090176921729,0.0618503896387636,-0.5584401648730554,0.007627117068596002,-0.0028252951679011984,-0.017787478925015088,0.005208965973406941
1660869495871742,-0.9916533150225072,-0.0949111161974518,0.0455939574273287,0.0002924607178001,0.0174562542581224,-0.0052138178980425,0.0004671284087261,0.0622623849230177,-0.5583475933593792,0.007444609385887478,0.003060347189355772,-0.014910081455951435,0.001501985604036006
1660869495887722,-0.9969024185549706,-0.1010147249561304,0.0490119783321887,0.001088096016037,0.0185277131655009,-0.0063339234048895,0.0003519093951149,0.062675333923397,-0.5582453498320157,0.0072387234766027216,-0.0019698807087968895,-0.018912321193167034,0.004428005858006408
1660869495903701,-0.9842069123369191,-0.103700312809949,0.0527962157625694,0.0018883241274601,0.0194273946759542,-0.0073978027926069,0.0002610372405916,0.0630874009300563,-0.5581334612512635,0.007071355860225597,0.009653062958329128,-0.019438118142287075,0.007391018959548398
1660869495919681,-0.9894560158693828,-0.1049210345616847,0.054627298390173,0.0026834245279102,0.0201707103381228,-0.0083224814761833,0.000191501961765,0.063497614223885,-0.5580121187933936,0.006932608394341206,0.003963563483278865,-0.018592955904620498,0.008299891428436804
1660869495935661,-0.99140917067216,-0.1120012207217518,0.0640268558785379,0.0034590061276458,0.0207941765970463,-0.0090486081219391,0.0001400849473402,0.0639061436411126,-0.5578817138857354,0.0068380648875235135,0.0018093678124515566,-0.02310582785821884,0.015929504025121534
1660869495951641,-0.9875028610666056,-0.1128557259479668,0.0661020828564886,0.0041965725564816,0.0213537382936881,-0.0095492321417137,0.0001038634785726,0.0643143265898639,-0.5577428806929167,0.006795930187458297,0.005144109676205377,-0.02156429977599046,0.016204257902765
1660869495967620,-0.9823758297093156,-0.1093156328679332,0.0684214541847865,0.0048776750583517,0.0219107461241721,-0.0098240242454241,8.061851324779536e-05,0.0647240375672747,-0.5575965636944922,0.006846979073903962,0.00924402693014581,-0.016221786026361165,0.016671266307956616
1660869495983600,-0.985671778439002,-0.1069962615396354,0.0673228046082243,0.0054912397618004,0.0224999322181039,-0.0098910695552562,6.886757835625527e-05,0.0651369607922728,-0.5574439959306021,0.006913527654923141,0.005353270380413444,-0.01251217322825704,0.014015355058254977
1660869495999580,-0.9964141298542764,-0.1088273441672389,0.0667124437323565,0.0060400274439463,0.0231158247426058,-0.0097774755948989,6.751135270270507e-05,0.0655548950980298,-0.557286444876666,0.006945425403492699,-0.0048501729313747965,-0.012908930270274482,0.012064494764148462
1660869496015560,-0.9918974593728542,-0.1137102311741818,0.0618295567254136,0.0065429062660368,0.0237274069160928,-0.0095096369261415,7.541122483044685e-05,0.0659804833783698,-0.5571248524196311,0.006894679472714307,-0.0003001522049574934,-0.016012635549495655,0.006463446981484995
1660869496031524,-0.992507820248722,-0.1152971694514382,0.0667124437323565,0.0070322158908779,0.0242997146584773,-0.0091097889549425,9.116532223459517e-05,0.0664166560980648,-0.5569596475052722,0.006907380119735075,-0.0008194617727427245,-0.015839616444076846,0.010211700589585114
1660869496047504,-0.9868925001907378,-0.1179827573052568,0.0709849698634315,0.0075466042664349,0.0248150195305934,-0.0086001453822916,0.0001131836782297,0.0668653184685905,-0.5567907454573421,0.006976234372985306,0.004316272456717285,-0.0166726838681059,0.013035804048594099
1660869496063484,-0.9853055619134814,-0.123598077363241,0.0750133516441593,0.0081212948817657,0.0252880389263828,-0.0080099806670096,0.0001400604059207,0.0673271209596411,-0.5566175706480555,0.007076036278819963,0.005312889660576303,-0.020059203533481076,0.015357767246389709
1660869496079464,-0.9892118715190356,-0.1249408712901503,0.0774547951476307,0.0087789902137681,0.0257657288835336,-0.0073806621662521,0.0001710983022996,0.0678019944171513,-0.5564391393904237,0.007204217671139825,0.0012659220495199186,-0.019261797714351353,0.01601928967487501
1660869496095443,-0.9903105210955978,-0.1234760051880675,0.0773327229724571,0.0095240019843661,0.0263171152092505,-0.0067637709099792,0.0002067742599879,0.0682893889926041,-0.556254288040519,0.0073390842968290675,0.0001505452256619355,-0.016017238451041707,0.014307495749731253
1660869496111423,-0.9806668192568856,-0.1220111390859846,0.0740367742427707,0.0103414490066252,0.027018231828647,-0.0062102772761419,0.0002489791961685,0.0687888231271066,-0.5560619156130374,0.007449602120094465,0.008814822357936736,-0.013097135114062922,0.009910392318040376
1660869496127403,-0.976638437476158,-0.1204242008087282,0.0695201037613486,0.0112025550621842,0.0279307907062195,-0.0057561317421512,0.0003009050764005,0.0693006750074078,-0.5558611631411804,0.007509788413354769,0.011558883724797853,-0.01035917715312587,0.004854349652956433
1660869496143383,-0.9833524071107044,-0.1189593347066453,0.0718394750896465,0.012074920307628,0.0290825384979538,-0.0054124499170856,0.0003665513141877,0.0698258546154972,-0.555651599626064,0.007591046718253066,0.0043604226812262725,-0.008004879945938667,0.006456348883128904
1660869496159362,-0.988845654993515,-0.1183489738307775,0.0712291142137786,0.0129343327912077,0.0304568509364808,-0.005163881428927,0.0004499772918896,0.0703648743803599,-0.5554333002279545,0.00764694286020604,-0.0010195426814259,-0.006655067163063785,0.0052613892065349055
1660869496175342,-0.9920195315480278,-0.1215228503852903,0.0722056916151672,0.0137739271726388,0.0319915248090167,-0.0049789717950516,0.0005545093526788,0.0709174967488774,-0.5552066781292068,0.007696856191895095,-0.0037740773123449145,-0.008846049345818938,0.0056141699471311535
1660869496191322,-0.9875028610666056,-0.1255512321660182,0.0734264133669029,0.01460720290459,0.033587400837736,-0.0048342132771745,0.0006821367387506,0.0714820422338832,-0.5549722358292192,0.007762568280985045,0.0006683338521696891,-0.011586988013892158,0.006151402528980179
1660869496207302,-0.9867704280155642,-0.127016098268101,0.0723277637903407,0.0154629577063232,0.0351225243197233,-0.0047347483095339,0.0008332442529305,0.0720543964665791,-0.5547303441433679,0.007809390634852561,0.0012606902128898811,-0.011746668704377461,0.004547477657176169
1660869496223281,-0.9842069123369191,-0.1289692530708781,0.0718394750896465,0.0163730508329382,0.0364660820848898,-0.0047106376906224,0.0010066072967242,0.0726289198498025,-0.5544809277712952,0.007851717252056134,0.0034417853023814837,-0.012329841156439092,0.0036532700608337687
1660869496239261,-0.9813992523079272,-0.1323872739757381,0.0725719081406879,0.0173576599261913,0.0374968131689755,-0.0047988229552826,0.001199523761522,0.0732007797781972,-0.5542232210625765,0.007907797122264856,0.005624500798236065,-0.014173075855169193,0.003947132800687647
1660869496255241,-0.98286411841001,-0.1353170061799038,0.0722056916151672,0.0184139079702798,0.0381273369224016,-0.0050352950068326,0.001408138383694,0.0737663439561953,-0.5539560067151587,0.007953677678434499,0.003743671226537959,-0.015392527253401414,0.003222824647650252
1660869496271221,-0.983962767986572,-0.1365377279316395,0.0697642481116957,0.019511088404563,0.038321547203795,-0.0054540348198384,0.0016280204740566,0.0743212044798475,-0.5536783052360585,0.007964117711923678,0.002380519484978305,-0.014951924104623412,0.0007032430297608805
1660869496287201,-0.9817654688334478,-0.1404440375371938,0.0637827115281908,0.0205931823354659,0.038093295488964,-0.0060778940220079,0.0018548122577792,0.0748588618286316,-0.5533900246787671,0.007902109861094768,0.0041200367742921795,-0.016972410339159943,-0.004750464198369608
1660869496303180,-0.9784695201037614,-0.1478904402227816,0.0653696498054472,0.0215885800012427,0.0374902808807953,-0.0069098684514737,0.0020846851002339,0.0753715174991674,-0.5530922612244034,0.007893056103865837,0.006674386953580691,-0.02197693172227297,-0.0028471733290018897
1660869496319160,-0.9818875410086214,-0.1542381933318073,0.0670786602578772,0.0224246965866526,0.0365805254287836,-0.0079347342093348,0.0023145621142743,0.075851740419151,-0.552787286008425,0.007922846528344771,0.0029307294438486453,-0.025492216348168784,-0.001024346588914704
1660869496335140,-0.9884794384679942,-0.1517967498283359,0.0684214541847865,0.0230428687710044,0.0354499177059141,-0.0091222393808297,0.0025422494458064,0.0762938828449309,-0.5524783119458503,0.007960792446319104,-0.003295051213971778,-0.02074569556022765,0.0002866026041951214
1660869496351104,-0.9910429541466392,-0.1477683680476081,0.0624399176012815,0.0234102169207296,0.0341955009513092,-0.0104288389796357,0.0027665238499418,0.0766949240942196,-0.5521691075100698,0.007905775482680935,-0.005272710203355069,-0.01504558240154985,-0.005125440581378891
1660869496367084,-0.9886015106431678,-0.1488670176241702,0.0617074845502401,0.0235264525064762,0.032905040921009,-0.01180235847612,0.0029870579117302,0.0770545974513225,-0.5518635318216732,0.007863721883544035,-0.0025481400298952295,-0.014529808780300774,-0.005272086269178265
1660869496383064,-0.9875028610666056,-0.1516746776531623,0.0635385671778436,0.0234231981817854,0.0316408491094673,-0.0131846200938688,0.0032041208909336,0.0773749560249966,-0.5515650674647695,0.007870550658979463,-0.0013045414079996265,-0.015603721928363595,-0.0030969032774172955
1660869496399044,-0.9923857480735484,-0.1541161211566338,0.0658579385061415,0.0231560463952859,0.0304391246697603,-0.0145155610652953,0.003418189976943,0.0776596586260489,-0.5512764443410032,0.007912274704575126,-0.00556868557344814,-0.016240648888651593,-0.0006997787542074585
1660869496415023,-0.9943389028763256,-0.1538719768062866,0.0673228046082243,0.0227926682033189,0.0293128335025511,-0.015749769847526,0.0036296595759706,0.0779131241291055,-0.5509994227315237,0.007971849896650198,-0.006769656338602936,-0.014396854084473915,0.0006885786130878119
1660869496431003,-0.9972686350804914,-0.1502098115510795,0.0691538872358279,0.0223990162330494,0.0282535144712936,-0.0168717483342817,0.0038387102469802,0.0781394303838536,-0.5507347892309538,0.008033227140051984,-0.008729449688491764,-0.009661219946340144,0.0022676951166222675
1660869496446983,-0.9906767376211184,-0.1509422446021209,0.0678110933089186,0.0220255468043848,0.0272376848401616,-0.0178908094941594,0.0040452751460763,0.0783411567968261,-0.5504825760795228,0.008090952269863531,-0.0019237970062069287,-0.009354287697643432,0.0008324110707416815
1660869496462963,-0.9861600671396964,-0.1527733272297245,0.0675669489585715,0.0216983371554149,0.0262339815726119,-0.0188267651246802,0.0042490226377731,0.0785192240920219,-0.5502423592966974,0.008160123106171193,0.002333586127693632,-0.010066833292722344,0.0005294400483551176
1660869496478942,-0.9817654688334478,-0.1557030594338902,0.0664682993820093,0.021418980858432,0.0252090772041089,-0.0197014266031922,0.0044493380912518,0.0786734185866445,-0.5500135677889783,0.008235418764287988,0.006055365990548012,-0.011696908947199242,-0.0005122885753863771
1660869496494922,-0.9855497062638284,-0.1569237811856259,0.0663462272068358,0.0211726616031772,0.0241374162996322,-0.0205309631882672,0.0046453495226966,0.078802348861878,-0.5497958224426658,0.008303891116029822,0.0020440157041506923,-0.011625867629041442,-0.0005709246755038755
1660869496510902,-0.9878690775921264,-0.1585107194628823,0.0667124437323565,0.0209414503464742,0.0230088460810305,-0.021318820333606,0.0048360146375571,0.078904177363037,-0.5495890271256479,0.008377682710277777,-0.0002478200617325177,-0.011891525315668061,-0.00018423733498486305
1660869496526882,-0.9927519645990692,-0.1570458533607995,0.0690318150606543,0.0207182453044638,0.021826355253751,-0.0220557208434141,0.0050202167306879,0.0789782631234112,-0.5493931338985304,0.00845753522489335,-0.0046176363618077865,-0.009383993292226722,0.0019216205939816405
1660869496542862,-0.9964141298542764,-0.1532616159304188,0.0697642481116957,0.0205151940841685,0.0205986256144807,-0.0227188237675683,0.0051967899449333,0.0790248765933222,-0.5492079708030391,0.008510270180769117,-0.007451821455313423,-0.005039780275661432,0.0023886482805207387
1660869496558841,-0.9912870984969864,-0.1533836881055923,0.0704966811627372,0.0203630226338243,0.0193322821358886,-0.0232641997467587,0.0053644057584741,0.0790446369765843,-0.5490330433154855,0.008578617682388281,-0.002092311088221166,-0.004645667205751464,0.00280897319840602
1660869496574821,-0.9868925001907378,-0.1550926985580223,0.0682993820096129,0.0203027120232362,0.0180297154570952,-0.0236271735905068,0.0055213619408379,0.0790400602190646,-0.5488671395099268,0.008631234787771612,0.0020720584962247157,-0.005719209892363297,0.0005505066407535397
1660869496590801,-0.983718623636225,-0.156313420309758,0.0669565880827036,0.0203733391233741,0.0167025129502683,-0.023740765432873,0.0056655245689585,0.0790151233339455,-0.548708341712145,0.008676287289278656,0.0047213415456638375,-0.0062459384796891,-0.0007130585575401832
1660869496606781,-0.9838406958113984,-0.1600976577401387,0.069398031586175,0.0206002389402869,0.015392324996683,-0.0235608651592737,0.0057946820830179,0.078972865913809,-0.5485544601565273,0.008774088195146943,0.004139342433441384,-0.009027158319062811,0.001555546451338083
1660869496622760,-0.9826199740596628,-0.1613183794918744,0.07708857862211,0.0209874875976681,0.0141743390743753,-0.0230841826057308,0.0059072404735939,0.0789173726089804,-0.5484030354244255,0.008970615981126088,0.004824057766659284,-0.009223092063718658,0.008321484138545776
1660869496638740,-0.9799343862058444,-0.1607080186160066,0.0818493934538793,0.0215168255706814,0.0131339801251469,-0.0223548028072316,0.0060028792036417,0.0788572167832771,-0.5482511914688425,0.009209108960072565,0.006758681058429916,-0.00775145806906577,0.011774069073283586
1660869496654720,-0.9818875410086214,-0.1586327916380559,0.0798962386511021,0.0221520556246506,0.0123322089675144,-0.0214563121738226,0.0060828001469193,0.0788022256503861,-0.5480962879834856,0.009381220818901234,0.0043249736300876584,-0.005108607982003577,0.008838822843455746
1660869496670715,-0.9815213244831008,-0.1522850385290302,0.0774547951476307,0.0228464537875601,0.0117820698299271,-0.0204899283719339,0.0061494548086209,0.0787573795716308,-0.5479368397968701,0.009463459221013567,0.0042220711400474675,0.0011152306143199509,0.005757641405985919
1660869496686695,-0.9813992523079272,-0.1506981002517738,0.0768444342717629,0.0235516192114584,0.0114450709473794,-0.0195526062917323,0.0062059090637985,0.0787222151014779,-0.5477726267144116,0.00952011748016169,0.003909728983699012,0.002431952002418719,0.004632552477106283
1660869496702674,-0.9810330357824064,-0.1510643167772945,0.0751354238193329,0.0242266341005829,0.0112372419450453,-0.0187265237863067,0.0062550952199896,0.0786940613392602,-0.5476042004068514,0.009553687915867455,0.0038483509582978304,0.0018591619292082084,0.0026311878222086554
1660869496718654,-0.98115510795758,-0.1504539559014266,0.07196154726482,0.0248451107145706,0.011037379738135,-0.0180726980105177,0.0062990955671862,0.0786701891540127,-0.5474324238174659,0.00954020969743336,0.003353650904811878,0.002222570524568507,-0.0004884198590738159
1660869496734634,-0.9860379949645228,-0.1533836881055923,0.0709849698634315,0.0253975693143265,0.0107053181791507,-0.017623696863519,0.0063385548457307,0.0786484869033859,-0.547258149607606,0.009522502235315039,-0.0013763124919178304,-0.0006364455116374679,-0.0013184975344160965
1660869496750614,-0.9910429541466392,-0.1536278324559395,0.0715953307392993,0.0258884186498305,0.0101147950703498,-0.0173820892195779,0.0063724114842906,0.0786268229453744,-0.5470821051302555,0.009503358841784937,-0.005743144506630826,-0.0007925308757861793,-0.0006373229926934648
1660869496766594,-0.9883573662928208,-0.1570458533607995,0.071107042038605,0.0263285752177678,0.0091874321567443,-0.017322607865965,0.0063980942310055,0.0786018052426718,-0.5469049699144048,0.009509911985037362,-0.002751800987531139,-0.0037894966025815713,-0.0010130505240489862
1660869496782573,-0.9843289845120928,-0.1607080186160066,0.0647592889295793,0.0267266178746712,0.0079115673482238,-0.0173933776141266,0.0064120980739309,0.0785690807548346,-0.5467274099854789,0.009471923186408417,0.0011489227138771207,-0.006706495672009816,-0.006624723269767208
1660869496798553,-0.9798123140306708,-0.1637598229953459,0.0658579385061415,0.0270827617016454,0.0063456795676769,-0.0175241085667274,0.0064107519418918,0.0785248308297032,-0.5465500822093072,0.00948609105437397,0.0050990338757691545,-0.008782470046214214,-0.004973466323884512
1660869496814533,-0.9772487983520256,-0.1687647821774623,0.0673228046082243,0.0273887238283293,0.0046127604229012,-0.0176445657039346,0.0063910777711056,0.0784666407601993,-0.546373743070936,0.009562945580054511,0.006896294598972896,-0.012408686305497546,-0.0031577401996215337
1660869496830513,-0.9781033035782408,-0.1687647821774623,0.0701304646372165,0.0276336272418692,0.0028832260533673,-0.0177030277522141,0.006351639979643,0.0783934215306799,-0.5461993873258291,0.009667536729753942,0.005437610435481854,-0.011167817674947789,-0.00031507215356640916
1660869496846492,-0.9877470054169528,-0.1611963073167009,0.0681773098344393,0.0278130753586794,0.0013464378309448,-0.0176745330041995,0.0062931862325524,0.0783051580941917,-0.5460282419646384,0.009656169900464908,-0.0037854822629072027,-0.0032394085327677458,-0.0020414042607092564
1660869496862472,-0.99311818112459,-0.1522850385290302,0.0679331654840922,0.0279367323816305,0.0001799318954041,-0.0175545541893684,0.0062188856377337,0.0782036661803782,-0.5458614682910352,0.009561853801180065,-0.008240992173489947,0.005104674229412687,-0.0020569937499507196
1660869496878452,-0.9950713359273672,-0.1498435950255588,0.0695201037613486,0.0280313509202528,-0.000483328663239,-0.0173449685616389,0.0061340457214703,0.0780936157575461,-0.5456997326635642,0.00947469660378092,-0.009174732278640407,0.006791505959595684,-0.0004230499254248843
1660869496894432,-0.9899443045700772,-0.1478904402227816,0.0692759594110015,0.028139066161175,-0.0005890653998781,-0.0170491157308065,0.006045290534276,0.0779814735057409,-0.5455430124011039,0.009392541153367358,-0.0036429308292154072,0.00787019468613559,-0.0006004748481947958
1660869496910411,-0.9824979018844892,-0.1465476462958724,0.071107042038605,0.0283115343609449,-0.0001755295589279,-0.0166757104251425,0.0059594025300465,0.0778736135580465,-0.5453905426591472,0.009349485829445834,0.0034231246707353558,0.0082916897517403,0.0011075470014678401
1660869496926391,-0.9756618600747692,-0.1450827801937895,0.0730601968413822,0.0286018551027557,0.0006397534130833,-0.0162348073245911,0.0058821598896378,0.0777764370321475,-0.5452406222513451,0.009343516230255646,0.009233249832409807,0.008780900268440889,0.0027546316238205304
1660869496942371,-0.974929427023728,-0.1443503471427481,0.076234073395895,0.0290580273327004,0.0016773975419986,-0.015732150389508,0.0058173474711869,0.0776963372057845,-0.5450905805051885,0.009378622007752744,0.008969114595105854,0.008561999987534069,0.0053356573604999985
1660869496958351,-0.9844510566872664,-0.1421530479896238,0.0748912794689857,0.0297182684146827,0.0027243105111151,-0.0151764137427014,0.0057660896012878,0.0776368836276179,-0.5449372015107703,0.009355765777999915,-0.0004972635615893006,0.009683369226592548,0.0035935770902316283
1660869496974331,-1.000320439459831,-0.1394674601358052,0.0591439688715951,0.0306042821163352,0.0035854751123955,-0.0145838174985972,0.0057267838101713,0.0775966505541119,-0.5447771852690362,0.009079485997646495,-0.014729981700738581,0.01113206137237005,-0.010938360156443082
1660869496990326,-0.995925841153582,-0.1297016861219196,0.0763561455710686,0.0317123590062368,0.0041045273100236,-0.0139748147793985,0.0056955407961738,0.0775704850604636,-0.5446073395984039,0.009005228080556043,-0.009301845055040503,0.018808051847630097,0.005646434888727375
1660869497006305,-0.9694361791409172,-0.1421530479896238,0.0829480430304414,0.0330063166964093,0.0041306319480576,-0.0133801816249144,0.0056665483060421,0.077551211655597,-0.5444248387697299,0.009168312671719855,0.01546903526186183,0.005721020981933306,0.011014499113290166
1660869497022285,-0.9710231174181736,-0.1483787289234759,0.0692759594110015,0.0344130294298787,0.0035268392595001,-0.0128428258688905,0.0056322947851949,0.0775301704848802,-0.544227701474826,0.0091755907380065,0.012493887286144867,-0.00045419395672691154,-0.002391826055534771
1660869497038265,-0.975173571374075,-0.1559472037842373,0.0540169375143051,0.0358223367098138,0.0022580431090093,-0.0124073767950436,0.0055844257290118,0.077498937034234,-0.5440152156987724,0.009022796144953207,0.007509089997219109,-0.007220401935739501,-0.015885763157008057
1660869497054245,-0.9728542000457772,-0.1603418020904859,0.0558480201419087,0.0370984131991929,0.0004462190395933,-0.0121258241314314,0.0055155729699005,0.0774517197190471,-0.5437882674239376,0.008950463347762443,0.00884561519296534,-0.010453500217789291,-0.012649212476464021
1660869497070224,-0.9813992523079272,-0.1603418020904859,0.0630502784771493,0.0381024812184837,-0.0016773119399385,-0.0120593949399496,0.0054212661185426,0.0773852302989381,-0.5435497065382051,0.008951561975567835,0.0002705066377337584,-0.00940815019601035,-0.00490225872710108
1660869497086204,-0.9917753871976808,-0.155458915083543,0.0626840619516286,0.0387164259063988,-0.0038602312898051,-0.0122439085537284,0.0053007704206625,0.0772969125030587,-0.5433045020014506,0.008883067677589163,-0.009095065426817817,-0.004072736870160687,-0.004741627727359601
1660869497102184,-0.999343862058442,-0.1522850385290302,0.0629282063019758,0.0388613664259173,-0.0058989249083151,-0.0126781483766478,0.0051566449177276,0.0771844955983677,-0.5430593557875596,0.008782808137786015,-0.014997186258821071,-0.0008089742840831082,-0.004047735039311148
1660869497118164,-0.9921416037232014,-0.1430075532158388,0.0626840619516286,0.0385091439148529,-0.0076851960029213,-0.0133685717959465,0.0049936267529102,0.0770456730285704,-0.5428219753163321,0.008650258820405677,-0.007015435131222492,0.007621659926197455,-0.0038626914506925264
1660869497134143,-0.9990997177080948,-0.1362935835812924,0.0498664835584037,0.0376799208610773,-0.0092167039366297,-0.0143390026451785,0.0048173373748863,0.0768770320142334,-0.5426002904442998,0.008309528108356229,-0.012576194204504287,0.012902066604669471,-0.015012242859525682
1660869497150123,-1.004837109941253,-0.1273823147936217,0.050354772259098,0.0364265345533548,-0.0105653616391447,-0.0155719433134208,0.004632939485278,0.0766754005384675,-0.5424015750288631,0.007941210536065536,-0.016482227793896298,0.01963200185310618,-0.013071558742948242
1660869497166103,-0.9958037689784084,-0.1298237582970931,0.049500267032883,0.0348194154730062,-0.0118415009865312,-0.0169840648225016,0.0044439283598228,0.0764404228251085,-0.5422317734929243,0.00763948716778256,-0.006703998147946533,0.015471502514671304,-0.012533457572246914
1660869497182083,-0.9995880064087892,-0.1391012436102845,0.0518196383611808,0.0329393325898714,-0.0131710779808989,-0.0184761555544481,0.004251430936825,0.076173295926,-0.542095476855454,0.007449864948038381,-0.009439412020494586,0.005574615481331924,-0.009192677619554203
1660869497198063,-1.009475852597848,-0.1453269245441366,0.0536507209887844,0.0308720755154133,-0.0146593034329833,-0.019983278928987,0.0040543149745525,0.075873817832056,-0.5419961410892703,0.007329634228601047,-0.017394532388598116,-0.000585958907268147,-0.006625435492755544
1660869497214042,-1.005447470817121,-0.1492332341496909,0.0532845044632637,0.0287017242327914,-0.0163511690764338,-0.0214872070542621,0.0038500737854814,0.0755406993255151,-0.5419359924783701,0.007254039807599537,-0.01202953554708397,-0.004043041661540209,-0.006292486816448617
1660869497230022,-1.005447470817121,-0.1458152132448309,0.0493781948577094,0.0265045579742513,-0.0182302876556732,-0.0230065847775865,0.0036360027253079,0.0751731410779615,-0.5419159049958784,0.007118867363426687,-0.010826581992375517,-0.0005625186810122029,-0.009178916779802634
1660869497246002,-1.010452429999237,-0.1404440375371938,0.047791256580453,0.0243430875210358,-0.0202435949602933,-0.0245687380323876,0.0034100604325993,0.07477086499485,-0.5419355798167288,0.006944196007648499,-0.014248387057042344,0.00432779132396241,-0.00968926955135313
1660869497261982,-1.005447470817121,-0.131288624399176,0.0519417105363544,0.0222605602186075,-0.0223146615997268,-0.0261796722976783,0.0031712339899775,0.0743339178304168,-0.5419938721447269,0.006785500160018687,-0.00831908508743373,0.012134884015782194,-0.004984934035906559
1660869497277961,-1.0050812542916,-0.1245746547646296,0.0474250400549323,0.0202802000579108,-0.0243506942296044,-0.0278199112903389,0.0029196268121902,0.073862827931498,-0.5420891434408442,0.006547431140215611,-0.007157581705721339,0.016963968285295714,-0.008551444065595791
1660869497293941,-1.002029449912261,-0.1301899748226139,0.0444953078507666,0.0184109331841989,-0.0262561505140833,-0.0294571133629627,0.0026564376473494,0.0733586762494395,-0.5422195664766336,0.006331589543981882,-0.003695199593744314,0.01021378340458029,-0.010333058642785345
1660869497309906,-1.005203326466773,-0.132997634851606,0.0427862973983366,0.0166573872648011,-0.0279422290561041,-0.031050108202639,0.0023838462390609,0.0728231354395368,-0.5423832835146589,0.006134980729798738,-0.006182168533430676,0.00666551103802937,-0.010837862185693811
1660869497325885,-0.9966582742046236,-0.1284809643701839,0.049500267032883,0.015032739746825,-0.029332382610666,-0.0325485382958491,0.0021048098671432,0.0722580847292528,-0.5425784202902423,0.006015209768231435,0.0021265953558469164,0.010063963367506368,-0.0037115032960326685
1660869497341865,-0.9950713359273672,-0.1182269016556039,0.0530403601129165,0.0135727055678289,-0.0303752447009875,-0.0339069576954409,0.0018227871820931,0.0716657101120076,-0.5428028093612928,0.0059039965370692804,0.003342180269792938,0.018286223473877733,-0.00015426919439925219
1660869497357845,-1.000564583810178,-0.1178606851300832,0.0471808957045851,0.0123443800193006,-0.0310512295025986,-0.0351056586577314,0.0015414665156678,0.071049707800925,-0.5430533696351788,0.005736782119376576,-0.0019359608517161009,0.01678719599945859,-0.005412360242457587
1660869497373825,-1.006912336919203,-0.1233539330128939,0.0543831540398258,0.0114427602628148,-0.0313532862149432,-0.0361540186376324,0.0012646785304303,0.0704149907747816,-0.5433256039122071,0.0057215465624316855,-0.007455342564667067,0.010164553304983101,0.0016109082835048041
1660869497389804,-1.010086213473716,-0.1297016861219196,0.0481574731059737,0.0109748118022834,-0.0312648575968561,-0.0370822266849377,0.0009965752335363,0.069765799916363,-0.5436134545817267,0.0056562209622183016,-0.009566297207262098,0.0034351201763616612,-0.004153295385312561
1660869497405784,-0.9947051194018464,-0.1171282520790418,0.0493781948577094,0.0110369084215415,-0.0307758686799486,-0.037943722090112,0.000741827625736,0.0691061918316141,-0.5439092031950182,0.005549340270088706,0.005233317178146901,0.014407698797315502,-0.002639316270219183
1660869497421764,-0.976638437476158,-0.1051651789120318,0.0459601739528494,0.011690317431055,-0.0299230503708446,-0.038812804636173,0.0005054334557539,0.0684416588595315,-0.5442035973000185,0.005367058487019862,0.02096999919345166,0.023733694767892957,-0.005451603457571265
1660869497437744,-0.980544747081712,-0.0966201266498818,0.0447394522011137,0.0129390305077247,-0.0287961191084421,-0.0397503279096307,0.0002920560340691,0.0677771392478619,-0.5444867658975079,0.00520987789983792,0.015357320629107885,0.029050872327038665,-0.006005092688376262
1660869497453724,-0.9817654688334478,-0.0977187762264439,0.0498664835584037,0.0147183713333999,-0.0274984631625699,-0.040763004270293,0.0001052925631893,0.0671147363296459,-0.5447495028104368,0.005185049699440383,0.012722938989634835,0.025157000475428917,-0.0007902551979776309
1660869497469703,-0.9770046540016786,-0.0974746318760968,0.0448615243762873,0.0169014322954946,-0.0261158532921771,-0.0418001128553871,-5.274443808331525e-05,0.0664562653001748,-0.5449841152639767,0.00513164415746361,0.01573537843926376,0.02286103034319842,-0.0052156929420846335
1660869497485683,-0.9807888914320592,-0.1065079728389411,0.043518730449378,0.0193204829061611,-0.0247230877354819,-0.0427806067779927,-0.0001815798686728,0.0658055954116858,-0.5451850703042922,0.005075649607904382,0.01075602690799482,0.012444920442318694,-0.005902638182094536
1660869497501663,-0.976882581826505,-0.1072404058899825,0.0431525139238573,0.0217936990502605,-0.0233956626452155,-0.0436192669782904,-0.0002824428110724,0.065166482824995,-0.5453497047200486,0.0050415007691541405,0.013196102862194081,0.010541238652149565,-0.005641969236853707
1660869497517643,-0.9859159227893493,-0.1096818493934539,0.0466926070038908,0.0241495624263263,-0.0221930146604137,-0.0442487347923471,-0.0003581054944219,0.0645410723440306,-0.5454784123091204,0.005040603977711706,0.0037464857094148263,0.007289815633810343,-0.0018916885411381854
1660869497533622,-0.9868925001907378,-0.0974746318760968,0.0474250400549323,0.0262452043528616,-0.021131557322124,-0.0446402081218395,-0.0004122485951927,0.0639306644284464,-0.5455742275204765,0.005084432235712602,0.0024929174772236884,0.0175473298360507,-0.0010433299410870164
1660869497549602,-0.98628213931487,-0.0905165178912033,0.0438849469748987,0.0279770607543928,-0.0201907082589674,-0.044803969339306,-0.0004485966833015,0.0633355324263378,-0.5456422758775122,0.005117869404680266,0.002792950517782389,0.022054899438849793,-0.004125080719008564
1660869497565582,-0.9829861905851836,-0.0964980544747082,0.0438849469748987,0.0292845527982459,-0.0193514018737762,-0.0447665799963952,-0.0004704513695053,0.0627562018968616,-0.5456889506465529,0.005151494144097742,0.005480009322721968,0.0144660265698104,-0.003712572647107712
1660869497581562,-0.9870145723659114,-0.0999160753795682,0.0508430609597923,0.0301490617321722,-0.0186158159367393,-0.0445553407210493,-0.0004807812888341,0.0621959363145804,-0.54572094642723,0.005252199828263786,0.0013064647877946145,0.009943205098455365,0.002920987204007297
1660869497597541,-0.9983672846570536,-0.0962539101243611,0.0523079270618751,0.0305896178237222,-0.0179918018632524,-0.0441998399624096,-0.000482396807714,0.0616579800283986,-0.5457449093784635,0.005350134484717872,-0.00904162275301279,0.01224483331829622,0.003947267975481089
1660869497613521,-0.99995422293431,-0.0918593118181125,0.0485236896314944,0.0306561846053561,-0.0174852355967601,-0.0437308855559114,-0.0004779619179629,0.06114092419253,-0.5457673786493807,0.005419949023887819,-0.009565704927242291,0.014975488462090347,0.00014672749059035234
1660869497629486,-0.9973907072556648,-0.0884412909132525,0.0407110704203859,0.0304221304589396,-0.0171144031942877,-0.043184394809714,-0.0004700414969259,0.0606412575809668,-0.5457940656524177,0.0054235045758755755,-0.00630197032373736,0.016554158430255317,-0.006899302548466338
1660869497645465,-0.999343862058442,-0.088319218738079,0.0491340505073623,0.0299760232430187,-0.0169110779046221,-0.0426186953166789,-0.0004611709196765,0.0601587964677641,-0.5458289384781976,0.005542440919217089,-0.007429612613863101,0.015008607544885921,0.0013713097846590472
1660869497661445,-0.9951934081025406,-0.0877088578622111,0.0458381017776758,0.029411213564275,-0.0168982831483472,-0.0421089094306294,-0.0004537323195368,0.0596961976343334,-0.5458740901459767,0.005629155799240719,-0.0029512427921656315,0.014057071578678443,-0.001732175050524705
1660869497677425,-1.000320439459831,-0.0899061570153354,0.0422980086976423,0.0288146936122044,-0.0170688157755486,-0.0417108132672225,-0.0004496949945052,0.0592555776522759,-0.545930130893744,0.005647412656628434,-0.007270446734510494,0.010673795182998713,-0.004745041317502384
1660869497693405,-0.99995422293431,-0.0927138170443275,0.043518730449378,0.0282593792375368,-0.0173781686259749,-0.0414438731034073,-0.0004503703549181,0.0588372829835078,-0.5459965491179339,0.005662262758665492,-0.006213807188090503,0.007079521638605937,-0.003171887609190016
1660869497709385,-1.000808728160525,-0.0927138170443275,0.0444953078507666,0.0278006504765959,-0.0177549782003192,-0.0413067285256662,-0.0004561960665182,0.0584392038280323,-0.546072101368136,0.005690035598699109,-0.006361481172874828,0.006371569474745334,-0.0019757791870212704
1660869497725364,-1.001907377737087,-0.0847791256580454,0.0390020599679559,0.027474586601645,-0.018129517674138,-0.0412891654092615,-0.0004666800605844,0.0580567563215058,-0.5461551371672002,0.005725624355260328,-0.0067141176744932585,0.012875634774924677,-0.006722124362848768
1660869497741344,-0.9970244907301442,-0.0767223620965897,0.034119172961013,0.0272964112867826,-0.0184629802920516,-0.0413667040917031,-0.0004807184885729,0.0576853749637199,-0.546243660551235,0.00579276850603114,-0.0016481076007953677,0.018839158502742356,-0.010444510232812496
1660869497757324,-0.9956816968032348,-0.0766002899214162,0.035828183413443,0.0272598609693434,-0.0187524309534549,-0.0414918233801649,-0.0004972075525903,0.0573226413910846,-0.5463354460684835,0.005889128668188296,-0.00027478230649735647,0.017065107610124267,-0.007861949802344247
1660869497773304,-1.002517738612955,-0.0774547951476312,0.0379034103913937,0.0273397197836443,-0.0190123364804567,-0.0415964266578409,-0.0005155869181797,0.0569677146524376,-0.5464284321916292,0.0059969519146101284,-0.006399741704595674,0.01458954214551833,-0.005208050541954189
1660869497789283,-0.9923857480735484,-0.0693980315861755,0.0411993591210801,0.0274995392284902,-0.019259925784863,-0.0416086456873534,-0.0005360767140421,0.0566206652030346,-0.5465210417394516,0.006222136264576895,0.0033590239513298092,0.02038167513627663,-0.0017208916310410133
1660869497805263,-0.9911650263218128,-0.0715953307392998,0.0403448538948652,0.0277033997036734,-0.0195182571382435,-0.0414692348163033,-0.000559701649775,0.05628309153807,-0.5466121935368726,0.0064008225231246664,0.004121771132758911,0.016365938384837103,-0.0023178571715303173
1660869497821243,-0.99311818112459,-0.0719615472648205,0.040100709544518,0.0279282553273816,-0.0198179436602713,-0.0411405545040169,-0.0005882469222325,0.0559579269336193,-0.5467011853980575,0.006559872438902794,0.0019517546969834987,0.014399749673384768,-0.002305801369689768
1660869497837223,-0.9955596246280614,-0.070374608987564,0.0432745860990309,0.0281733545482098,-0.020178432567671,-0.0406169530014205,-0.0006240190000899,0.0556480040836345,-0.5467875249047351,0.0067511346521918125,-0.0004407199258390504,0.01438801915557715,0.000781267666340818
1660869497853202,-1.0050812542916,-0.0747692072938126,0.0448615243762873,0.0284630658497437,-0.0205848188896855,-0.0399249108856352,-0.0006692740168272,0.0553552814444222,-0.5468706029779352,0.006884662641849589,-0.008966114630439836,0.008994078764395688,0.0021313853492374926
1660869497869182,-0.9936064698252842,-0.0664682993820098,0.0396124208438237,0.0288415219611796,-0.0209901687215437,-0.0391030678190747,-0.000725580929711,0.0550811348921711,-0.5469493000834036,0.007062887979086289,0.002257802852288271,0.015565488008578654,-0.0028059463649035
1660869497885162,-1.000564583810178,-0.0692759594110019,0.0433966582742044,0.0293614049160668,-0.021340649463861,-0.0381934676446402,-0.0007934897252827,0.0548262206565064,-0.5470217788735563,0.007222412658840024,-0.004230280019345001,0.011482045181627903,0.0008804619589294835
1660869497901142,-0.9893339436942092,-0.0620737010757608,0.0451056687266344,0.0300692954361391,-0.0215939721855843,-0.0372547189129832,-0.0008724837732136,0.0545893372605058,-0.5470855664556636,0.007469009590470112,0.006300324086961462,0.016815873165182092,0.0023305251702235366
1660869497917122,-0.9912870984969864,-0.0556038757915615,0.0481574731059737,0.0309891305387149,-0.0217206749895947,-0.0363547244094315,-0.0009610451642525,0.0543672781520093,-0.5471377711312396,0.007795037835512743,0.003912452355765872,0.020957128604443258,0.004844096594606551
1660869497933101,-0.988845654993515,-0.0475471122301058,0.0424200808728159,0.0321086873809598,-0.0217015311585578,-0.0355377996897132,-0.0010568714796555,0.0541573140514765,-0.5471752958499093,0.00814877715055605,0.005718506273313495,0.026112502949309058,-0.0008039660746961275
1660869497949066,-0.9893339436942092,-0.049500267032883,0.041809719996948,0.0333755694913356,-0.0215282664979297,-0.0348174066392647,-0.0011572400796172,0.0539596551144931,-0.5471952229975316,0.0084438528009852,0.004707195815357279,0.021743413331878667,-0.0012728942555076256
1660869497965046,-0.9878690775921264,-0.0457160296025023,0.0411993591210801,0.0347032004314428,-0.0212013236269475,-0.0342005284909945,-0.0012592933880662,0.0537768772425572,-0.5471954867071553,0.00875848372009615,0.0055548557256961395,0.02297488568603344,-0.0016949296182379725
1660869497981025,-0.9879911497673,-0.0422980086976423,0.0449835965514608,0.035981286966092,-0.0207159179180028,-0.0336934850346161,-0.0013600912985248,0.053612132004309,-0.547175525135343,0.009114084808295316,0.004889505195470378,0.023753615931804098,0.0018803770309284568
1660869497997005,-0.9954375524528878,-0.0448615243762873,0.0402227817196916,0.0370870655427643,-0.0200413458320106,-0.0332789593584466,-0.0014564922346986,0.0534685079634595,-0.5471366664377678,0.00936725098679212,-0.0023012077411056486,0.019071090227843195,-0.002592394020756672
1660869498012985,-0.999343862058442,-0.0442511635004194,0.0441290913252458,0.0378979439702318,-0.019118070737755,-0.0329057318073947,-0.0015450035971962,0.0533486412506574,-0.5470823318778325,0.00962704936911717,-0.0055867656119938935,0.017713305993339985,0.0011825240263177716
1660869498028965,-1.001785305561913,-0.0370489051651787,0.042664225223163,0.0383051650300857,-0.0178840616745622,-0.0325086321376493,-0.0016217557169277,0.0532542995743493,-0.5470180153632113,0.00994744496004038,-0.0072253882039184925,0.022424007895722617,-0.0002541078681885245
1660869498044944,-1.000564583810178,-0.0381475547417409,0.0430304417486837,0.0382258067501564,-0.0163101770137815,-0.0320361197328146,-0.0016827132645914,0.0531871004503326,-0.5469508803614588,0.010226995674801146,-0.00540419980696516,0.019192822487244375,0.00010089779159895562
1660869498060924,-1.002639810788128,-0.0339971007858395,0.0466926070038908,0.0376121385282648,-0.0144250269307202,-0.0314654834796421,-0.0017241329214978,0.0531492434918817,-0.5468891283458448,0.010555789640684675,-0.0067314841064237685,0.021008948798831202,0.003386756742125449
1660869498076904,-1.003006027313649,-0.0239871824216066,0.047791256580453,0.0364592399799475,-0.0123199708952626,-0.0308027125521858,-0.0017431676780473,0.0531430034301079,-0.5468413368477305,0.010992485371402044,-0.0063879305687502,0.027916980446757694,0.00403686568681888
1660869498092884,-1.008010986495766,-0.0115358205539024,0.0487678339818415,0.0348110590739293,-0.0101284137988223,-0.0300735545457724,-0.0017383986980431,0.0531706777569191,-0.5468156531673982,0.01155989979519742,-0.010253600775780636,0.03633150808301571,0.004512098779386645
1660869498108863,-1.01020828564889,0.0011596856641489,0.0502327000839244,0.0327639066146876,-0.0080035431431009,-0.0293180855343761,-0.0017101271441531,0.0532346853292719,-0.5468189233578831,0.012253132314548266,-0.011205809936014166,0.04412431287096032,0.005379268393322589
1660869498124843,-1.01704432745861,-0.006530861371786,0.049500267032883,0.0304647731354835,-0.0061228149148027,-0.0285947959542149,-0.0016605484110663,0.0533350811053169,-0.5468560862224783,0.012777694765570304,-0.01623766657116077,0.032790389251522875,0.004182151808053071
1660869498140823,-1.018509193560693,-0.0220340276188295,0.0530403601129165,0.0281004680608015,-0.004688676856742,-0.0279867678518746,-0.0015939216139654,0.0534669467416194,-0.5469296732587677,0.013063916592982134,-0.015932279405919347,0.015558500704031433,0.0069500203992779105
1660869498156803,-1.018020904859998,-0.0379034103913937,0.0509651331349658,0.0258754650882697,-0.0038831228953537,-0.0275989207658321,-0.0015164157684677,0.0536217925471447,-0.547039167585796,0.013100846214197739,-0.013899591634702002,-0.00027979386167949205,0.004387314079194488
1660869498172783,-1.015945677882048,-0.0454718852521551,0.0475471122301058,0.0239809385912089,-0.0037993606462697,-0.0275386857620869,-0.0014352562143872,0.0537902420437229,-0.5471807136975242,0.01301582221863683,-0.010641928191076788,-0.0070634418501967985,0.0008723638569010372
1660869498188762,-1.007278553444724,-0.0431525139238573,0.0470588235294116,0.0225617314304751,-0.0044018143939267,-0.0278802500680831,-0.0013573409425415,0.0539623430140832,-0.5473476740682345,0.01295705975160676,-0.0017773233783775488,-0.004269663469709098,0.00034566764058615446
1660869498204742,-1.001907377737087,-0.0354619668879223,0.0425421530479894,0.0216910660326712,-0.0055368957426123,-0.0286303329884993,-0.0012879343156684,0.0541274459865279,-0.5475317633236316,0.012976639458571075,0.003234467096333571,0.003078795209603316,-0.0037539025567524392
1660869498220722,-0.9980010681315328,-0.0214236667429617,0.0403448538948652,0.0213628432379113,-0.0069906103717334,-0.0297216549848367,-0.0012299973680315,0.0542757214122225,-0.5477242749353304,0.013168047576004229,0.0064266990316990125,0.015405385819107525,-0.005356081538888974
1660869498236702,-0.9943389028763256,-0.0203250171663995,0.0339971007858395,0.0215045624905658,-0.0085597907174773,-0.031035731545702,-0.0011843454328746,0.0544001645688534,-0.5479171469376138,0.013324142706507522,0.009079977858215571,0.01485363185610275,-0.01053345118312321
1660869498252681,-0.9882352941176472,-0.0197146562905317,0.038391699092088,0.0220046899527797,-0.0100865641215804,-0.0324320726435775,-0.0011503298778826,0.0544976009943124,-0.5481037270451743,0.013492422193332666,0.01366522795520464,0.013917593458773497,-0.005524967589187246
1660869498268676,-0.9889677271686884,-0.0166628519111924,0.0374151216906994,0.022745834768192,-0.0114472717458948,-0.0337734170316519,-0.0011264639644428,0.0545683567999522,-0.5482791454703055,0.013686762156545153,0.011639515413747081,0.015272458054301517,-0.005851390491518262
1660869498284656,-1.001785305561913,-0.0189822232394902,0.0481574731059737,0.0236361215261232,-0.012538500957584,-0.0349499229853056,-0.0011106773575164,0.0546156032156109,-0.5484401808373364,0.013886383463188228,-0.0010602566815298697,0.011657778053403341,0.004401864831380435
1660869498300636,-1.002029449912261,-0.0278934920271609,0.0559700923170822,0.0246295974499296,-0.0132862473676519,-0.0358946681319517,-0.0011003785075367,0.0546451805642324,-0.5485846325953645,0.013978727233831817,-0.0011739609286900432,0.002471858339159378,0.010993035638240035
1660869498316616,-0.9995880064087892,-0.0195925841153581,0.0621957732509343,0.0257279845855932,-0.0136576431042477,-0.0365851526865794,-0.0010925936954178,0.0546646330452419,-0.548710579233542,0.014203718546603804,0.001140734317303549,0.009695489625865961,0.015496844914882922
1660869498332595,-0.9945830472266728,-0.0037232013427939,0.053772793163958,0.0269634988227464,-0.0136558848973511,-0.0370351435134568,-0.0010841787636004,0.0546812994547495,-0.5488158654643971,0.014581271125954419,0.005531124149477984,0.023008385158587146,0.006366478345115965
1660869498348575,-0.9889677271686884,-0.0070191500724803,0.0521858548867015,0.028369946829761,-0.0133106614019057,-0.0372758390290314,-0.0010720373313951,0.0547018117394039,-0.5488978327460967,0.014867293163494574,0.010031799786716089,0.01774119278601067,0.004301586061073517
1660869498364555,-0.9870145723659114,-0.005676356145571,0.0487678339818415,0.029953242750701,-0.0126764617418677,-0.0373337844333948,-0.0010534246577324,0.0547325271587727,-0.5489534498858136,0.015128667122245563,0.010786459130543768,0.017175588041627974,0.0007952086405921682
1660869498380535,-0.9867704280155642,0.0017700465400167,0.0516975661860072,0.0316716063100892,-0.0118263619502255,-0.037222721183838,-0.001026317720219,0.0547782771320921,-0.5489800490704165,0.015481008033572937,0.009927543132801864,0.022159791654494106,0.0033524467602820893
1660869498396515,-0.9832303349355308,0.0110475318532081,0.0536507209887844,0.0334310083950977,-0.0108356095754107,-0.0369467835410101,-0.0009896484118738,0.0548411428693351,-0.5489762708567081,0.01593592703707974,0.012120872591551812,0.028293549270916957,0.004775041406753361
1660869498412494,-0.9861600671396964,0.0109254596780346,0.0531624322880901,0.0350970906650153,-0.0097796084476604,-0.0365051391778269,-0.0009433778042608,0.0549219942119033,-0.5489426479217556,0.016342866446358136,0.008272026348647654,0.025354329386169112,0.003858077435453154
1660869498428474,-0.9857938506141756,0.0068970778973067,0.0601205462729836,0.0365205196778314,-0.0087559915721916,-0.0359028589077088,-0.0008886474544436,0.0550222430763204,-0.5488818418906833,0.016685580346359436,0.007774418586751541,0.01919335284489709,0.009734572278311988
1660869498444454,-0.9900663767452508,0.0038452735179674,0.067689021133745,0.0375673191217361,-0.0078935439750152,-0.0351657383387198,-0.0008280428318056,0.0551427045660354,-0.5487987212086803,0.016985514234245668,0.003151703210108603,0.014527393619002012,0.015572742425166056
1660869498460434,-1.002395666437781,0.0004272526131074,0.0645151445792322,0.0381442679975086,-0.0073216737676408,-0.0343462847128219,-0.000765623981535,0.0552817201977395,-0.5487000723767519,0.017191030817296567,-0.008259827834179556,0.009998435442727811,0.01115897928358793
1660869498476413,-1.006668192568856,0.0017700465400167,0.0620737010757608,0.0382134862936809,-0.0071333816759328,-0.0335184426991439,-0.0007064854316742,0.0554357730470027,-0.5485937427403182,0.017383626992241576,-0.011279118568729096,0.010207106432673401,0.007845782202104884
1660869498492393,-1.007034409094377,0.0070191500724803,0.0647592889295793,0.0377943616530467,-0.007378020660884,-0.0327641301293617,-0.0006560844520744,0.055601169221055,-0.548487562155571,0.017642934153164824,-0.010480801584825006,0.013910588968623301,0.009478233050331047
1660869498508373,-1.006424048218509,0.0148317692835888,0.0558480201419087,0.0369533336087126,-0.0080644524142952,-0.0321545732361117,-0.000619669582588,0.055773754740547,-0.5483885787622731,0.017941642506468118,-0.008883396638061258,0.019550887361758622,0.0005102678363943999
1660869498524353,-1.005447470817121,0.0188601510643167,0.0493781948577094,0.0357851814159044,-0.0091450244243353,-0.0317330850241543,-0.0006017635450793,0.0559478665851199,-0.5483026507802718,0.018236897827245677,-0.007116137313005977,0.02122134222823787,-0.005363601703024412
1660869498540332,-1.00679026474403,0.0106813153276874,0.0584115358205536,0.034392502909942,-0.0104949062684603,-0.0315037106497287,-0.0006055062019288,0.0561171915119496,-0.5482341765056289,0.018433877448128237,-0.007613038115923509,0.011738255842447714,0.0033027653338378107
1660869498556312,-1.009964141298543,0.0115358205539024,0.0586556801709008,0.0328698506506294,-0.0119079452464358,-0.0314318512258924,-0.0006318684001052,0.0562766873688145,-0.5481860123893815,0.018625846608908626,-0.009708223203392707,0.011333484961796442,0.003192218715766512
1660869498572292,-1.008987563897154,0.0131227588311588,0.0541390096894787,0.0312954777413278,-0.0131036694942841,-0.0314625256588796,-0.0006788098261019,0.0564241245153518,-0.5481596092820765,0.0188004946187694,-0.007858481221803215,0.011628380915147559,-0.0011920065890900292
1660869498588256,-1.006057831692988,0.0156862745098038,0.0582894636453801,0.0297301047961437,-0.0137487629160469,-0.0315413837933074,-0.0007404767131962,0.0565615121299053,-0.5481551909756166,0.019010453632922527,-0.00443587411587365,0.012772706934413304,0.0026626026301302327
1660869498604236,-1.005203326466773,0.0188601510643167,0.0571908140688179,0.0282206545710802,-0.0135105340346627,-0.0316194978262564,-0.0008068151219999,0.0566954467490951,-0.548171980729724,0.019237676393065097,-0.003223232000692855,0.014351925140033583,0.0014075577482112328
1660869498620216,-1.010330357824063,0.0256961928740366,0.0575570305943387,0.0268064946732607,-0.0121349768575838,-0.0316505448003284,-0.0008640871224518,0.0568352121195302,-0.5482085497529788,0.019540913962896315,-0.007515237022184484,0.019069170254778136,0.0015963968463588232
1660869498636196,-1.008987563897154,0.0376592660410466,0.0559700923170822,0.0255252420333611,-0.0095212209908147,-0.0315956916096268,-0.0008964349278109,0.0569901591874013,-0.5482630856790414,0.019970864553879916,-0.005555198785747839,0.027929019079609325,8.512712192092209e-06
1660869498652176,-1.006424048218509,0.0415655756466009,0.0523079270618751,0.0244154458000608,-0.0057749224371115,-0.0314329953033575,-0.0008882733651421,0.0571680563575804,-0.5483334095671989,0.020395309688439382,-0.002692514796392542,0.02865179581664726,-0.0032882872887135053
1660869498668155,-0.9997100785839628,0.0586556801709008,0.0602426184481572,0.0235148483129048,-0.0012312249803022,-0.0311637328794249,-0.0008271484472285,0.0573741282126767,-0.5484168529231125,0.021042010588725193,0.003619309354338185,0.04116771030685245,0.004181763687811729
1660869498684135,-0.99995422293431,0.0929579613946742,0.0612191958495458,0.0228545685438752,0.0035692386839675,-0.0308121318924632,-0.0007065648732601,0.0576105888373836,-0.5485101270550901,0.022103375634796505,0.0030376485035917833,0.06792299237756326,0.004642506980280299
1660869498700115,-0.9988555733577478,0.1034561684596014,0.0653696498054472,0.0224512923394802,0.0079645302960673,-0.0304164815264334,-0.0005281013244367,0.0578765660290271,-0.5486093087046248,0.02322180866985625,0.0037226682721387405,0.07057907949824141,0.007913664842563527
1660869498716095,-0.9949492637521936,0.0817273212787057,0.0645151445792322,0.0223005427342925,0.011305613753661,-0.0300135254269158,-0.0003021115846398,0.0581673535520459,-0.5487101461687781,0.023922957348512127,0.00686608008992351,0.04396520908561115,0.006353243654713681
1660869498732074,-0.9932402532997636,0.0333867399099716,0.0564583810177765,0.0223732689763209,0.0131087738727386,-0.0296211322897985,-4.657257001819577e-05,0.0584735417789754,-0.5488086304883356,0.023852147737388536,0.007717581488118186,-0.003937835054810664,-0.0015331679160678208
1660869498748054,-0.99140917067216,-0.000549324788281,0.0571908140688179,0.0226168010939441,0.0131820715132794,-0.0292289561266505,0.0002158922234728,0.0587822444562766,-0.5489014939623713,0.023319926001521833,0.008593797704149697,-0.03408650977775693,-0.0007206613785237723
1660869498764034,-0.9992217898832684,-0.0084840161745631,0.0613412680247194,0.0229613319887907,0.0116703168137192,-0.0288044554175169,0.0004621631730662,0.0590803895386477,-0.5489864849016786,0.022750788733647512,0.0007030606437371523,-0.03781908104763512,0.003086813319639947
1660869498780014,-1.004837109941253,0.0067750057221331,0.0558480201419087,0.0233324935138948,0.0089888597505466,-0.0283062944140224,0.0006727054766674,0.0593581034522994,-0.5490624500273369,0.022430755442457255,-0.004421033472822744,-0.020304053235845033,-0.002165791106853679
1660869498795993,-0.9983672846570536,0.0305790798809795,0.0576791027695122,0.023666226152901,0.0056905516828179,-0.0276934755742053,0.0008343601881388,0.0596107142030706,-0.5491292485361945,0.02247710660387439,0.0018439126302388642,0.003150018830701231,-0.0003012376313251616
1660869498811973,-0.9986114290074006,0.0553597314412144,0.0610971236743722,0.023919184941274,0.0023393969954136,-0.0269296897686114,0.0009413927933933,0.0598386809789902,-0.5491875807483576,0.02287545390956092,0.00143979145190265,0.02513760335184252,0.002805104946181358
1660869498827953,-0.9967803463797972,0.0579232471198594,0.0620737010757608,0.0240723508642077,-0.0005833913441901,-0.0259872281829354,0.0009950494243312,0.0600463770422253,-0.5492387325272334,0.023272977921098295,0.0029437866715554817,0.024931007127438766,0.0034035141128129637
1660869498843933,-0.9970244907301442,0.0446173800259401,0.0713511863889522,0.024130267162944,-0.0027450442802673,-0.0248537186399491,0.0010020507266405,0.0602410966029917,-0.5492841818141933,0.023483337277502524,0.0024296780890875613,0.010462626030167524,0.011412899483403925
1660869498859912,-0.99482719157702,0.038391699092088,0.0740367742427707,0.0241177794701097,-0.0039917386025887,-0.0235415314493451,0.0009724847350552,0.0604318243819504,-0.5493252044954527,0.023597831237201345,0.004164279517990588,0.0038132505866838792,0.01268863860350019
1660869498875892,-0.9909208819714656,0.0431525139238573,0.0759899290455479,0.0240746443095767,-0.0043414362095895,-0.0220921615288873,0.0009175935706495,0.0606274428322202,-0.5493625956781687,0.023775325387668796,0.0072635302111905276,0.007716658876607864,0.013177614065649643
1660869498891872,-1.002029449912261,0.0626840619516286,0.0781872281986721,0.024048078676369,-0.0039504963986735,-0.0205683027996226,0.0008478270261216,0.0608353240483541,-0.5493964685940724,0.024215962945296692,-0.0034605339566444737,0.024523386213941248,0.013837421896896462
1660869498907867,-0.9992217898832684,0.0883192187380785,0.0723277637903407,0.0240838712390289,-0.0030689750676468,-0.0190403084481001,0.0007713512147159,0.0610607408620313,-0.5494261381394596,0.024940245803993333,-0.0005875865348866638,0.04514268870035204,0.007180161739708549
1660869498923847,-0.99311818112459,0.0919813839932857,0.0706187533379107,0.024217527439982,-0.001995974952867,-0.0175792235911331,0.0006930939701971,0.0613068694743575,-0.5494501332046723,0.0256349785015882,0.004964420001412395,0.04392436856000331,0.004924036158550693
1660869498939827,-0.9903105210955978,0.0774547951476307,0.0734264133669029,0.0244670138979734,-0.0010311006598513,-0.0162535548103442,0.0006143947593332,0.0615744530600146,-0.5494664363682064,0.026071732139425895,0.006994872027364152,0.02645800174291349,0.006958526568788606
1660869498955806,-0.9884794384679942,0.0573128862439915,0.0750133516441593,0.0248290322372321,-0.0004160302588426,-0.0151208402782731,0.000533348680578,0.061860624740934,-0.5494729848294989,0.026193997486992943,0.007943359189470978,0.005684483555346856,0.0076909183614405074
1660869498971786,-0.989089799343862,0.0457160296025023,0.0755016403448536,0.0252810106702529,-0.0002834090041033,-0.0142174310135101,0.0004458343820863,0.062158849679327,-0.5494681177227149,0.026147204674181874,0.006599698482242955,-0.005321135777528109,0.007361286355921329
1660869498987766,-0.9951934081025406,0.0523079270618751,0.0748912794689857,0.0257886923110183,-0.0006357012326274,-0.0135497397317533,0.0003469664422372,0.0624611261024204,-0.5494507117353925,0.026193479489926893,0.00044648075120790054,0.001143685513660217,0.006075832932048095
1660869499003746,-0.9940947585259784,0.07196154726482,0.0675669489585715,0.0263166082645906,-0.00136090822772,-0.0130867629044852,0.0002325203624292,0.0627603160700224,-0.5494201707040696,0.026474385069617,0.001390617294993124,0.018717575144944612,-0.001123647820529497
1660869499019725,-0.9944609750514992,0.0863660639353014,0.065980010681315,0.0268384352647076,-0.0022783503138055,-0.012763689623541,9.991606162899382e-05,0.0630513367111151,-0.549376366028604,0.026919523532718415,0.0009219606925250368,0.029809882633883414,-0.0024395274880073953
1660869499035705,-0.989089799343862,0.0836804760814828,0.0679331654840922,0.0273434285426318,-0.0031871734206544,-0.0124986283785859,-5.137036361800833e-05,0.0633318324030536,-0.5493194430579872,0.02729258642407879,0.005663822760146098,0.024411865302058328,-0.0004377354167071773
1660869499051685,-0.9961699855039292,0.0773327229724571,0.0752574959945064,0.0278356892502845,-0.003892482939538,-0.0122093416959076,-0.000219777929952,0.0636022091395515,-0.5492495960641697,0.02756995695904298,-0.0012747270599290372,0.01625770097372936,0.006197935584336317
1660869499067665,-0.9958037689784084,0.0747692072938122,0.0780651560234986,0.0283279460366449,-0.004224471476066,-0.0118285798208764,-0.0004018171296488,0.0638650692216131,-0.5491669249376956,0.027795822243535204,-0.0008176594809673476,0.01232476676557602,0.008105036051995668
1660869499083644,-0.99311818112459,0.0774547951476307,0.0774547951476307,0.0288335816312798,-0.0040686586442953,-0.0113203293554045,-0.0005924417745508,0.0641246635145355,-0.5490713492060624,0.028034069501971494,0.0016811355355658142,0.013509319157455069,0.006745207658514996
1660869499099624,-0.9864042114900436,0.0809948882276643,0.0795300221255814,0.0293584602908961,-0.0033866509963754,-0.0106833167917541,-0.0007856949949772,0.0643861398882121,-0.5489626329387347,0.02830710245236801,0.007555594653101072,0.0153444710137398,0.007938391172819123
1660869499115604,-0.9884794384679942,0.0868543526359957,0.0801403830014493,0.0298953412569935,-0.0022151994842943,-0.0099388247212467,-0.0009755271579484,0.0646544654480288,-0.5488405597598371,0.02863611707654709,0.004932330907635452,0.019083541879864066,0.007693876843818323
1660869499131584,-0.9838406958113984,0.1004043640802621,0.0808728160524907,0.0304247733018692,-0.0006611623532102,-0.0091193943132678,-0.0011566662736163,0.0649336130876092,-0.5487051352569058,0.029123430125500796,0.008613966207808077,0.029370197991717417,0.0075836789053737585
1660869499147564,-0.9875028610666056,0.1123674372472721,0.0812390325780114,0.0309218589781257,0.0011094942845603,-0.0082619311062785,-0.0013254501542489,0.0652261603602237,-0.548556698618983,0.02972771131676503,0.004456620857340776,0.03719994404285469,0.007154905887805013
1660869499163543,-0.9868925001907378,0.1212787060349427,0.077943083848325,0.0313647787133637,0.0029052250122349,-0.0073986226900288,-0.0014804141614756,0.0655331026502833,-0.5483959214488868,0.03038145566848484,0.00456028355988769,0.041500091547472764,0.0034730614423067463
1660869499179523,-0.9889677271686884,0.1115129320210571,0.083070115205615,0.0317420036227647,0.0045522104200094,-0.0065528631551305,-0.0016223995071474,0.0658539653882392,-0.5482236937048834,0.030855528405570456,0.002236550923743419,0.02856088578022843,0.007740083519637064
1660869499195503,-0.9922636758983748,0.0973525597009228,0.0820935378042264,0.0320557930624769,0.0059251611989836,-0.0057441450489982,-0.0017541450977331,0.06618716263937,-0.5480409298612656,0.0310815578360932,-0.0009534580253486302,0.01296046211408472,0.006087155506423608
1660869499211483,-0.9909208819714656,0.0879530022125578,0.0846570534828714,0.0323195224815219,0.0069656448222325,-0.0049886030432258,-0.0018795174588088,0.0665303389773871,-0.5478483920213614,0.031166396440750917,0.0003504023114045962,0.0032048141631477317,0.007785604066561744
1660869499227447,-0.9970244907301442,0.08563363088426,0.0835584039063093,0.0325491517718306,0.0076904891525603,-0.0042913531592578,-0.0020025840611893,0.066880783516066,-0.5476466142533237,0.031204484613632986,-0.0051778858025466334,0.000796898551364944,0.00601825904099966
1660869499243427,-0.9966582742046236,0.0939345387960628,0.0817273212787057,0.0327530240706737,0.0081786693823479,-0.003646161178523,-0.0021267512683804,0.0672359755515158,-0.5474359644025865,0.031345905861157264,-0.004330502349323417,0.008188025816850977,0.0037684587720564627
1660869499259407,-0.9903105210955978,0.1066300450141142,0.0812390325780114,0.0329248033134038,0.0085330739114409,-0.003048635568627,-0.0022542065122345,0.0675938504667263,-0.5472168422501802,0.03164791849427026,0.001815525683732111,0.018795178831412143,0.002952153064225943
1660869499275386,-0.98457312886244,0.1137102311741813,0.0806286717021436,0.0330420290190488,0.0088397596016642,-0.0025078496048567,-0.0023858082589877,0.0679527012726507,-0.546989929267302,0.03201670158571315,0.006797626125200851,0.023287828492331325,0.0021076129695223322
1660869499291366,-0.985427634088655,0.1184710460059506,0.0800183108262757,0.0330713180006008,0.0091494872153672,-0.0020446332035024,-0.0025213463878648,0.0683108164705436,-0.5467564026863241,0.03241190255097939,0.00534880880908728,0.025243778991690558,0.001347526884288977
1660869499307346,-0.9912870984969864,0.1168841077286942,0.0790417334248871,0.0329808033057691,0.009477854446738,-0.0016834998517215,-0.0026599685786305,0.0686657358448146,-0.5465180594548892,0.03273986298321018,-0.00045959003931972386,0.02129115664299075,0.00033385453461035053
1660869499323326,-0.9892118715190356,0.1095597772182799,0.0791638056000607,0.0327577685895026,0.0098064687822131,-0.001447433451053,-0.0028006507229869,0.0690140883862241,-0.5462771342616678,0.032935262792230115,0.0014540732447679838,0.012570143519318802,0.0004103340388055543
1660869499339306,-0.9966582742046236,0.0979629205767906,0.0807507438773171,0.0324257445050103,0.0100833987469862,-0.001355446173469,-0.0029426866863599,0.0693526862093822,-0.5460356767303717,0.03295467417318353,-0.005393096496738026,0.0008759581900465441,0.0017975450844557456
1660869499355285,-0.9973907072556648,0.0924696726939799,0.0817273212787057,0.0320544084775454,0.0102337018133148,-0.0014208231579528,-0.0030861188305404,0.0696788797839442,-0.5457948214220399,0.032900223907354115,-0.0055129765930013175,-0.004155560723487731,0.0024967102372599193
1660869499371265,-0.9995880064087892,0.1088273441672385,0.0789196612497136,0.0317578463704808,0.0101796477276038,-0.0016472454742602,-0.0032319780988113,0.0699895542583015,-0.5455541994301566,0.033065457885377465,-0.006939248171513146,0.01098189967479378,-0.0002798548125589606
1660869499387245,-0.9936064698252842,0.1255512321660186,0.0724498359655143,0.0316808589025784,0.0098548269629548,-0.0020241398944846,-0.0033823204646927,0.0702815543717217,-0.5453113063275414,0.033421409319313436,-0.0008619404292072863,0.02493520890621649,-0.0060747120870824345
1660869499403225,-0.9875028610666056,0.1187151903562977,0.06854352635996,0.0319766218175417,0.0092105669787322,-0.0025316786400679,-0.0035401199018104,0.0705532637777233,-0.545061011093636,0.03363440260887814,0.004717501496524279,0.01628925038684602,-0.008982919523373059
1660869499419204,-0.9857938506141756,0.1102922102693213,0.0697642481116957,0.0327796070016418,0.0082324183275868,-0.0031506119565688,-0.0037089434565574,0.0708041466956911,-0.5447957362656063,0.03371553847636198,0.005783860754058789,0.0070796432698826545,-0.006985977994473633
1660869499435184,-0.9816433966582744,0.1032120241092542,0.0689097428854808,0.0341783967864419,0.0069620985467108,-0.0038571705004286,-0.0038923411947754,0.0710332250495367,-0.5445062349952543,0.033689126032643145,0.008940883238963915,-4.886011659988032e-07,-0.007056434898619679
1660869499451164,-0.9809109636072328,0.10101472495613,0.06854352635996,0.0361955473148372,0.0055015772464454,-0.0046120051859886,-0.0040931204438607,0.0712389361849461,-0.5441825884259411,0.033634578281848536,0.008705984661004806,-0.00197800897886119,-0.00668038628172643
1660869499467144,-0.9750514991989014,0.0972304875257492,0.0690318150606543,0.0387800014319152,0.0039999027771335,-0.0053668417953358,-0.0043127005414345,0.0714193487667078,-0.5438153754969198,0.03353832168420334,0.013108904162402624,-0.005186021768317783,-0.005572887822928932
1660869499483123,-0.9723659113450828,0.1047989623865107,0.0709849698634315,0.041812052648071,0.0026341785587865,-0.0060786948825661,-0.0045506070225523,0.0715719826862539,-0.5433968811587977,0.03356704393615644,0.014215042814599177,0.002144207783199334,-0.003257759718136549
1660869499499103,-0.9690699626153964,0.1130998702983135,0.0682993820096129,0.0451185304968053,0.0015843845809727,-0.0067114554086843,-0.0048042086310642,0.0716944967772285,-0.5429219852454046,0.03370235564617194,0.01575989238985709,0.009400604125501921,-0.005349012814759635
1660869499515083,-0.9682154573891816,0.1228656443121992,0.065980010681315,0.0484959135114992,0.0010059979763945,-0.0072293755902199,-0.0050688379345638,0.0717866583841249,-0.5423885433234448,0.033954475573421516,0.014952957854464599,0.017249740325448848,-0.006901545728751776
1660869499531063,-0.9695582513160907,0.1249408712901499,0.0665903715571829,0.0517381845106708,0.0010048754650855,-0.0075941397443797,-0.005338313201929,0.0718523083045856,-0.5417973384678304,0.0342132933345363,0.012249147534799887,0.017392470573059607,-0.005662066367595489
1660869499547058,-0.9728542000457772,0.1310444800488293,0.0709849698634315,0.0546650977251206,0.0016113723945774,-0.0077712824774841,-0.0056057994871574,0.0718991569857909,-0.5411518507213378,0.034544780064236856,0.008057878924602191,0.021146471398565098,-0.001140721255212196
1660869499563037,-0.973220416571298,0.1401998931868471,0.071107042038605,0.0571450578016546,0.0027660958335119,-0.0077428618829315,-0.0058648712923336,0.0719359487788856,-0.5404579414112216,0.034971494996692304,0.006922496159173175,0.027271696082924624,-0.0009167841720348208
1660869499579017,-0.978591592278935,0.1367818722819871,0.0737926298924236,0.0591071727200291,0.0043372490786148,-0.0075125090434991,-0.0061104829250805,0.0719696155834809,-0.539723246109533,0.035312043309259154,0.0013961884063825591,0.021468307660258146,0.0015919233136054145
1660869499594997,-0.9832303349355308,0.1423971923399714,0.07537956816968,0.0605414280063976,0.0061560128501088,-0.0070995983712928,-0.0063395768336512,0.0720045978605142,-0.5389562009842939,0.03569794976650491,-0.0029182988251919006,0.024375264946418188,0.002860975431775631
1660869499610977,-0.983718623636225,0.1432516975661864,0.0778210116731514,0.0614896282691472,0.0080377536388595,-0.0065348739473244,-0.0065513409139098,0.072043677138297,-0.5381649720351885,0.03606511211273158,-0.003065928773297477,0.02270679315536986,0.004772177041722336
1660869499626957,-0.983718623636225,0.1481345845731292,0.0783093003738457,0.0620297701637956,0.009791485082926,-0.0058612369031388,-0.0067472679320095,0.0720883883230637,-0.5373566598642933,0.03646556913459777,-0.002759335895967663,0.024830712146081402,0.0047344191681749775
1660869499642936,-0.9870145723659114,0.1502098115510799,0.07708857862211,0.0622566482550656,0.011242988652578,-0.0051327721390575,-0.0069309902182498,0.0721380377672339,-0.5365369954995012,0.0368482348333553,-0.005449756163088737,0.02421534521162888,0.003162327674795337
1660869499658916,-0.9850614175631344,0.1493553063248649,0.0700083924620429,0.0622629816174991,0.012270082167142,-0.0044093001134986,-0.0071077357536861,0.0721887392208604,-0.5357103781520304,0.03715920658960111,-0.0031469412242804973,0.021024755986872506,-0.003526072636744579
1660869499674896,-0.9861600671396964,0.1448386358434428,0.0729381246662086,0.0621254664714375,0.0128275969280543,-0.0037493648641639,-0.0072834168793399,0.0722342549611303,-0.5348799707178825,0.03738497597687113,-0.0038210317207582056,0.01485727695490538,-0.0005367063893210039
1660869499690876,-0.9866483558403908,0.1432516975661864,0.0729381246662086,0.0618983007807952,0.0129495988634585,-0.0032039274699936,-0.0074635839205628,0.0722682005313649,-0.5340477977183513,0.0375657762457603,-0.003878388379307318,0.011943304809884064,-0.00048303575038891045
1660869499706855,-0.9903105210955978,0.1464255741206992,0.0714732585641257,0.0616141616667356,0.0127311185077485,-0.0028101446562498,-0.0076525400756864,0.0722864270125387,-0.5332148664738244,0.03776579060166972,-0.006786498271062924,0.013605463227957193,-0.0017531116672246105
1660869499722835,-0.99140917067216,0.1487449454489971,0.0707408255130843,0.061290364436572,0.0123052007110773,-0.0025875510607436,-0.0078527819080822,0.0722885354874798,-0.5323813393563951,0.037975718315304066,-0.007096633062862567,0.014332351100629581,-0.002236990246439405
1660869499738815,-0.9883573662928208,0.1519188220035099,0.0656137941557943,0.0609371738444308,0.0118272940568961,-0.0025416800233251,-0.0080647075809845,0.0722768700961572,-0.5315469178510582,0.038195563741807444,-0.003640345815171142,0.015755604889628128,-0.006627619443356464
1660869499754795,-0.9900663767452508,0.1557030594338906,0.0664682993820093,0.0605658794121478,0.0114563356480827,-0.002673022473451,-0.0082865137365836,0.0722531501192972,-0.5307113879298991,0.03844885370107026,-0.004814420640841033,0.017585858088007944,-0.005195802795427321
1660869499770774,-0.9872587167162584,0.1588769359884035,0.0678110933089186,0.0601940837908528,0.0113302467614707,-0.0029825313093366,-0.0085143350923581,0.0722160978037568,-0.5298748803137601,0.038727785381820604,-0.001806084550663778,0.018683761178268754,-0.003467707981666221
1660869499786754,-0.9883573662928208,0.1613183794918749,0.0670786602578772,0.0598455092396303,0.0115570239650859,-0.0034672624579216,-0.0087426107156525,0.0721626296921434,-0.5290375793664049,0.03901070415690655,-0.002614260714503547,0.019012684213566167,-0.0037801269294368556
1660869499802734,-0.9881132219424736,0.1694972152285041,0.0681773098344393,0.0595445587415548,0.0122174689723795,-0.0041114572375689,-0.008964546018955,0.0720910256812827,-0.5281992166271954,0.03938428915467892,-0.0021331047277407533,0.024472367955175822,-0.0024133296175872926
1660869499818714,-0.9818875410086214,0.1725490196078434,0.0665903715571829,0.0593081760835603,0.0133532193620185,-0.0048867910042102,-0.0091726733018588,0.0720025185352495,-0.5273588954405563,0.039762741960747895,0.003683318585500306,0.02477175510106361,-0.0036002411053593225
1660869499834694,-0.9833524071107044,0.1770656900892655,0.0609750514991986,0.0591350226896731,0.0149529644898045,-0.0057584947502866,-0.0093595651608265,0.0719002592939239,-0.5265154074945806,0.04015073815965134,0.0019966072350755537,0.02635958302423716,-0.008294005047009265
1660869499850673,-0.98457312886244,0.1845120927748534,0.0579232471198594,0.05899132297418,0.0169646831532139,-0.0066823504714448,-0.0095185461471062,0.0717881242149441,-0.5256677662961483,0.040597017581081786,0.0006982969350058932,0.030425387138842547,-0.010211228483713627
1660869499866638,-0.9865262836652172,0.1900053406576641,0.0613412680247194,0.0587975868206473,0.0193134042444971,-0.0076049001829998,-0.0096442078512201,0.0716708475570098,-0.5248157976915477,0.0410856698473642,-0.0011293720809942842,0.03232677151948793,-0.0061138868209682645
1660869499882618,-0.9912870984969864,0.1858548867017626,0.0673228046082243,0.0584216116762105,0.0218969419281022,-0.0084848522634795,-0.0097327441623368,0.0715529826526475,-0.5239610391254471,0.04148062945196291,-0.005301168221487185,0.02535868580722775,-0.00011911521371701927
1660869499898597,-0.989089799343862,0.1817044327458612,0.0679331654840922,0.0576791074267652,0.0245758574908327,-0.0093129397225952,-0.0097822207428223,0.0714360213261225,-0.5231078918829086,0.04178038269148115,-0.002793482161526528,0.01908740866619374,0.00044212109593579074
1660869499914577,-0.9846952010376137,0.1906157015335319,0.0720836194399936,0.0563433176198983,0.027175575213087,-0.0101038087919049,-0.0097928526152795,0.0713181391652463,-0.5222643177408509,0.04218942684869731,0.0014410045302495345,0.025198809708477987,0.00413331754665347
1660869499930557,-0.985427634088655,0.2157625696192875,0.0778210116731514,0.0541670957528274,0.0295059809366432,-0.0108730174986696,-0.0097672560030325,0.0711972711629613,-0.5214418741595293,0.042928064594495476,0.0006377143312873423,0.045311110014810224,0.008883638801830157
1660869499946537,-1.000564583810178,0.2072175173571376,0.0785534447241929,0.0509170314697514,0.0314145244317068,-0.0116166768839949,-0.0097103701897085,0.0710721852246217,-0.5206556549137766,0.04346680104515513,-0.013049311851212164,0.033089451977394296,0.008654464667584488
1660869499962516,-1.008010986495766,0.1970855268177312,0.0695201037613486,0.0464142141353037,0.0328451360306873,-0.0122919851124981,-0.0096287628352637,0.070941012360165,-0.5199240728122231,0.04378295768961689,-0.018446143083120203,0.020661715294189115,-0.0003409886657338296
1660869499978496,-1.011673151750973,0.1900053406576641,0.0581673914702065,0.0405757636663742,0.0338279930945654,-0.0128083347038073,-0.0095297116190791,0.0708015914512864,-0.5192677896225596,0.04393903130461996,-0.019897477504494443,0.01222337622070982,-0.010524330861188327
1660869499994476,-1.032547493705653,0.1716945143816284,0.0691538872358279,0.033449009339048,0.0344069823514688,-0.0130537303213684,-0.0094207893320256,0.0706537038519447,-0.5187077253478083,0.04384870068915191,-0.03669463751325697,-0.005478705049793309,0.00041594841398975846
1660869500010456,-1.05122453650721,0.1873197528038455,0.0940566109712364,0.0252249524193226,0.03459798208387,-0.0129501910655552,-0.0093099133185607,0.0705003398282927,-0.5182626813207385,0.04406387252384932,-0.04983451228333258,0.009131880035181394,0.022786804934458435
1660869500026435,-1.050736247806515,0.2031891355764097,0.1017471580071714,0.0162206510151234,0.0344024606928876,-0.0124887852643229,-0.0092052280210709,0.0703465396607732,-0.5179472235480208,0.04451708809476775,-0.04441160122437382,0.022501136526971027,0.027429616773354107
1660869500042415,-1.043778133821622,0.2059967956054019,0.0932021057450214,0.0068332809050697,0.0338189026876698,-0.0117152645648144,-0.0091147314940721,0.0701961068478286,-0.517770350677713,0.04494752840263463,-0.03370813851553289,0.02277791690036693,0.016996108060083698
1660869500058395,-1.028152895399405,0.2013580529488062,0.0844129091325243,-0.0025207226869524,0.0328384807427304,-0.0106945991330414,-0.0090460520553399,0.0700495423069051,-0.5177348991139382,0.04523866187546824,-0.01627461008398412,0.01632525681939409,0.007386220302827956
1660869500074375,-1.023636224917983,0.2121004043640804,0.0769665064469364,-0.0114662667461656,0.0314689487144922,-0.0094902525376155,-0.0090063141108564,0.0699055180234412,-0.51783750995407,0.04562862751163317,-0.010582145642305862,0.024360847411201453,-5.416414448394802e-05
1660869500090355,-1.035111009384298,0.1998931868467233,0.0776989394979779,-0.0197162312734989,0.0297908459379139,-0.0081661791710496,-0.0090015238945793,0.0697628912454195,-0.5180694438679759,0.04581950061882113,-0.019851237097758823,0.010938266904459926,0.0006104420159017965
1660869500106334,-1.024002441443503,0.1754787518120091,0.0828259708552678,-0.0270933445546326,0.0279867255716154,-0.0068013342212773,-0.0090352971424205,0.0696210682137496,-0.5184181937414628,0.04565351505865679,-0.007868402241267392,-0.01212855131722887,0.005163726035872521
1660869500122314,-1.015091172655833,0.1522850385290306,0.0794079499504079,-0.0335253421778747,0.0263092602578156,-0.0054920932195714,-0.0091075372459956,0.0694801887627046,-0.5188692395226912,0.04516023631840737,0.0009385798917622701,-0.031790038140186605,0.0015711346179113628
1660869500138294,-1.006668192568856,0.1467917906462199,0.0828259708552678,-0.0390214740448501,0.0250247608689211,-0.0043325386732937,-0.0092137944588213,0.0693412044995584,-0.5194075590150358,0.04464196376717369,0.008425403980865331,-0.033554957420697584,0.0044902399704941365
1660869500154274,-1.009475852597848,0.1585107194628828,0.083070115205615,-0.0436412480748853,0.0243703049798605,-0.0033991155036648,-0.0093454531918165,0.0692051866277028,-0.5200187811251389,0.04434418391700051,0.00505596955668608,-0.019652425743631186,0.004260945888757195
1660869500170253,-1.007278553444724,0.1749904631113148,0.0840466926070035,-0.0474654113506539,0.0245145105781714,-0.0027544699686683,-0.0094905336575849,0.069072907149591,-0.5206897875350267,0.04430937007260696,0.006527941838829099,-0.002855413885679281,0.004713770961131111
1660869500186218,-1.011306935225452,0.211367971313039,0.071107042038605,-0.0505789698188968,0.0255062671752139,-0.0024512325613669,-0.0096350896242694,0.0689447300890421,-0.5214088515301875,0.0447542161856767,0.002249604052291021,0.030169884884440418,-0.007403291646540633
1660869500202198,-1.004104676890211,0.2444495307850767,0.0609750514991986,-0.0530723436177232,0.0272411340459467,-0.0025266366838284,-0.0097652003543401,0.0688198572686029,-0.522165692404785,0.04558738504530339,0.008506676148778869,0.056926299920830314,-0.015781753967352333
1660869500218177,-0.9933623254749372,0.228702220187686,0.0508430609597923,-0.0550580003076895,0.029499955455978,-0.0029937556052951,-0.0098689843919458,0.0686959021734874,-0.5229516451891516,0.04608438813229857,0.017324124807647556,0.03706109039109565,-0.023322370056082786
1660869500234157,-0.9816433966582744,0.1787747005416955,0.0552376592660408,-0.056690535129243,0.0320555922420934,-0.0038258631095597,-0.0099377041802803,0.0685698160222062,-0.5237600466889687,0.0458357987827393,0.026138748261879452,-0.011579786329405345,-0.017034994574850866
1660869500250137,-0.9832303349355308,0.1452048523689635,0.0563363088426029,-0.0581735201441313,0.0347635847349043,-0.0049407290837464,-0.0099656287950727,0.0684388261078367,-0.5245869676274443,0.04514411514418477,0.022096628986160716,-0.040634671051923615,-0.0143427104984599
1660869500266117,-0.9827420462348364,0.1403219653620207,0.0591439688715951,-0.0597409302914333,0.0375750847769737,-0.0062117812329852,-0.0099491974494509,0.068300732230639,-0.5254319919460277,0.04446175873730806,0.020326425918169688,-0.04096580225297977,-0.010381545422520934
1660869500282096,-0.99653620202945,0.1560692759594113,0.0615854123750665,-0.0616146203514686,0.0404973261558316,-0.0075124696209205,-0.0098861454128945,0.0681546243620485,-0.5262983882467633,0.044082285058291044,0.005879043111200466,-0.022696642490030255,-0.007146091727144574
1660869500298076,-1.000076295109483,0.1919584954604412,0.0617074845502401,-0.0639536228100534,0.0435484340267193,-0.0087581432587185,-0.0097748720733004,0.0680013044209002,-0.5271924531463877,0.04425096082502492,0.0021050550280508062,0.011873319309899655,-0.006321617596773875
1660869500314056,-1.012161440451667,0.2040436408026247,0.0567025253681237,-0.0668149027390996,0.0467215019235399,-0.0099108997245391,-0.0096141841429156,0.0678422858088292,-0.5281222354793634,0.044565769750487795,-0.008982081282719712,0.021562618186874827,-0.010193919101001245
1660869500330036,-1.011184863050278,0.2046540016784926,0.0567025253681237,-0.0701376956558005,0.049963426661546,-0.0109601319368763,-0.0094034928453194,0.0676791045475569,-0.5290957646871263,0.04485870739832062,-0.007204953493197719,0.019955681156468452,-0.009174527190901116
1660869500346016,-1.006912336919203,0.1820706492713819,0.0573128862439915,-0.0737538104870323,0.0531774288482542,-0.0119100517072243,-0.0091432680605236,0.0675136898949741,-0.530119120265036,0.0448023165821459,-0.0026391846259103957,-0.002364904125578049,-0.0077077496835299825
1660869500361995,-1.014236667429618,0.157289997711147,0.0619516289005872,-0.0774201370545564,0.0562472484368295,-0.0127696525453099,-0.0088353975395463,0.0673474034383114,-0.5311950483935023,0.04441337767962836,-0.008967163622692675,-0.02443100011723165,-0.0027621063242408567
1660869500377975,-1.005325398641947,0.1526512550545513,0.0607309071488515,-0.0808640065815537,0.0590650429112502,-0.013530248526166,-0.0084833153442598,0.0671788604713687,-0.5323224088997367,0.043991209321477424,-5.0305351519508434e-05,-0.02616276849644461,-0.003584545268378897
1660869500393955,-1.001541161211566,0.1520408941786835,0.0580453192950329,-0.0838272105604437,0.061542463468862,-0.0141544512010526,-0.0080919943683695,0.0670037700627787,-0.533496125359157,0.04359478219817257,0.003360538870975427,-0.024095816435081185,-0.0056431198099777535
1660869500409935,-0.9923857480735484,0.1568017090104528,0.0557259479667351,-0.0860978072532707,0.0636066204111347,-0.0145967363758763,-0.0076678520663499,0.0668170432408717,-0.5347074492945244,0.043296998887514655,0.011264356808093567,-0.01740150144298072,-0.0071662420244479955
1660869500425914,-0.9883573662928208,0.1477683680476085,0.046082246128023,-0.0875285312858623,0.0652039181429589,-0.0148250545381008,-0.0072184890125671,0.0666148541993638,-0.5359445988783181,0.04287824904795427,0.013763464729939057,-0.0237913581652425,-0.01512894947684408
1660869500441894,-0.9816433966582744,0.1381246662088964,0.0530403601129165,-0.0880452462697333,0.0663220275558675,-0.0148181329166211,-0.0067521731360204,0.0663962229460778,-0.5371936741901865,0.042379854018212794,0.018429690928036924,-0.030091554003559146,-0.007353751942755525
1660869500457874,-1.004715037766079,0.1116350041962306,0.0613412680247194,-0.0876474382876639,0.0670103182723472,-0.0145615121335639,-0.0062770568773682,0.0661641965391853,-0.5384397262783455,0.04157824660282611,-0.004177755161790753,-0.050923094414602466,0.0008524403721426391
1660869500473854,-0.9905546654459448,0.1093156328679328,0.0682993820096129,-0.0864023550396336,0.0673672598516899,-0.0140632026571887,-0.0058002932812424,0.0659249820570556,-0.5396680344982858,0.040838048549182625,0.008984355442508973,-0.04791821916861025,0.007029498921332526
1660869500489833,-0.9778591592278936,0.1380025940337228,0.0582894636453801,-0.084435506971207,0.0674934365948129,-0.0133735419461668,-0.0053274227320967,0.0656844842413144,-0.5408655172091341,0.04055571900773712,0.01951187549450417,-0.01730813220253824,-0.002682377498610243
1660869500505828,-0.96235599298085,0.1483787289234764,0.0541390096894787,-0.0819199841548439,0.0674604630504524,-0.0125841269722366,-0.0048622252370717,0.0654451407691515,-0.5420218787452411,0.04044281724476107,0.03151353756739306,-0.006238797581506195,-0.006149548309060483
1660869500521808,-0.9632104982070652,0.1227435721370256,0.0515754940108337,-0.0790638798847768,0.0673356263542493,-0.0117995791509251,-0.0044067343496866,0.0652059934715246,-0.5431301890416822,0.03997628582015655,0.02759312910706002,-0.0286865589311613,-0.007841757588934926
1660869500537788,-0.9727321278706036,0.0988174258030056,0.0584115358205536,-0.0760908421932302,0.0672240925991538,-0.0111061161785364,-0.0039610263943688,0.0649651240525303,-0.5441870056676207,0.039232873209190104,0.01626434949916944,-0.04735143473866317,-0.0009051442012935271
1660869500553768,-0.9795681696803236,0.0849011978332185,0.0610971236743722,-0.0732110777952626,0.0672691211837766,-0.0105646001135276,-0.003522869079296,0.0647218206401041,-0.5451922019287216,0.03837152931476408,0.008485476920504609,-0.05514089643760525,0.0016023992872725712
1660869500569748,-0.978835736629282,0.0892957961394671,0.0595101853971158,-0.0705895068055676,0.0676120454276473,-0.0102167240173982,-0.0030876486857016,0.0644772366504393,-0.5461484766250846,0.03765633851928496,0.008296118974391531,-0.04567166831822102,1.3914909014554888e-05
1660869500585727,-0.9821316853589686,0.1189593347066449,0.0535286488136108,-0.0683215942450207,0.0683418695001605,-0.0100798340273598,-0.0026489194261932,0.0642334648404158,-0.5470605615522852,0.037417364762545105,0.0045001532202344485,-0.014407316775938886,-0.005370859507041401
1660869500601707,-0.9832303349355308,0.1380025940337228,0.0466926070038908,-0.0664226464411865,0.0694526873444244,-0.0101394456374821,-0.0021996474673035,0.0639924638424892,-0.5479341300828479,0.03745555900181787,0.0030613532793050124,0.0041723482960251135,-0.010986211185085262
1660869500617687,-0.9795681696803236,0.1295796139467464,0.0424200808728159,-0.0648326738601752,0.0708448361877137,-0.0103533733261017,-0.0017337553255287,0.063756617995142,-0.548774446896403,0.03736346061754836,0.006051166681061093,-0.0038255686118561505,-0.013732863584544147
1660869500633667,-0.985671778439002,0.1107804989700156,0.0513313496604865,-0.063435725571885,0.0723808216700509,-0.0106582487711596,-0.0012472283173482,0.0635293924449621,-0.5495852217261501,0.03703102454328753,-4.719786985563079e-05,-0.020362215229728253,-0.004339435317186197
1660869500649646,-0.988845654993515,0.0869764248111693,0.0585336079957272,-0.0620870571913596,0.0739262839370808,-0.0109762585739419,-0.0007384969221067,0.0633139418749045,-0.550368110212011,0.036408610906817816,-0.0028989669819318165,-0.03974966044971709,0.0025765407162490553
1660869500665626,-0.98970016021973,0.0784313725490193,0.0588998245212479,-0.0606414253721905,0.0753382435882682,-0.0112283887815252,-0.0002085371048199,0.0631114291687729,-0.5511226831199725,0.035728098469809344,-0.003378124987332143,-0.04346524144068038,0.0026484815175927753
1660869500681606,-0.987136644541085,0.0803845273517964,0.0488899061570151,-0.0589803384029637,0.0764649945208943,-0.0113445367838873,0.0003390403146139,0.0629208755211627,-0.5518466329882387,0.03512104813621735,-0.00073314837781846,-0.03736087797411296,-0.00662529316197602
1660869500697586,-0.9723659113450828,0.0950331883726249,0.0488899061570151,-0.0570345380144379,0.0771785870799798,-0.0112665239734668,0.0008981767997416,0.0627395580729205,-0.5525363205501475,0.034792017582289954,0.01263382633636534,-0.02044099525795602,-0.0059627638457784155
1660869500713565,-0.9793240253299764,0.0994277866788735,0.0548714427405201,-0.0547948013513941,0.0773775151145983,-0.0109569165266679,0.0014608439594648,0.0625636593181713,-0.5531875673796749,0.03456852118911229,0.005108141116324516,-0.01444175725653668,1.689546395392677e-05
1660869500729545,-0.98115510795758,0.0911268787670707,0.0541390096894787,-0.0523096989798221,0.0769646625297794,-0.0104097872864789,0.0020174653344817,0.0623896034630799,-0.5537964175973775,0.03424680534653871,0.0029493526398488568,-0.020468398651505543,-0.0006439838283787275
1660869500745525,-0.9745632104982072,0.0755016403448536,0.052918287937743,-0.0496749849203316,0.0758636921184082,-0.0096467232750366,0.0025573258328724,0.0622150457438075,-0.5543598335360139,0.033738322019500715,0.008587125089299485,-0.032484273366350375,-0.0016782350221029863
1660869500761505,-0.9834744792858778,0.0562142366674294,0.0532845044632637,-0.0470169385035159,0.0740614731748789,-0.0087033437961822,0.0030693186337423,0.0620385916106577,-0.554876359990314,0.033001645137230175,-0.00029172932853405165,-0.04659450933939712,-0.0011808166469240572
1660869500777485,-0.982009613183795,0.0419317921721216,0.0521858548867015,-0.0444703022151042,0.071627328995559,-0.0076235327906207,0.0035430423495899,0.0618586706582302,-0.5553466140936681,0.03213540501921817,0.0010558230961940085,-0.054789258451234425,-0.0020515196011376344
1660869500793464,-0.9911650263218128,0.0405889982452123,0.0514534218356601,-0.0421554854909744,0.0687153915502,-0.0064637115796901,0.0039700419533069,0.0616728952879291,-0.555773368004701,0.03132748688203066,-0.007289631037641353,-0.05051884714032936,-0.0025055573869611283
1660869500809444,-0.9798123140306708,0.054627298390173,0.0565804531929501,-0.0401606785357808,0.0655635627209317,-0.0052964434132589,0.0043450905524337,0.061479118738249,-0.5561611096009579,0.030822316503012506,0.0036567731281504923,-0.03283249229583179,0.002359326573295989
1660869500825409,-0.9894560158693828,0.0498664835584037,0.0586556801709008,-0.0385307555849855,0.0624656961775354,-0.0042036048944736,0.0046672587043217,0.0612768497174282,-0.5565153242829378,0.030298314545050838,-0.005388235839505429,-0.03383397641484098,0.00399109819612202
1660869500841388,-0.9916533150225072,0.0464484626535437,0.0560921644922558,-0.0372637652780676,0.0597125654957581,-0.0032601681264574,0.0049402903056658,0.0610668873950135,-0.5568418371887213,0.02977039063755452,-0.006826981493366802,-0.03352679758773089,0.0012848242657293105
1660869500857368,-0.9986114290074006,0.0449835965514608,0.0474250400549323,-0.0363168685936437,0.0575343250931073,-0.0025161897191138,0.0051720344510313,0.0608509068260349,-0.5571461534690599,0.029245530952021766,-0.01240658593043431,-0.03149249732083242,-0.0066440701544347655
1660869500873348,-1.003738460364691,0.0530403601129165,0.0473029678797587,-0.0356211893553954,0.056062921948445,-0.0019820352561498,0.0053730875336181,0.0606327187738455,-0.5574327662443653,0.028884140148968035,-0.01578025555895235,-0.02109216038343905,-0.006089528096647534
1660869500889328,-0.9944609750514992,0.0514534218356601,0.046082246128023,-0.0351010983035674,0.0553111555857175,-0.0016236865421571,0.0055549522771906,0.0604181789658198,-0.5577048766157454,0.028539828353336145,-0.005852493221184529,-0.020411188794625897,-0.006579224863544911
1660869500905307,-0.99140917067216,0.045227740901808,0.0447394522011137,-0.0346920495600868,0.0551713440534378,-0.0013753122667632,0.0057280740562306,0.0602124895591651,-0.5579646743690762,0.028140247406823214,-0.00252061995766073,-0.0239731827556302,-0.007129816911408786
1660869500921287,-0.9905546654459448,0.0518196383611808,0.044373235675593,-0.0343520511142869,0.0554356225975078,-0.001163474947374,0.005900155595412,0.0600186121395429,-0.558213708617451,0.027873318594187776,-0.0014995032583010603,-0.01564315676663166,-0.006746430093236534
1660869500937267,-0.9964141298542764,0.0662241550316622,0.0385137712672616,-0.0340646453684909,0.0558344312717441,-0.0009267939769887,0.0060750541224365,0.0598381006991203,-0.5584531076535372,0.02781831727766867,-0.0066230708999692744,-0.001114776086535249,-0.011345305051411146
1660869500953247,-0.99482719157702,0.0596322575722894,0.0394903486686502,-0.0338344756372429,0.0560935500806148,-0.0006215256491809,0.0062524408610735,0.0596717676040715,-0.5586838311866157,0.027679935972464518,-0.004532519360441634,-0.006936006191317241,-0.009331854885020294
1660869500969226,-0.9984893568322272,0.0287479972533759,0.0422980086976423,-0.0336776726000826,0.0559956130435203,-0.0002199545198257,0.0064282972726181,0.0595189160184053,-0.5589070108876873,0.027123940983981094,-0.0073752161540838745,-0.03403823985920766,-0.005871775370425374
1660869500985206,-1.005203326466773,0.0094605935759517,0.0501106279087508,-0.0336094694794854,0.0554179551732608,0.0002855040119249,0.0065961092512446,0.059376162968208,-0.5591241956497217,0.026368844567723076,-0.012680267209766782,-0.047993079182968676,0.001746759456614816
1660869501001186,-1.003860532539864,0.011657892729076,0.0475471122301058,-0.0336324484738254,0.054336891466681,0.0008738001761006,0.0067484033157575,0.0592378383069293,-0.5593372441951477,0.025715705218950103,-0.010203725954571863,-0.04121620202685994,-0.0007350805998271662
1660869501017166,-1.000808728160525,0.0258182650492102,0.0376592660410466,-0.0337286798270368,0.052807852984052,0.0014959316531952,0.0068782059953293,0.0590985937984364,-0.5595478190520122,0.0253029818025154,-0.0064367294177095635,-0.024350246736053162,-0.009560634109997725
1660869501033146,-0.9958037689784084,0.0276493476768138,0.0353398947127487,-0.0338569451902872,0.0509368514430483,0.002088838138377,0.0069801096336844,0.0589553611821637,-0.5597568585687275,0.024952663820308113,-0.001288593212033784,-0.020267247697604605,-0.010692004894466062
1660869501049125,-0.9958037689784084,0.0239871824216066,0.0369268329900052,-0.0339545725180006,0.0488583711251427,0.0025942869834256,0.0070508563701798,0.0588065077391914,-0.5599643368832531,0.024589958608351125,-0.00115973389083035,-0.02153647165753063,-0.008194559955488602
1660869501065105,-1.002883955138476,0.0114137483787288,0.0382696269169144,-0.0339425290568543,0.0467164043821364,0.0029747538455938,0.0070894987320969,0.058650514719981,-0.5601691334931272,0.02408803985959638,-0.007415928045808151,-0.030698915130367592,-0.006166589425721465
1660869501081085,-1.004715037766079,-0.0037232013427939,0.0416876478217744,-0.0337326493797008,0.0446387549676508,0.0032200209906976,0.0070971611439111,0.0584862141812784,-0.5603688354939307,0.023431124663213204,-0.008322309606069944,-0.04125227836670126,-0.0024737116687753163
1660869501097065,-0.99653620202945,-0.008239871824216,0.0361943999389637,-0.0332376501949358,0.0427169448630432,0.003343641864089,0.0070764721715738,0.0583133243006206,-0.5605596304804357,0.02276217196554347,-0.00012912648249696623,-0.041192053963311034,-0.0071702635964274175
1660869501113044,-0.9956816968032348,-0.0020141908903639,0.0294804303044173,-0.0323843731858794,0.0410030845756706,0.003378735791584,0.007030867003581,0.0581325909206143,-0.5607364113703381,0.022231015845440596,0.0006528408693463605,-0.031469735726513036,-0.012495809907876437
1660869501129024,-0.9910429541466392,0.0029907682917524,0.0214236667429617,-0.0311273367628207,0.0395083135601605,0.0033765105081715,0.0069638802630367,0.0579460130365196,-0.5608930812927047,0.021805028386166374,0.004762425173347795,-0.023818298889957065,-0.018497316122398834
1660869501145019,-0.98286411841001,0.0061646448462653,0.0249637598229952,-0.0294579984068771,0.0381885318491725,0.003394395131369,0.006878382542349,0.0577563185127884,-0.5610231014868513,0.02147838053692654,0.011647134818979277,-0.01857998010189975,-0.013461500738128806
1660869501160999,-0.985671778439002,0.0055542839703974,0.032410162508583,-0.0274080242994059,0.0369323783727353,0.0034681792711345,0.0067757936220423,0.0575654638361482,-0.5611201989036921,0.021193983495434995,0.007955527310988475,-0.017271306879990886,-0.005413588247286903
1660869501176979,-0.9882352941176472,-0.0086060883497367,0.042664225223163,-0.0250486776552569,0.0355807130645565,0.0035868928534938,0.0066555591323686,0.0573738337546879,-0.5611789892182081,0.020760205085006325,0.004852810469108904,-0.02828851128011249,0.00435642702056379
1660869501192958,-0.9900663767452508,-0.0186160067139695,0.0411993591210801,-0.0224881205418136,0.033979891054996,0.0036913606387673,0.0065152373277022,0.0571803971373495,-0.5611954885314882,0.020224667293915324,0.002719555057354772,-0.03446858667991076,0.0026024048266327995
1660869501208938,-0.9881132219424736,-0.0216678110933088,0.0370489051651787,-0.0198653083403742,0.0320334055899944,0.0036988611249683,0.0063512196848499,0.0569824812054083,-0.5611676527034173,0.019690739501315453,0.004205438874118728,-0.03376835195332506,-0.0013932442163417519
1660869501224918,-0.9810330357824064,-0.0237430380712595,0.0242313267719538,-0.0173381281651829,0.0297261802210388,0.0035405325814582,0.0061597292002294,0.0567753484383296,-0.5610958662250901,0.019153336185632572,0.010157062530767313,-0.032259221038148184,-0.012789740348609985
1660869501240898,-0.9792019531548029,-0.0283817807278552,0.0215457389181352,-0.0150646011959862,0.0271306336695385,0.0031876327353462,0.0059377743166082,0.0565528434756648,-0.5609831342949191,0.01860100785399665,0.010789330642533734,-0.033208167325269496,-0.013927795382185727
1660869501256878,-0.983962767986572,-0.0297245746547645,0.0231326771953916,-0.0131781078785231,0.0244011399190482,0.0026518786760672,0.005684000171429,0.0563094731397131,-0.5608348020477217,0.01808702864090808,0.005425664229688043,-0.031095865126960914,-0.011106771394436398
1660869501272857,-0.9911650263218128,-0.0317998016327152,0.0220340276188295,-0.011761890327128,0.0217495028733558,0.0019742205350668,0.0053993752738686,0.05604276013438,-0.5606578261516075,0.017587454158232176,-0.0015989346949973893,-0.02985398289442046,-0.010984878873898651
1660869501288837,-1.003860532539864,-0.0407110704203859,0.0285038529030288,-0.0108313518627389,0.0194092657485449,0.0012165997853193,0.0050875391227709,0.0557540023586623,-0.560459823278017,0.017015864347742864,-0.01286499682174369,-0.03488872651388204,-0.004063548230729415
1660869501304817,-1.007400625619898,-0.0405889982452123,0.0347295338368809,-0.0103306796245652,0.0176033999873213,0.0004487993841857,0.0047547645585409,0.0554473143967218,-0.5602480786587978,0.01651687686465987,-0.014764580911599934,-0.0312899889048376,0.0019459194328104099
1660869501320797,-1.009353780422675,-0.0350957503624016,0.0328984512092773,-0.0101460648179213,0.0165135264476247,-0.0002664278016802,0.0044095953968147,0.0551286015708762,-0.5600285946831495,0.01614406118243872,-0.015045962142939406,-0.023217066919824204,0.00010335312468612995
1660869501336776,-0.9978789959563592,-0.0297245746547645,0.0243533989471274,-0.0101331502302307,0.0162510996727016,-0.0008747539482408,0.0040621364989826,0.0548054329884915,-0.5598053404040053,0.01587012650118993,-0.0032140599089611754,-0.016061302090968396,-0.007597529223717394
1660869501352756,-0.9971465629053178,-0.0281376363775081,0.0260624093995574,-0.0101501782406053,0.0168429060228173,-0.0013287509890396,0.0037230433817589,0.0544874576436792,-0.5595799151411462,0.015650536593032952,-0.002233464172127775,-0.013026927432340796,-0.005299666894158655
1660869501368736,-0.9949492637521936,-0.0270389868009459,0.031555657282368,-0.0100859833480473,0.0182310442444552,-0.001598234010393,0.0034024465562254,0.054185972278373,-0.5593517734915014,0.015481263691558165,-3.2548517103214714e-05,-0.010735450070200738,0.00017422288978675288
1660869501384716,-0.9964141298542764,-0.0255741206988631,0.0331425955596245,-0.0098765698762009,0.0202782852466631,-0.0016773746258041,0.0031089826370857,0.0539117729164566,-0.5591189663807266,0.015353086219355907,-0.0013476731572673595,-0.008343525571306146,0.0015850450503389277
1660869501400695,-0.9903105210955978,-0.0238651102464331,0.029846646829938,-0.0095089954509559,0.0227834353502001,-0.0015751906090145,0.0028489592702192,0.0536729084441549,-0.5588790647600749,0.015255972289211352,0.0042803420412700355,-0.005971063606988531,-0.0015398133114128167
1660869501416675,-0.9964141298542764,-0.0243533989471274,0.0304570077058059,-0.0090134563576286,0.0255145379478889,-0.0013038083958748,0.0026257712761921,0.0534740799443606,-0.5586299221781774,0.015161564096247044,-0.001640940045667616,-0.0058134170769145455,-0.0008365071919904238
1660869501432655,-0.9954375524528878,-0.034119172961013,0.0385137712672616,-0.0084470555163477,0.028250624063844,-0.0008785313311355,0.0024397890799378,0.0533172487561137,-0.5583701627590126,0.014956910103246126,-0.0005979263798511214,-0.014021271981720134,0.006498230732518748
1660869501448635,-0.9978789959563592,-0.0388799877927823,0.040100709544518,-0.007875452373615,0.0308142882407342,-0.0003215088338547,0.0022887767072201,0.0532026879801184,-0.5580993756482308,0.014709870996926725,-0.0027354328949902307,-0.016903878132140494,0.007276652108797632
1660869501464599,-0.9970244907301442,-0.0374151216906994,0.039246204318303,-0.0073582661051839,0.033088014687409,0.0003444007790294,0.0021686384244415,0.0531298639098055,-0.5578180835460772,0.014507730229598894,-0.001692834901897755,-0.013895110827051832,0.005779932194324371
1660869501480579,-0.9998321507591365,-0.0453498130769816,0.0398565651941709,-0.0069407337228999,0.0350198300272066,0.0011078807215838,0.0020742438949534,0.0530975093705425,-0.557527629116739,0.014216169004085339,-0.004050445437801087,-0.019646821992000622,0.005751263763173038
1660869501496559,-0.9980010681315328,-0.052063782711528,0.0391241321431294,-0.0066506145142414,0.036621450357723,0.0019721131478432,0.0020002187158521,0.0531036718026558,-0.557229984833661,0.013858731288524002,-0.0019974265291776705,-0.023724712463892322,0.004516947640918388
1660869501512539,-0.9970244907301442,-0.0543831540398258,0.0464484626535437,-0.0064979772309601,0.037952487553965,0.002944586052006,0.0019416416145602,0.0531463819252305,-0.5569274630862174,0.013529190178078031,-0.0009187642150102482,-0.02343967541297111,0.01065715033619942
1660869501528518,-0.9912870984969864,-0.0501106279087508,0.0430304417486837,-0.006476358794669,0.0390911501217768,0.0040271919955773,0.0018945096640096,0.0532241044262273,-0.5566224237373062,0.013285126377867463,0.00433676521633275,-0.017250434353706504,0.00651521648820548
1660869501544498,-0.9926298924238957,-0.0497444113832301,0.0433966582742044,-0.0065650111499239,0.040107641957908,0.0052167099392847,0.0018558539900483,0.0533360054778747,-0.5563169981294751,0.013073724209036384,0.0026945741604811335,-0.015195796045367221,0.006193289712353563
1660869501560478,-0.9970244907301442,-0.0551155870908672,0.0446173800259401,-0.0067322210030058,0.0410524121979472,0.0065063086022791,0.0018235819502628,0.0534822614685512,-0.5560128389420644,0.012814181947939299,-0.001530021731190656,-0.018510274577703892,0.006672610317680343
1660869501576458,-1.006179903868162,-0.0634164950026705,0.0470588235294116,-0.0069402398284833,0.0419545736674556,0.0078759582936039,0.0017962593923683,0.0536632671708338,-0.5557110352373286,0.012476963069619953,-0.009616891382287607,-0.024130064240556477,0.008202648439036654
1660869501592437,-1.008621347371633,-0.0612191958495458,0.0485236896314944,-0.007153357631449,0.0428210183282485,0.0092799272910497,0.0017729642765167,0.0538783089069611,-0.5554121699156345,0.012215740603585594,-0.010852501397182635,-0.01973948857868859,0.008700763087007513
1660869501608417,-1.004104676890211,-0.0597543297474629,0.0484016174563208,-0.0073492432337311,0.0436340260971079,0.0106466590672047,0.0017531681715084,0.0541257268902433,-0.5551163725355521,0.0120042761134867,-0.005702247824184714,-0.016447160228945122,0.0077208218206505225
1660869501624397,-0.9903105210955978,-0.0597543297474629,0.047791256580453,-0.0075301473009037,0.0443540507851027,0.0118919160087989,0.0017365684487974,0.054403902498006,-0.5548234765025657,0.011810348964367655,0.007282717173385689,-0.014802444206050612,0.006399414850304451
1660869501640377,-0.9912870984969864,-0.0719615472648205,0.0471808957045851,-0.0077286670935671,0.0449345437212148,0.0129381738379714,0.0017229123542897,0.0547112110203035,-0.5545334451381133,0.011470715547046772,0.005675525794797354,-0.02430869555106739,0.005210148576992896
1660869501656356,-0.99824521248188,-0.078919661249714,0.0476691844052794,-0.0080035240803856,0.0453410914434342,0.0137312465147814,0.0017119123034074,0.0550451540550799,-0.5542469332987984,0.011078280109997906,-0.0011543293710867264,-0.02814012858236481,0.005128593549918473
1660869501672336,-0.9973907072556648,-0.084901197833219,0.0438849469748987,-0.0084238086148569,0.0455563419146352,0.0142425545704461,0.0017032523223687,0.055401500617078,-0.5539657137524631,0.01062906058290367,-0.000269841730384357,-0.03070949864928283,0.001209920507583992
1660869501688316,-0.9973907072556648,-0.0813611047531854,0.0421759365224687,-0.0090457700523784,0.0455664185827495,0.0144610861862352,0.0016965575718765,0.0557738903595222,-0.5536927393704983,0.010265287513456005,-0.0002428575573459879,-0.024452465012324315,-0.00044918095036140804
1660869501704296,-1.000686655985351,-0.0753795681696805,0.0431525139238573,-0.0098912882333162,0.0453486325544047,0.0143981645482896,0.0016911976871872,0.0561549022540845,-0.5534316845484898,0.010024726175570327,-0.003184925658328841,-0.01662383558593747,0.00047465680592447684
1660869501720276,-1.012771801327535,-0.072083619439994,0.043518730449378,-0.0109361532979614,0.0448816984071818,0.0141090139342201,0.0016859703957971,0.0565384281937815,-0.553186101349636,0.009859807937707035,-0.01374306390046176,-0.011995098170625877,0.0007567859983006603
1660869501736255,-1.016433966582742,-0.0769665064469369,0.0355840390630959,-0.0121101329427423,0.0441732281984817,0.0137000774576637,0.0016789307979184,0.0569210152349929,-0.552958622179026,0.009608574300001654,-0.015664706240101856,-0.015190186659811894,-0.006460114849183296
1660869501752235,-0.997634851606012,-0.0888075074387733,0.0336308842603187,-0.0133069019143136,0.0432790988911274,0.0133034380409364,0.001667618281251,0.0573012658136633,-0.5527504509519394,0.009202003912576664,0.0028209678629652624,-0.024328068886483478,-0.007571942686764449
1660869501768215,-1.001541161211566,-0.0997940032043946,0.0440070191500723,-0.0144024740253537,0.0423059578152693,0.0130426069902797,0.0016496740871301,0.0576792588645616,-0.5525610479207014,0.008761603216594551,-0.0009768075683298516,-0.03178310818689431,0.002523772982690242
1660869501784179,-0.99995422293431,-0.1079728389410239,0.0491340505073623,-0.0152797113545251,0.0414091356223777,0.0130149094793698,0.0016236690962884,0.0580570252209408,-0.5523880113904913,0.008301684972465619,0.0005491176380333362,-0.03596574953117125,0.006885723905982209
1660869501800159,-1.000076295109483,-0.1047989623865111,0.0487678339818415,-0.0158523567208583,0.0407803163747401,0.013284777075361,0.0015899291272264,0.0584391329361661,-0.5522273111268926,0.007938556396211082,0.00038434091657424396,-0.02951268567899261,0.00586755664241527
1660869501816139,-0.99824521248188,-0.0950331883726254,0.046936751354238,-0.0160814964307783,0.0406064564049876,0.0138762811086783,0.0015510470849917,0.0588328404634396,-0.5520738566228279,0.0077249786353855675,0.0019938811897596276,-0.017772220498596225,0.0036328266133305934
1660869501832119,-0.9922636758983748,-0.0872205691615168,0.0470588235294116,-0.0159815195100249,0.0410137868040592,0.0147653007596324,0.0015117839721925,0.0592472065249538,-0.5519223019759845,0.007626678808957997,0.007177875995938332,-0.008963641158738864,0.0033794089096537763
1660869501848098,-0.9844510566872664,-0.0813611047531854,0.049500267032883,-0.015615814510719,0.0420283480268075,0.0158793294352688,0.0014783408529485,0.0596903544949652,-0.5517680158681563,0.00762699172806929,0.013491445686342085,-0.0027937590753667335,0.005238767171812667
1660869501864078,-0.9893339436942092,-0.0756237125200276,0.0573128862439915,-0.015083387558016,0.0435614359922385,0.0171134590203908,0.0014571935555831,0.0601663170492412,-0.5516079485349242,0.007765895857439465,0.007747702811459312,0.00264926984201197,0.011746247744629047
1660869501880058,-0.9918974593728542,-0.0790417334248876,0.0545052262149994,-0.0144987967808823,0.0454199859476408,0.0183550102198244,0.0014537360548029,0.0606739940354525,-0.5514410355927934,0.00783087120204482,0.004665768419532812,-0.000691875956563226,0.008044728944073244
1660869501896038,-0.9893339436942092,-0.0864881361104754,0.0534065766384372,-0.0139697282118778,0.0473466688775958,0.0194991753271049,0.0014711123798884,0.0612085396343783,-0.5512680483754779,0.007796207558252886,0.00650635568836011,-0.00732445077793592,0.006251471430759943
1660869501912017,-0.9983672846570536,-0.0899061570153354,0.0514534218356601,-0.0135779283250136,0.0490757522443971,0.0204562854564233,0.0015096214487195,0.0617635814761107,-0.551091073683705,0.007710405744778078,-0.002274286747035781,-0.009668224514516335,0.0038684849651845626
1660869501927997,-0.9951934081025406,-0.0933241779201954,0.0513313496604865,-0.0133682809347442,0.0503793113680068,0.0211609316921153,0.001566763212189,0.0623329902244804,-0.5509128536763815,0.0075965650244817365,0.0008096308267294683,-0.011777620877438694,0.003371771511009862
1660869501943977,-0.9955596246280614,-0.103700312809949,0.048645761806668,-0.0133479840041063,0.0510995676540784,0.021580889948449,0.001637756510291,0.0629120810264888,-0.5507361401760839,0.007358173775666348,0.0003990728710878688,-0.01993838019047306,0.0006175652914722288
1660869501959957,-0.9986114290074006,-0.1110246433203632,0.0440070191500723,-0.0134951002197961,0.0511758489329914,0.021720632804234,0.0017164177594639,0.0634985354156147,-0.5505631778139788,0.007025656450973314,-0.0023874583574262642,-0.02453643963079853,-0.0036190596286111223
1660869501975937,-0.9964141298542764,-0.1199359121080339,0.0436408026245516,-0.0137728531298364,0.0506566577289803,0.0216165453201687,0.0017963149733091,0.0640925636596966,-0.5503954722337715,0.0066374378102255676,-0.00017114328387179967,-0.030102937576622316,-0.003586748538718647
1660869501991916,-0.9977569237811856,-0.1205462729839017,0.0473029678797587,-0.0141438593112677,0.0496777307486685,0.02132214120106,0.0018719316316207,0.0646954044604366,-0.5502339558213996,0.006332387204903942,-0.0013625434897029942,-0.027641968607241094,6.787504483961315e-05
1660869502007896,-0.9956816968032348,-0.1216449225604639,0.0479133287556265,-0.0145798535401054,0.0484121564174889,0.0208913828969316,0.0019394588982482,0.0653069496172754,-0.5500793930872394,0.006069183163795565,0.0006414151394230627,-0.025866556365422955,0.0006104123286366642
1660869502023876,-0.99482719157702,-0.1217669947356375,0.0475471122301058,-0.0150650380072541,0.0470227126709544,0.0203684377247775,0.0019970199093714,0.0659250477767795,-0.5499326440860728,0.005842075523461676,0.001346328329074109,-0.023389765686536904,0.0002197762228043701
1660869502039856,-0.9917753871976808,-0.1195696955825132,0.0479133287556265,-0.0155921340695797,0.0456325519569988,0.0197833899260732,0.002044419088165,0.0665465765989722,-0.5497946789546998,0.005673874909924651,0.003958319437572078,-0.019073219880071338,0.0005273934734925656
1660869502055835,-0.9927519645990692,-0.1101701380941482,0.0422980086976423,-0.0161520586608667,0.0443077479982517,0.0191577296881985,0.002082562822133,0.0671673950094837,-0.5496665828882558,0.005536892497012317,0.0026835678325652923,-0.008706296152535709,-0.004579133926042471
1660869502071815,-0.9962920576791028,-0.1181048294804303,0.0429083695735101,-0.0167210904162506,0.0430537144509334,0.0185193050457395,0.0021126527658805,0.0677815758965198,-0.5495494646995208,0.005360309385004612,-0.0007708727227214718,-0.014976888784936027,-0.0035718957451572053
1660869502087795,-0.9990997177080948,-0.1281147478446631,0.0454718852521551,-0.0172504422546418,0.041837000592535,0.0179097986812227,0.0021354156550346,0.0683830651896767,-0.5494439258305102,0.005168166360304665,-0.003220679476542254,-0.022488126434251937,-0.0009075420598609885
1660869502103759,-0.9986114290074006,-0.1300679026474403,0.0470588235294116,-0.0176626549739508,0.0406208130389403,0.0173776846686836,0.0021507284454279,0.0689686178562416,-0.5493492872485212,0.005020654199544907,-0.0024591516982632733,-0.021997153113326243,0.0006114565956559584
1660869502119739,-0.9954375524528878,-0.1317769130998703,0.0508430609597923,-0.0178579527856231,0.0393888231025856,0.0169693045971843,0.0021577182755768,0.0695386852227648,-0.5492630811087409,0.004948613934515372,0.0006432523706246807,-0.021335547209180614,0.003956124623432991
1660869502135719,-0.9915312428473336,-0.1348287174792095,0.0514534218356601,-0.0177308832199847,0.0381547711979309,0.0167248982155375,0.0021551454025922,0.0700964836026403,-0.549180942767655,0.004900933372190184,0.004094605778560911,-0.021948616429667833,0.00410983694937072
1660869502151699,-0.9883573662928208,-0.1337300679026474,0.0519417105363544,-0.0171940692860285,0.0369674537133322,0.0166797750374914,0.0021418983775914,0.0706468281101619,-0.5490968625548179,0.00489311822206572,0.00654163409976638,-0.018764970167795172,0.004138313085058513
1660869502167678,-0.978347447928588,-0.1301899748226139,0.048645761806668,-0.0162030697992704,0.0359089661558501,0.0168711611855897,0.0021174795374999,0.0711950102048216,-0.5490038345371873,0.0048785137523568,0.014896397217599278,-0.013702389378985505,0.0007581279198349
1660869502183658,-0.9809109636072328,-0.1303120469977874,0.0508430609597923,-0.0147751901677745,0.0350864302183079,0.0173381581451936,0.0020823938527639,0.0717462535132006,-0.5488947914209807,0.004909505938197073,0.011099593385058948,-0.012442015398743095,0.0026598843656632787
1660869502199638,-0.9796902418554972,-0.1293354695963989,0.053772793163958,-0.0129968287088325,0.0346236299859108,0.0181004181659593,0.0020385080905449,0.0723064246745087,-0.5487635746797187,0.004995551048836369,0.011088283623115092,-0.010318894197619152,0.005030654912846086
1660869502215618,-0.9773708705271992,-0.1217669947356375,0.0603646906233308,-0.0110178844875669,0.0346496252412059,0.0191269702224389,0.0019894832976649,0.0728828329464,-0.5486058517528846,0.005190684851218097,0.012066889456271879,-0.002475377403171969,0.010460297134997
1660869502231598,-0.9804226749065386,-0.1146868085755703,0.0608529793240251,-0.0090350308051671,0.0352796278850252,0.0203207649973056,0.0019411826280345,0.0734832461002063,-0.5484200133758206,0.005377175512833824,0.008113576569239167,0.004144327881205709,0.00985372725212217
1660869502247577,-0.97944609750515,-0.1139543755245289,0.0595101853971158,-0.0072664388885934,0.0365912022025744,0.0215258709595931,0.001901815076511,0.0741138120092389,-0.5482078419060461,0.005532429579870187,0.00818113857356495,0.004389084839022395,0.007659839992691583
1660869502263557,-0.9817654688334478,-0.1220111390859846,0.0571908140688179,-0.0059205032864215,0.0386021393706015,0.0225426325658705,0.0018816718831004,0.0747780512981586,-0.547974596058985,0.0056213483884537205,0.005275590520740336,-0.0033009108501899642,0.004806421797954319
1660869502279537,-0.9876249332417792,-0.1238422217135882,0.0554818036163879,-0.0051624512010414,0.0412562716750456,0.0231412509545847,0.0018924966489177,0.0754766166970155,-0.5477284898974549,0.005655739879867966,-0.0005254864988319952,-0.004618794130014217,0.002787670210971885
1660869502295517,-0.9929961089494164,-0.125307087815671,0.0557259479667351,-0.0050844927532517,0.0444112344750156,0.0230852609035194,0.0019465243206387,0.0762062232508247,-0.5474797851242531,0.005671715498683908,-0.005306995985822183,-0.005475294208887302,0.0027286331051871796
1660869502311496,-0.9922636758983748,-0.1290913252460517,0.0597543297474629,-0.0056859347183749,0.0478160405381654,0.0221777289614025,0.0020550013700705,0.0769583830203459,-0.5472395540449855,0.005744787257673101,-0.004117106641302604,-0.008333578475341233,0.0060813133973234845
1660869502327476,-0.9992217898832684,-0.1273823147936217,0.0507209887846187,-0.0068688964811271,0.0510942742522005,0.0203206338372611,0.0022260117316555,0.0777196120650631,-0.5470181389033564,0.005668219549126873,-0.009967698563576599,-0.005962111220620098,-0.002656824808968644
1660869502343456,-1.008377203021286,-0.1166399633783475,0.0391241321431294,-0.0084523867822975,0.0537642798522759,0.0175636086114031,0.0024618933130436,0.078473190679006,-0.5468235883589863,0.005423052375499139,-0.017210800531434867,0.004302216175188681,-0.012828313305412148
1660869502359436,-1.017776760509651,-0.0985732814526589,0.0231326771953916,-0.0102029510345713,0.055301295145765,0.0141215173197317,0.0027569589198104,0.0792013450765749,-0.5466604942685777,0.004993282804131409,-0.02394932221781987,0.020132008290789566,-0.025937791427834953
1660869502375415,-1.018142977035172,-0.1068741893644618,0.0224002441443502,-0.0118753963243402,0.0552322982430598,0.0103462774525355,0.0030963462769789,0.0798869368851449,-0.5465295307498579,0.004620007396526943,-0.02188398486900678,0.010647990341087987,-0.024003202030988716
1660869502391395,-1.006057831692988,-0.1397116044861524,0.0270389868009459,-0.0132547513380419,0.0532555407544264,0.0066505074578609,0.0034567704234928,0.0805145839369074,-0.5464277465376995,0.004304610404521648,-0.008818955574140475,-0.019970482302542364,-0.017428013436953715
1660869502407375,-0.9917753871976808,-0.1807278553444722,0.0330205233844509,-0.0141913493968078,0.0493507537884766,0.0034047182988081,0.0038095835123276,0.0810721019748721,-0.5463493945909097,0.004148266226915139,0.004917140029050082,-0.05488805984477593,-0.010301829168103849
1660869502423370,-0.9801785305561914,-0.2117341878385597,0.0408331425955594,-0.0146225229788458,0.0438289093949564,0.0008476384600466,0.0041257122568077,0.0815527197150319,-0.5462870267067035,0.004436174635742778,0.014862597003485578,-0.07730495310497712,-0.002240288961295807
1660869502439350,-0.9693141069657436,-0.2199130235751889,0.0471808957045851,-0.0145763166256617,0.0373003445111643,-0.0009572314988549,0.0043812517391553,0.0819560984982349,-0.5462328325019588,0.005119344098772175,0.023154318534539975,-0.07693540995744569,0.0036967177329568987
1660869502455330,-0.9712672617685209,-0.2064850843060961,0.0519417105363544,-0.0141551339103521,0.0305719448834089,-0.0021099179915982,0.0045622536014428,0.0822870882431792,-0.5461800726646621,0.005823442483255011,0.0190810473585864,-0.057156723619517597,0.0076117793082535815
1660869502471309,-0.9793240253299764,-0.1730373083085373,0.0564583810177765,-0.0135010240535719,0.0244901586635688,-0.0028167823063569,0.0046674398025187,0.0825552543899708,-0.5461239313070413,0.006204474388861622,0.009921855417417746,-0.021338052859762896,0.010915604810708107
1660869502487289,-0.9861600671396964,-0.1416647592889295,0.0547493705653465,-0.0127514540594231,0.0197602043437,-0.0033091993296604,0.0047080235198731,0.0827747858407684,-0.5460616328659325,0.006212192323493658,0.002777232246928052,0.009031046543860416,0.008285934922450292
1660869502503269,-0.9900663767452508,-0.126161593041886,0.0565804531929501,-0.0120012955866154,0.0167983626516902,-0.0037747402591141,0.0047046549565247,0.0829599067449522,-0.5459924595564262,0.006096345095487209,-0.0010161696227636297,0.022080791511813525,0.009105315795048509
1660869502519249,-1.000930800335698,-0.1174944686045625,0.0636606393530172,-0.011285878869152,0.0156712943514399,-0.0043266110836983,0.004682526908978,0.0831198818634753,-0.5459173757235765,0.005999407950165305,-0.010692533891889844,0.02767312435422334,0.014566951759604055
1660869502535228,-0.9989776455329212,-0.1173723964293889,0.0579232471198594,-0.0105907662036507,0.0161303521964029,-0.0049971370334112,0.0046661498450615,0.0832615895984092,-0.5458376090517125,0.005882422882066053,-0.007865441180201715,0.025015676876457227,0.007946603573801628
1660869502551208,-0.9892118715190356,-0.1268940260929274,0.0603646906233308,-0.0098817862087182,0.0177055661410391,-0.0057400859981669,0.0046749990216149,0.0833939234557277,-0.5457533605755481,0.0059126909624759435,0.0017102995503155416,0.013944642491626857,0.009349242369545728
1660869502567188,-0.9832303349355308,-0.136415655756466,0.0640268558785379,-0.0091403013248738,0.0198231728468522,-0.0064590601147763,0.0047207493305613,0.0835255637243438,-0.5456640036154158,0.006067381843107937,0.006922652520438333,0.003980711545279458,0.011710266862277545
1660869502583168,-0.9790798809796292,-0.1404440375371938,0.0696421759365222,-0.0083892340632051,0.0219289100450988,-0.0070620455889861,0.0048065095286075,0.0836607441327301,-0.5455691062695573,0.006316614516530316,0.009965795828705937,-4.29032119035333e-05,0.015593028228235654
1660869502599147,-0.9789578088044556,-0.1427634088654917,0.0729381246662086,-0.0077022517738939,0.0235954711665228,-0.0075014441785637,0.0049280325213782,0.0837989274865562,-0.5454692517628223,0.006600479444625262,0.009079081203491657,-0.0021260470861812764,0.017000079262129854
1660869502615127,-0.9801785305561914,-0.1428854810406652,0.0707408255130843,-0.0071936709215592,0.0245799731404414,-0.0077750339357089,0.0050762314107197,0.0839365172543271,-0.5453666251466538,0.006826619424784986,0.007072523506580275,-0.0020233073352192987,0.013322502098105003
1660869502631107,-0.98115510795758,-0.1421530479896238,0.0698863202868693,-0.0069904155601874,0.0248179803082556,-0.0079054743382879,0.0052399735957689,0.0840680350937283,-0.5452654118858226,0.007013159703220185,0.005486351494672581,-0.0011617868557600997,0.011221197184700993
1660869502647087,-0.985427634088655,-0.1495994506752116,0.069398031586175,-0.0071934913006526,0.0243808600579254,-0.0079242176073684,0.0054083914391431,0.0841865331885445,-0.5451717770942605,0.0072035030333553966,0.0010924428272378606,-0.007747370587213115,0.009659617635606028
1660869502663066,-0.9981231403067063,-0.1548485542076752,0.07537956816968,-0.0078415550162397,0.0234292766690959,-0.0078682230379912,0.0055724977992299,0.0842847414000211,-0.5450931139352431,0.007448900263839356,-0.010442757051732143,-0.011696826707709052,0.014077038797199931
1660869502679046,-1.004837109941253,-0.1531395437552452,0.0772106507972836,-0.0088888448656166,0.0221688380354979,-0.0077803544482684,0.00572616072355,0.0843583273906987,-0.545036481327845,0.007675908617290724,-0.015441054017650946,-0.00898903462975112,0.014317309282323179
1660869502695026,-0.9990997177080948,-0.1506981002517738,0.07708857862211,-0.0102047341646576,0.0208029242260431,-0.007702157375557,0.0058664170578317,0.0844075897910801,-0.5450070290768293,0.00788206462583741,-0.008733295606043412,-0.005892832013651761,0.012775713396434601
1660869502711006,-0.9969024185549706,-0.1509422446021209,0.0784313725490193,-0.0115954003773568,0.0194916406168025,-0.0076615777015038,0.0059930971975157,0.0844339285991896,-0.5450072895791849,0.008092576591023356,-0.005882396807627366,-0.005523278727599001,0.012706656591009516
1660869502726986,-0.9975127794308384,-0.1538719768062866,0.0780651560234986,-0.0128419245298966,0.0183352786395369,-0.0076673686696042,0.0061079796880231,0.0844367073143574,-0.5450368852201628,0.008295223596848795,-0.00584348191514561,-0.007607709838588217,0.011106396058939927
1660869502742981,-0.9918974593728542,-0.1566796368352787,0.0742809185931179,-0.0137450033886096,0.0173881882603491,-0.0077140332074867,0.0062139249738606,0.0844159994189511,-0.5450920769118434,0.008452980776951476,-0.0002053456714453672,-0.009373832880822275,0.006589942765703308
1660869502758960,-0.9883573662928208,-0.1550926985580223,0.0746471351186386,-0.0141650014654859,0.0166821481520092,-0.0077870235094536,0.0063143078746003,0.0843753649667366,-0.5451659921568557,0.008595017015015645,0.0030012726677292045,-0.007008205143209295,0.006260543362101606
1660869502774940,-0.983962767986572,-0.1502098115510795,0.0739147020675972,-0.0140476693669672,0.0162325455769512,-0.0078572500969898,0.0064126536895127,0.0843193390242058,-0.5452501358255544,0.00868952566951771,0.006656283876580127,-0.0019127863226398312,0.004975299279954187
1660869502790920,-0.9756618600747692,-0.1494773785000381,0.0752574959945064,-0.0134296660035461,0.0160313925852539,-0.007873328155094,0.0065122157694474,0.0842503559215939,-0.5453362460336668,0.008802107020888182,0.013461472609544667,-0.00106231794443859,0.005686283886177049
1660869502806900,-0.97261005569543,-0.1515526054779888,0.0766002899214157,-0.012422530054277,0.0160479870631233,-0.0077718087664625,0.0066155191607347,0.0841693992734064,-0.5454175380502079,0.008943716428504722,0.014861949289995402,-0.0028237904301503802,0.006326170031777711
1660869502822879,-0.9729762722209508,-0.1570458533607995,0.0773327229724571,-0.0111794412453545,0.0162374071749548,-0.0075031410797749,0.0067241123748816,0.0840788616982698,-0.5454892113198285,0.00911781207287306,0.01304615948802701,-0.007485334481664968,0.006352742774537193
1660869502838859,-0.9755397878995956,-0.1608300907911802,0.0819714656290528,-0.0098547825753014,0.0165477235712827,-0.0070477518919638,0.0068385960385908,0.0839848255071949,-0.5455484146580376,0.009353903932996507,0.00943437942844405,-0.010142614720841103,0.009892336888019604
1660869502854839,-0.978591592278935,-0.1544823376821545,0.0809948882276643,-0.0085675701918872,0.01692447105282,-0.0064129892865803,0.0069587844790078,0.0838961808485869,-0.5455940351531471,0.009507595129366544,0.005744317544194133,-0.003415375450633862,0.008024183537967994
1660869502870819,-0.9853055619134814,-0.1426413366903181,0.0827038986800943,-0.0073767160096545,0.017302822529757,-0.0056234686463315,0.0070837931351392,0.0838207214152453,-0.5456264346117129,0.009577753914807622,-0.0008726868813170308,0.007583062987082306,0.008759874591358185
1660869502886798,-0.9866483558403908,-0.1450827801937895,0.0836804760814828,-0.0062728997492103,0.0175824783886587,-0.0047140102598035,0.0072118308229473,0.0837617187519202,-0.5456468541991674,0.009666900037919273,-0.00199393272740378,0.004627457535249818,0.008762806793472022
1660869502902778,-0.9796902418554972,-0.1608300907911802,0.0872205691615164,-0.0051883715064179,0.0176168741993844,-0.0037320473190594,0.007339724527162,0.0837166924301054,-0.5456565071535456,0.009903662735646973,0.004467763131740798,-0.010007867755926797,0.011072609886155063
1660869502918758,-0.9767605096513314,-0.169130998702983,0.0846570534828714,-0.0040220783792601,0.0172511115200941,-0.0027437929911732,0.0074626663591185,0.0836779848875583,-0.5456557028464118,0.010142820091629456,0.006657745802315929,-0.01647789810095665,0.007658184786759059
1660869502934738,-0.9744411383230336,-0.1670557717250323,0.0833142595559621,-0.0026730787355768,0.0163815934569716,-0.0018209951708972,0.007574607987719,0.083634988207707,-0.5456432670160615,0.010337586942908759,0.008079405417552366,-0.012962404010705336,0.0056838517738647815
1660869502950718,-0.9687037460898758,-0.1685206378271151,0.0824597543297471,-0.0010701780208655,0.0149784091152459,-0.0010230605041758,0.0076690987023539,0.0835762962383647,-0.5456165523851341,0.010531236601866325,0.012435117885639113,-0.012984543101509316,0.004346411892884802
1660869502966697,-0.9643091477836272,-0.1715724422064544,0.0817273212787057,0.0008107727490205,0.0130719997800714,-0.0004032260557577,0.0077401393137456,0.083490128811307,-0.5455720842473946,0.010735166888066755,0.015146744572698934,-0.014432712732763753,0.003252580957659068
1660869502982677,-0.9580834668497752,-0.1719386587319751,0.0628061341268022,0.0029384766237118,0.0107524844744352,4.063467019391534e-06,0.0077829132441382,0.083364876791176,-0.5455063925044983,0.01072060096117883,0.01923518295589588,-0.013319036332456013,-0.014101745574819996
1660869502998657,-0.9813992523079272,-0.1701075761043715,0.0673228046082243,0.0052242372353804,0.008176062892101,0.0002274724387085,0.0077943296765475,0.0831918025314041,-0.5454166822184523,0.010672598063861732,-0.0036725422520305084,-0.01033915833436716,-0.008626567584058095
1660869503014637,-0.9793240253299764,-0.1810940718699929,0.0775768673228043,0.0075332382441448,0.0055355192934108,0.0003406911724817,0.0077733019651649,0.0829685162997917,-0.5453013366279978,0.010843643540083946,-0.001437583746671689,-0.01919308868998973,0.0014647456174697177
1660869503030616,-0.9752956435492486,-0.1834134431982908,0.0786755168993664,0.0097054954557009,0.0030167351202073,0.0003778238837054,0.0077209314088591,0.082700147693284,-0.5451603516155868,0.011047702838503941,0.0023317182306505924,-0.019361214016458878,0.002307055674628633
1660869503046596,-0.9730983443961244,-0.168276493476768,0.0733043411917293,0.0115724911100587,0.000788278284445,0.0003081928257107,0.0076407570924042,0.0823964970003673,-0.5449958999927937,0.011061700886171182,0.004076115645397227,-0.00380183786544247,-0.0027577080297076367
1660869503062561,-0.96919203479057,-0.156313420309758,0.0722056916151672,0.0129712757509151,-0.0010045757255373,8.904032679820899e-05,0.0075387824270301,0.0820672283337757,-0.54481293665274,0.010983186276274514,0.007184182725856525,0.007345111771410784,-0.00347072184564276
1660869503078540,-0.9716334782940416,-0.1627832455939573,0.0684214541847865,0.013767105164594,-0.0022787889025754,-0.0002984450123456,0.0074228358014194,0.0817192290633001,-0.5446192591935065,0.010911410874687477,0.004268465300146573,0.0007877578384903605,-0.006529463348421111
1660869503094520,-0.9789578088044556,-0.1757228961623558,0.0686655985351336,0.0138812870816868,-0.0030442950099866,-0.0008547704025553,0.0073013271369856,0.0813567788482827,-0.5444247601268237,0.01092418017929664,-0.002750278689240715,-0.01093670345691733,-0.0056567870982666135
1660869503110500,-0.9953154802777142,-0.1683985656519416,0.0650034332799265,0.0133123277254927,-0.0033872114697781,-0.0015710276500073,0.0071819660096048,0.0809819222333515,-0.5442402382707191,0.010777421951609247,-0.01719715514624942,-0.00325113565185281,-0.008387057118126345
1660869503126480,-1.009109636072328,-0.1488670176241702,0.0615854123750665,0.0121423071378653,-0.0034330313216505,-0.0024194025020756,0.0070708486162769,0.0805946969782001,-0.5440760417310161,0.010407508725802166,-0.027892179846776943,0.014652371138326736,-0.010624570220687704
1660869503142459,-1.019241626611734,-0.1453269245441366,0.0645151445792322,0.0105255811943097,-0.0033253041454351,-0.0033366147769111,0.0069718430754026,0.0801948549138561,-0.5439406041471081,0.01006734650222112,-0.03422175334756461,0.016373217796524314,-0.006925354214869797
1660869503158439,-0.9929961089494164,-0.155458915083543,0.0715953307392993,0.0086638233793334,-0.0032242799484052,-0.0042409767409149,0.0068861335633739,0.0797838476194691,-0.5438392511622463,0.010000678108166227,-0.007178612116722327,0.005617104531406125,0.00013934875067757313
1660869503174419,-0.9951934081025406,-0.1646143282215609,0.0684214541847865,0.0067732095013756,-0.0032994413928688,-0.0050812245738293,0.0068120888401199,0.0793641254760561,-0.5437737808377714,0.009973537404976206,-0.008438320142861944,-0.003184477745950598,-0.0027310750234517123
1660869503190399,-0.9929961089494164,-0.1671778439002058,0.0604867627985044,0.0050461193779291,-0.0036750598828,-0.0058444998008167,0.0067457866534753,0.0789365188823291,-0.5437428501890518,0.009883733597053877,-0.005616918890763878,-0.005173194082135929,-0.009599189768760424
1660869503206379,-0.9988555733577478,-0.1746242465857937,0.0562142366674294,0.0036168614326096,-0.0043539893844455,-0.0065136411823846,0.0066823041627566,0.0784992609471934,-0.5437428169840541,0.009809914099047577,-0.010328744969185788,-0.011357637090951472,-0.012484544309851887
1660869503222358,-0.9823758297093156,-0.168276493476768,0.0597543297474629,0.0025490638609943,-0.005219176836055,-0.0070577708662221,0.0066173172759806,0.0780497103952093,-0.5437686788610149,0.009762822014757817,0.005535898811321771,-0.004508895583733186,-0.008050006106836545
1660869503238338,-0.9886015106431678,-0.1589990081635766,0.0545052262149994,0.0018478790208868,-0.0061263114761924,-0.0074688314691681,0.0065481561793365,0.0775866342846351,-0.543814867361293,0.009570004914936944,-0.0006208039102774121,0.004291730756512402,-0.011969198675370038
1660869503254318,-0.9872587167162584,-0.1516746776531623,0.054627298390173,0.0014810257296766,-0.006972612502094,-0.0077687677592958,0.0064739174427389,0.0771108692127314,-0.5438758705992731,0.009335919427163952,0.0006497910149687591,0.01045445514023402,-0.010662413850176793
1660869503270298,-0.988845654993515,-0.1530174715800716,0.0593881132219422,0.0013980599172992,-0.007690664457703,-0.0079751865319554,0.0063950338200712,0.0766248738612381,-0.5439466753405813,0.00918776389242734,-0.0008434325360590078,0.008200495091992277,-0.005311439116566834
1660869503286277,-0.9829861905851836,-0.1637598229953459,0.0564583810177765,0.0015488063051682,-0.008235253452336,-0.0080798331334629,0.0063127546617622,0.0761328169849012,-0.5440228984383851,0.009127583794238054,0.0045144286850451465,-0.0022876706909538413,-0.007417054188659282
1660869503302257,-0.9877470054169528,-0.163149462119478,0.0596322575722894,0.0018981289029088,-0.0085871657166437,-0.0080642665085761,0.0062286679158234,0.0756398232706027,-0.5441007740178084,0.00909471262813922,-0.00022174753205173037,-0.0015095788335773574,-0.0038188598707317375
1660869503318237,-0.9958037689784084,-0.1570458533607995,0.0549935149156937,0.0024304360186795,-0.0087441953873725,-0.0079330828229017,0.0061444537535258,0.0751494504521779,-0.5441771736291368,0.00894329397192673,-0.007450659984156616,0.0041346269325910345,-0.007611842274594695
1660869503334217,-0.9813992523079272,-0.1425192645151445,0.0551155870908672,0.003142326638186,-0.0087225219032297,-0.0077231399723945,0.006061860762808,0.0746630863955392,-0.5442493575816655,0.008708103093104975,0.006258471017692058,0.016795094200421412,-0.006740793089479072
1660869503350196,-0.9865262836652172,-0.1415426871137559,0.049500267032883,0.0040267939837466,-0.0085777677796257,-0.0074707659647273,0.0059824324396872,0.0741821634062255,-0.544314555424072,0.00841669920930295,0.0010182956943618482,0.015994504441629004,-0.011120501832716942
1660869503366176,-0.9796902418554972,-0.1465476462958724,0.0527962157625694,0.0050562390659445,-0.0083920373099315,-0.0071786838693819,0.0059069140868017,0.0737087897212449,-0.5443700764529178,0.008252124296884818,0.007068903753673639,0.009890590733561216,-0.007042097792727492
1660869503382141,-0.9762722209506371,-0.153749904631113,0.0624399176012815,0.006173423062333,-0.0082278352115336,-0.0068191881280111,0.0058349490924244,0.0732442172673383,-0.5444139659087728,0.008285952181783126,0.009438232192680363,0.002419499158488575,0.002341443641386158
1660869503398121,-0.9748073548485544,-0.1629053177691309,0.0574349584191651,0.0072951458061724,-0.0081068641109388,-0.0063566666216564,0.005765344047677,0.0727886003695424,-0.5444455441976344,0.008343935013208402,0.009812788465286881,-0.006062322581576407,-0.002397163986657222
1660869503414100,-0.980544747081712,-0.1533836881055923,0.0492561226825358,0.0083267804919653,-0.0080171651428169,-0.0057691076805968,0.005696607314843,0.0723427252273972,-0.5444655151266969,0.008208529508352026,0.003667856608916331,0.0031133763737659637,-0.009518399750957869
1660869503430080,-0.9866483558403908,-0.1485008010986495,0.044373235675593,0.0091820266271551,-0.0079220476780907,-0.0050590753104289,0.0056275061531399,0.0719092245141961,-0.5444758335090693,0.007972061114214982,-0.0021921769347862385,0.007196637042637899,-0.012961158082110597
1660869503446060,-0.9848172732127872,-0.1380025940337224,0.0498664835584037,0.0098014703347292,-0.0077772949034327,-0.0042368290694972,0.0055574191802712,0.0714908600399966,-0.5444796329920684,0.007736656575671757,-0.0003249848764643737,0.0159253596968085,-0.0067211191793699054
1660869503462040,-0.9927519645990692,-0.1288471808957046,0.0540169375143051,0.010165567553971,-0.0075611440068844,-0.0032865254708078,0.0054861592644474,0.0710888007487988,-0.544480917225049,0.0074748746834080795,-0.0074337086364717475,0.02257269555134367,-0.002313598701121654
1660869503478019,-0.9877470054169528,-0.130434119172961,0.0484016174563208,0.0103004887645452,-0.0072946200685773,-0.0021637958617053,0.0054133029851419,0.0707057750684683,-0.5444834903617493,0.007209765690727106,-0.0021858745089198273,0.018887181546678566,-0.007136026883195354
1660869503493999,-0.9928740367742428,-0.1376363775082017,0.0485236896314944,0.0102750982435387,-0.0070294992406182,-0.0008431645165815,0.0053376425702637,0.0703485624443177,-0.5444899146030274,0.007014989423102963,-0.006581615279588782,0.010516430890294082,-0.00631255923721958
1660869503509979,-0.9944609750514992,-0.1505760280766002,0.0574349584191651,0.0101864780479889,-0.0068115649248065,0.0006314963583447,0.0052573672170128,0.0700229899513625,-0.5445014867253795,0.007040580250333688,-0.007351698201160661,-0.0021808977102939497,0.002338838595406005
1660869503525959,-0.9921416037232014,-0.1447165636682688,0.0621957732509343,0.0101354745710883,-0.0066623158169019,0.0021480273334196,0.0051708232347507,0.0697290930306617,-0.5445184759964514,0.007084179947358928,-0.004529094185576565,0.0033107100282337154,0.0063896880844576814
1660869503541938,-0.9886015106431678,-0.1391012436102845,0.0468146791790644,0.010199685745872,-0.0065999070675691,0.0035711114131135,0.0050770710844642,0.0694632771898728,-0.5445399377045161,0.006906884391974635,-0.0008901009949886518,0.008033427077596217,-0.008092265388670992
1660869503557918,-0.9899443045700772,-0.1354390783550774,0.0492561226825358,0.0104123918535174,-0.0066603044080881,0.0047801439610755,0.0049758188406501,0.0692213822439892,-0.5445638594032832,0.006747030352459712,-0.0020096054297081833,0.010526033099522991,-0.0050857396966796295
1660869503573898,-0.9893339436942092,-0.127016098268101,0.0421759365224687,0.0107533167191022,-0.0068928204822309,0.0056812245918829,0.0048670406374548,0.0689985379138668,-0.5445879849042834,0.00646021489224729,-0.0012593200984561959,0.017054111867849442,-0.010949333271072052
1660869503589878,-0.985671778439002,-0.1223773556115053,0.0382696269169144,0.0111539705148314,-0.0073568825273107,0.0062195269675655,0.0047505510164407,0.0687883926321041,-0.5446107686978574,0.006136438006582466,0.0021625606410758946,0.019523569072000632,-0.013370078588963712
1660869503605857,-0.989089799343862,-0.1205462729839017,0.0374151216906994,0.011517001679686,-0.008127811757487,0.0063981383866321,0.0046254367657475,0.068583562240413,-0.5446320066933231,0.005818126024777499,-0.0011299142374057158,0.019219186529643786,-0.012802125433660841
1660869503621837,-0.9861600671396964,-0.1234760051880675,0.0331425955596245,0.0117461505998028,-0.0092851658897692,0.0062699103550681,0.0044894866353413,0.068377809475972,-0.5446528756225407,0.005509081252086248,0.001619836170083877,0.01466050889293019,-0.015367186408262165
1660869503637817,-0.9834744792858778,-0.1303120469977874,0.0391241321431294,0.0117791421382705,-0.0108799857460066,0.005894290317016,0.0043391338699636,0.0681674988232651,-0.5446755400173725,0.005358924460646999,0.0038748816215121717,0.0070420203748892685,-0.008447084842281537
1660869503653797,-0.9887235828183414,-0.1495994506752116,0.0385137712672616,0.0116104182329022,-0.0128960008829174,0.0053045520978982,0.0041701980511842,0.0679492437743892,-0.5447027430200255,0.005313587357654327,-0.0012367997198562408,-0.011020844972281452,-0.008151701146334407
1660869503669777,-1.014480811779965,-0.1388570992599374,0.0451056687266344,0.0112930152215618,-0.0152245634799063,0.0045176983137909,0.0039791607858688,0.0677176799746447,-0.5447371889788044,0.005213885832955701,-0.02429462581333186,-0.00025064420130649356,-0.0014038233182654472
1660869503685756,-1.023392080567636,-0.1133440146486611,0.038391699092088,0.010919735022176,-0.0176843954059093,0.0035632901801941,0.0037643233874791,0.0674681727206877,-0.544780504209506,0.004891492020828827,-0.029885305140902485,0.022736196368972797,-0.007306013657530669
1660869503701721,-1.001174944686046,-0.1083390554665447,0.0328984512092773,0.0105903272293678,-0.0200724027515001,0.0024924790636985,0.0035263244380009,0.0672002774142312,-0.5448325256540262,0.004563855157244294,-0.006901352333381294,0.02496703999598028,-0.011519335386307228
1660869503717701,-0.9868925001907378,-0.1239642938887617,0.0300907911802852,0.0103734005525606,-0.0221840126691574,0.0013560652364781,0.0032682162954677,0.0669165419021292,-0.5448916679719049,0.004334299534329101,0.006642982945734288,0.008407621416386929,-0.0128942958737694
1660869503733680,-0.9809109636072328,-0.1138323033493553,0.0287479972533759,0.0102766037420006,-0.0238070132897475,0.0001752905530743,0.0029956482598009,0.0666193742738405,-0.5449560084821533,0.004081794649033158,0.011362067576315305,0.016685650760213985,-0.012813380820610829
1660869503749660,-0.9870145723659114,-0.1143205920500496,0.0331425955596245,0.0102386358338132,-0.0247526845513338,-0.0010637493142783,0.0027170162186086,0.0663107056490541,-0.5450243012463334,0.00391825305419641,0.004732612935873015,0.014577625853567727,-0.007576904262926003
1660869503765640,-0.9937285420004578,-0.1111467154955368,0.040955214770733,0.0101465045511428,-0.0249257294013131,-0.0023970147373976,0.0024428824060456,0.0659939447023138,-0.5450966098698948,0.0038644374209002774,-0.0017832210288061257,0.015976352167272487,0.00021214345336423995
1660869503781620,-1.003860532539864,-0.0921034561684597,0.0398565651941709,0.0098700410232092,-0.0243863839485028,-0.0038676514330847,0.0021843687346915,0.0656743667397912,-0.5451746753822408,0.003771432558499077,-0.010723690411390985,0.03151765034491463,-0.000797855510878076
1660869503797599,-1.008377203021286,-0.0786755168993669,0.0390020599679559,0.009300146044224,-0.0233794459625923,-0.0055007099998991,0.0019507581407584,0.0653557489385552,-0.545262130299141,0.003753611121248551,-0.013716324803531799,0.04045103065260669,-0.001487124663383764
1660869503813579,-1.011184863050278,-0.0802624551766233,0.0314335851071945,0.0083802248399152,-0.0223034899432465,-0.0072803092191994,0.0017469154113045,0.0650367882620077,-0.545364215919496,0.0037314044342715617,-0.014871586349271437,0.03497768313781527,-0.008150039571730647
1660869503829559,-1.005569542992294,-0.0801403830014497,0.032410162508583,0.0071264992463504,-0.0216116314536742,-0.0091622727383153,0.0015715675296102,0.0647123710920818,-0.5454865896025989,0.0038099125859912823,-0.008330639662158634,0.031589779781689975,-0.006456115953307931
1660869503845539,-1.009231708247501,-0.0751354238193333,0.0338750286106659,0.0056333327321533,-0.0216991935751909,-0.0110960456167068,0.001417187356361,0.0643770972369654,-0.5456337399343942,0.003999679472178829,-0.010793524425629197,0.03293526506742574,-0.004492124866102523
1660869503861518,-1.004348821240558,-0.0827038986800947,0.0280155642023345,0.0040612778879155,-0.0228253025919939,-0.0130161318974881,0.0012712515053046,0.0640255919106648,-0.54580790590889,0.004087695670665483,-0.005319573676817457,0.02283011118599791,-0.00931643034699053
1660869503877498,-1.003982604715038,-0.1049210345616847,0.0304570077058059,0.0026127763562793,-0.0250540667451835,-0.0148387258454118,0.001118400661086,0.0636517669102709,-0.546008477745205,0.004021636315751358,-0.004458021436167692,0.0005516777739671269,-0.006187488159167219
1660869503893478,-1.005813687342641,-0.1200579842832075,0.039246204318303,0.0015014566194762,-0.0282124262100659,-0.0164960511929313,0.0009434230191589,0.0632506144756397,-0.5462315656357698,0.00393852493877521,-0.005660193657393675,-0.01312674475280011,0.0023415376079968936
1660869503909458,-1.009109636072328,-0.1215228503852903,0.0407110704203859,0.0009169332835504,-0.0319022378872117,-0.0179638207836585,0.0007346932485942,0.0628195190622875,-0.5464701154971037,0.0038882376806473637,-0.008060528148372548,-0.013132449769394622,0.0034257633390718106
1660869503925438,-1.004226749065385,-0.1093156328679332,0.0390020599679559,0.0009893463768512,-0.0355822032945,-0.0192473561102195,0.0004870148344178,0.0623575557566382,-0.5467147665124631,0.00390990295142673,-0.002859877027286517,-0.0008327090268337584,0.0015450775979776316
1660869503941417,-0.9844510566872664,-0.0932021057450218,0.035828183413443,0.0017622300781244,-0.0386888598717596,-0.0203545965583689,0.0002028937765271,0.061867129081745,-0.5469548803336924,0.003973834886285513,0.015224233815748778,0.013752736286469863,-0.0014659190608817471
1660869503957397,-0.9804226749065386,-0.0868543526359961,0.0393682764934766,0.0031806503968257,-0.0407508383746541,-0.0212815877018429,-0.0001079827222352,0.0613575573408012,-0.5471795859421282,0.004146364316108962,0.017327354036828946,0.018090440455946002,0.0018667566172366618
1660869503973377,-0.98286411841001,-0.0664682993820098,0.0363164721141373,0.0050984346857877,-0.0414718387997509,-0.0220058757816468,-0.0004307177105818,0.0608437655579077,-0.5473793485248237,0.004489966661926232,0.013397319480021763,0.03462884433893908,-0.0010665429858923783
1660869503989357,-0.97773708705272,-0.049500267032883,0.0325322346837566,0.0073058314176216,-0.0407858217031296,-0.0224898801859445,-0.0007481455442702,0.060340315091207,-0.5475477311598531,0.004993253334822356,0.016671915753580624,0.04643718901925928,-0.004365702374645765
1660869504005336,-0.982009613183795,-0.0380254825665673,0.0346074616617073,0.0095718106392981,-0.0388768483600408,-0.0227023132973151,-0.0010441933521369,0.0598583707251055,-0.5476822069846425,0.005651465800045089,0.011159450660255144,0.05212077613701748,-0.0020614278570255593
1660869504021331,-0.9842069123369191,-0.0338750286106659,0.0462043183031966,0.0116879460388111,-0.0361359653955753,-0.0226425131481652,-0.0013068983545347,0.0594064921715862,-0.5477838201294314,0.006416767012663921,0.008065936356417835,0.050644107083626995,0.008581885906017363
1660869504037311,-0.9990997177080948,-0.0419317921721216,0.0603646906233308,0.0135019028958,-0.0330625552897422,-0.0223472166033216,-0.0015303190312381,0.0589901437046283,-0.5478564149200549,0.007100440594915935,-0.0061441821132820484,0.03832860916995417,0.02046803240353641
1660869504053291,-0.9971465629053178,-0.0444953078507666,0.0569466697184708,0.0149342788072169,-0.0301587064782274,-0.0218840683825367,-0.0017150305341096,0.058609760123441,-0.5479057210013836,0.007663501471714114,-0.003771924579454522,0.032188584142178255,0.015345010348808773
1660869504069271,-0.9932402532997636,-0.0484016174563208,0.0490119783321887,0.0159768634964853,-0.0278454876285502,-0.0213401940787322,-0.0018673806023657,0.0582607854781171,-0.5479381928796441,0.008068985369227536,0.00012094652348959567,0.025454047082961652,0.006669287066274003
1660869504085250,-1.000320439459831,-0.0575570305943387,0.0449835965514608,0.0166749695493418,-0.0263988885534677,-0.0208036092742006,-0.0019978423129175,0.0579361314934869,-0.5479598185876762,0.008286985058936401,-0.0062633156729200445,0.014668770550449378,0.002376814756991495
1660869504101230,-0.9955596246280614,-0.0592660410467686,0.0381475547417409,0.0171020169029238,-0.025912954565647,-0.0203439929383219,-0.0021188193373268,0.0576283109149951,-0.5479753858399524,0.008419277017352686,-0.0013522507570353781,0.01166378408821752,-0.0040133043474555735
1660869504117210,-0.995925841153582,-0.0604867627985044,0.0382696269169144,0.0173366001825688,-0.0263106079979643,-0.0200012996305669,-0.002242393438232,0.057329107486946,-0.5479884539367259,0.008525517439016724,-0.0015466205543003264,0.009398756102833541,-0.0035021089550538592
1660869504133190,-0.9911650263218128,-0.0612191958495458,0.0368047608148316,0.0174491093344111,-0.0273989784210888,-0.0197819148142982,-0.0023785911827281,0.0570289490838367,-0.5480016328023013,0.00860636827883504,0.0028927748497219463,0.007799690746612922,-0.004470277551422999
1660869504149170,-0.9953154802777142,-0.0508430609597923,0.0453498130769816,0.0174990973036426,-0.0289363585469441,-0.0196625581336404,-0.0025344974264601,0.0567190933537329,-0.5480166109832297,0.008866179892798004,-0.0011319111955615524,0.01635824307272979,0.0036672972396543033
1660869504165149,-0.9970244907301442,-0.0396124208438237,0.0446173800259401,0.017539002731433,-0.0306841470525841,-0.0195953345574714,-0.0027141564126622,0.0563947571782893,-0.5480340036836971,0.009241106074979034,-0.0025568294831923577,0.02482999486982855,0.0026413777697515267
1660869504181129,-1.001541161211566,-0.047791256580453,0.0448615243762873,0.0176180897092336,-0.0324366499540175,-0.019511207851114,-0.0029190047741398,0.0560559826779386,-0.5480533546873457,0.009473247237222343,-0.006366149968152657,0.01498604321987932,0.0025969699080888517
1660869504197109,-1.008621347371633,-0.0444953078507666,0.0411993591210801,0.0177822325311785,-0.0340255037395588,-0.0193375998452707,-0.0031484570610927,0.0557063072131824,-0.5480733288256119,0.009704632438017372,-0.012101702515397772,0.016453792754609148,-0.0009586758124065162
1660869504213089,-1.009109636072328,-0.0416876478217744,0.040100709544518,0.0180667995102196,-0.0353091767896063,-0.0190219276015328,-0.0034002843930992,0.0553505454517505,-0.5480920358215394,0.009948478175770934,-0.011330992094483516,0.01733530750524121,-0.0018515928500717621
1660869504229068,-0.9953154802777142,-0.0347295338368809,0.038391699092088,0.0184833880655856,-0.0361733915233396,-0.0185319602232485,-0.0036708275315007,0.0549936424110673,-0.5481073796988208,0.01025079246476361,0.0022168473301171776,0.021864079341121244,-0.0032045429722515895
1660869504245048,-0.9939726863508048,-0.0305790798809795,0.0470588235294116,0.0190070909297805,-0.0365409250832293,-0.0178504253396437,-0.0039553007646056,0.0546414774721032,-0.5481173905338839,0.010626979756862389,0.0032036771313239676,0.02341307996732038,0.004916323318564814
1660869504261028,-0.9900663767452508,-0.0287479972533759,0.048645761806668,0.0195718375293349,-0.0363651402482095,-0.0169926271305593,-0.0042480698485177,0.0543008456341484,-0.5481207786365632,0.010998967846739365,0.00639898806319017,0.022719746335431584,0.005852935436239097
1660869504277008,-0.9882352941176472,-0.0194705119401845,0.0487678339818415,0.0200767859964876,-0.0356177821188443,-0.0160178408332012,-0.0045426844283692,0.0539777607327858,-0.548117653987081,0.011460155962924129,0.007407063621714394,0.028797508483760694,0.005377506850271337
1660869504292987,-0.9990997177080948,-0.0156862745098038,0.0505989166094451,0.0204036732972576,-0.0343026406964061,-0.0150118023401267,-0.0048319449403817,0.0536772006858124,-0.5481098937885108,0.011934970961699619,-0.0031116239718599337,0.029323571322727258,0.006487730530087436
1660869504308967,-1.003616388189517,-0.008239871824216,0.0482795452811473,0.0204422748701511,-0.0324827047628039,-0.0140728792643092,-0.0051083775802308,0.053403839508152,-0.5481010597504612,0.012451789334833038,-0.00686546500795393,0.033092976607483546,0.003751523281610672
1660869504324947,-1.001419089036393,0.0083619439993896,0.0514534218356601,0.0201162342782838,-0.0302884277212344,-0.0133107564816083,-0.005365015215421,0.0531607120190389,-0.5480961396529517,0.013159108879274429,-0.004201349269346899,0.04472531318798024,0.0062328598525111314
1660869504340942,-1.008743419546807,0.0115358205539024,0.046936751354238,0.0194003649901692,-0.0279067745632686,-0.0128237173061521,-0.0055962558724852,0.0529474844104435,-0.5481010102954028,0.013821233838841644,-0.010373111801784796,0.04310927076824373,0.0015445704339801247
1660869504356922,-1.012161440451667,0.006530861371786,0.0427862973983366,0.0183262696256208,-0.0255590962921961,-0.012662074548476,-0.0057987293568119,0.0527609547567861,-0.5481215222570689,0.014335634769872537,-0.01241201943598036,0.034293880427514606,-0.0023452951697291446
1660869504372902,-1.01362630655375,-0.000549324788281,0.0422980086976423,0.0169788466447665,-0.0234622421243205,-0.0128252144681986,-0.0059718995094008,0.0525958497290651,-0.5481625931449594,0.01470459177508458,-0.0124891969842571,0.024492324840702843,-0.0025502254833811022
1660869504388881,-1.004715037766079,0.0049439230945296,0.0421759365224687,0.0154854557730284,-0.0217812800146921,-0.0132873974057742,-0.006117978408889,0.0524446230765873,-0.5482275525400466,0.015108584745161406,-0.0032201353769274466,0.0269870154511621,-0.0024050678926992378
1660869504404861,-1.006301976043336,0.003967345693141,0.0347295338368809,0.0139976554046488,-0.0206013863605553,-0.0140004700782274,-0.0062412045054204,0.0522987158234048,-0.548317562481779,0.015432084908710623,-0.004326366288766037,0.023409394244796152,-0.008866323520458332
1660869504420841,-1.009475852597848,-0.0053101396200503,0.0398565651941709,0.0126696973169149,-0.0199323454017933,-0.0148770926926277,-0.0063470136456723,0.0521513744634074,-0.5484311971856146,0.015619424781886911,-0.006750218558950083,0.012718718038444366,-0.0033653629468514967
1660869504436821,-1.013138017853056,0.001403830014496,0.0505989166094451,0.0116401507472848,-0.0197265603419,-0.0158038145775547,-0.0064413809853869,0.0519984728445468,-0.5485645650724456,0.015926000349890092,-0.009371145432742312,0.0174894189056916,0.0066392896215804326
1660869504452800,-1.007766842145418,-0.0006713969634546,0.0405889982452123,0.011016471899594,-0.0198868406795732,-0.0166710499197804,-0.0065301694930464,0.0518374132113583,-0.5487118775565296,0.01613090462458055,-0.0035999727525939385,0.0138727727349669,-0.003033565868387128
1660869504468780,-0.9995880064087892,0.0001831082627603,0.0364385442893109,0.0108607917234977,-0.0202726966222952,-0.0173753826474321,-0.006618446875328,0.0516677754812226,-0.5488660197303016,0.01630501052811653,0.004120976685631383,0.01325455016506362,-0.006465617841859679
1660869504484760,-0.9961699855039292,-0.0027466239414053,0.0419317921721216,0.0111823473940863,-0.0207236245234565,-0.017816580061909,-0.0067100100745911,0.0514929070570782,-0.5490191723372948,0.016438829082164635,0.006785097831442322,0.009292336164808217,-0.0008751329631440791
1660869504500740,-0.9904325932707714,0.0055542839703974,0.0453498130769816,0.0119406582073855,-0.0210857184144355,-0.0179182179624168,-0.0068071847656803,0.0513190738413082,-0.5491637145744982,0.016683992085276638,0.011270241058140007,0.015833919668949828,0.0022885991475443263
1660869504516719,-0.9895780880445564,0.014221408407721,0.0510872053101394,0.0130560303708813,-0.0212242543943983,-0.0176396333461986,-0.0069107659301524,0.0511535793573205,-0.5492930935448881,0.017047303022941378,0.01091227165591957,0.022050939695646084,0.007223392242631917
1660869504532699,-0.9912870984969864,0.0260624093995574,0.0543831540398258,0.0144246541810128,-0.0210340994343301,-0.0169643335351769,-0.0070201161103004,0.051004281295434,-0.5494023158514606,0.01755356955768189,0.008282935083140597,0.030502746618734235,0.009467406875086487
1660869504548679,-0.9882352941176472,0.0264286259250781,0.052063782711528,0.0159370012020612,-0.0204519730265572,-0.0158965656190575,-0.0071334806536896,0.0508794843985372,-0.5494881290533568,0.01800636982728579,0.010201265516231683,0.027782066829829446,0.0064332319921098155
1660869504564659,-0.989089799343862,0.0245975432974745,0.0571908140688179,0.0174943103745666,-0.0194531926719303,-0.0144729607748525,-0.0072483323768914,0.0507875333147434,-0.5495489481777573,0.018408199298271206,0.008412084261015251,0.02335588578200326,0.01040423701445975
1660869504580639,-0.9937285420004578,0.0255741206988631,0.0588998245212479,0.0190178861187303,-0.0180359301688237,-0.0127652597560646,-0.0073615270313198,0.050736425266769,-0.5495845708001471,0.018790986281191215,0.0033960074439775,0.021899216865052674,0.010901922720200775
1660869504596618,-0.9932402532997636,0.0241092545967802,0.0581673914702065,0.0204505085396624,-0.016214217292611,-0.0108664350506796,-0.0074693457696225,0.050733120293802,-0.5495958615144193,0.019112808808315417,0.0034958665302045056,0.018390915686672796,0.009152540702243438
1660869504612598,-0.9905546654459448,0.0263065537499045,0.0606088349736779,0.0217524972676162,-0.014023672550398,-0.0088765716805836,-0.0075676407536215,0.0507828974599049,-0.549584474869303,0.01944261251598525,0.0055633089456209595,0.018529393355817388,0.010434585785143356
1660869504628578,-0.989089799343862,0.0422980086976423,0.0587777523460744,0.0228958344561391,-0.011532661099515,-0.0069010047200948,-0.007652161637074,0.0508888090137032,-0.5495526508216492,0.019955362502156643,0.006325357542933396,0.031068763473199673,0.007743152841785866
1660869504644558,-0.987136644541085,0.051209277485313,0.0570687418936444,0.0238586372252014,-0.008856058900137,-0.0050476058206988,-0.0077190730228712,0.0510510079598785,-0.549503108829093,0.020535094800322246,0.007450661111139345,0.035982029034783335,0.005430728150420276
1660869504660522,-0.9927519645990692,0.0490119783321887,0.0628061341268022,0.0246210889309659,-0.0061628952400866,-0.0034091438056715,-0.00776570169445,0.0512670264554299,-0.5494389131724261,0.021046989070596513,0.001651806947839618,0.030406256893493126,0.010051308345220257
1660869504676502,-0.9972686350804914,0.0464484626535437,0.0586556801709008,0.0251640550612404,-0.003661907781828,-0.0020456799472578,-0.0077913778315308,0.0515323883487232,-0.5493633735332412,0.021455639238458,-0.002578377180224245,0.025058467093363318,0.005310768950386978
1660869504692482,-1.002639810788128,0.0504768444342715,0.0551155870908672,0.0254707774477661,-0.0015641277768344,-0.0009827493116523,-0.0077979948489265,0.0518400924568139,-0.5492801172215247,0.02186581198153385,-0.007154597599074886,0.026178163986682004,0.001593608283318039
1660869504708461,-0.9958037689784084,0.0558480201419087,0.0473029678797587,0.0255306583262219,-4.424108513524823e-05,-0.0002178066932216,-0.0077900240931251,0.0521811668035253,-0.54919302358375,0.022283021136573617,-0.0002867002104197658,0.02839440572488728,-0.005597109835011417
1660869504724441,-0.9986114290074006,0.0457160296025023,0.0471808957045851,0.0253443179849419,0.0007857133620902,0.0002711316071245,-0.0077740195531359,0.0525470413146082,-0.549105888415595,0.022517752620753215,-0.00278492421547083,0.0164361736669328,-0.005147263809166511
1660869504740421,-0.9986114290074006,0.036682688639658,0.0449835965514608,0.0249286667334241,0.000902337494975,0.0005142838697563,-0.0077576811057488,0.0529299606982779,-0.5490222480971451,0.022595997192848705,-0.0025064317939238467,0.0066625494336796445,-0.006610106666061724
1660869504756401,-1.006057831692988,0.0317998016327152,0.0510872053101394,0.0243196115347856,0.000396970016152,0.0005461234539622,-0.0077484962603024,0.0533216803648285,-0.5489453614834175,0.022619256245307556,-0.00895755103156004,0.0016016961840631637,-0.0004558481166448136
1660869504772380,-1.011429007400626,0.0304570077058059,0.0507209887846187,0.0235719619777328,-0.0005293782024388,0.0004098839679307,-0.0077522382684472,0.0537144505929918,-0.5488779095392926,0.022621789941311896,-0.012895854065278267,0.00023301203143847454,-0.0007398581779489641
1660869504788360,-1.008621347371633,0.0310673685816738,0.0497444113832301,0.0227581152891868,-0.0016176536466037,0.0001513959526553,-0.0077718502009392,0.0541030161044236,-0.5488215543293534,0.022630142540599273,-0.009079374632656734,0.0007590356165757366,-0.0015447920214038055
1660869504804340,-1.005325398641947,0.0444953078507666,0.0507209887846187,0.0219640982339586,-0.0026163377921283,-0.0001969116121343,-0.0078070521026236,0.0544845151733312,-0.5487767172498839,0.022828679655177667,-0.005205083312673775,0.012768277397101686,-0.0005113931580136913
1660869504820320,-1.002761882963302,0.050354772259098,0.0475471122301058,0.021279869597055,-0.0033230685086997,-0.0006115632668038,-0.0078546442861824,0.0548580509981507,-0.5487424448237724,0.023078569073541163,-0.002377410870625818,0.016764967624889777,-0.0033167427412739287
1660869504836300,-0.9995880064087892,0.0573128862439915,0.0424200808728159,0.020786632346395,-0.0036047308444448,-0.0010525352630416,-0.0079093576552467,0.0552255284596174,-0.5487162936068326,0.023384395370965903,0.0007168191154982573,0.021350773448804948,-0.0075993966887074466
1660869504852279,-1.001297016861219,0.0630502784771493,0.0474250400549323,0.0205477067881858,-0.0034135644991968,-0.0014535293750085,-0.0079650954991553,0.0555914452408667,-0.5486945270941853,0.023757543291217292,-0.0008929722032384735,0.024379349113766463,-0.0023349937559319425
1660869504868259,-0.9964141298542764,0.07537956816968,0.048645761806668,0.0206042521963274,-0.0027896156571439,-0.0017375683961442,-0.0080162803012529,0.0559607290032996,-0.5486726464224395,0.024269613417728354,0.0035909233233337723,0.03303777492566745,-0.0010028448037766174
1660869504884239,-0.9900663767452508,0.0786755168993664,0.0470588235294116,0.0209729829112992,-0.0018331646259132,-0.0018365248234484,-0.0080588860640921,0.0563375103225701,-0.5486458443479815,0.024771562819046248,0.008944808789123404,0.03270035128981847,-0.002330804772929712
1660869504900219,-0.9921416037232014,0.0648813611047529,0.0535286488136108,0.0216450684938434,-0.0006576660874995,-0.0017075666843773,-0.0080908098345252,0.0567263143714936,-0.5486091933539922,0.0250489976208801,0.006182623630055506,0.017015575945684473,0.0037251184601425416
1660869504916198,-0.9917753871976808,0.0592660410467686,0.0540169375143051,0.0225859399898536,0.0006553013645604,-0.0013431189599988,-0.0081114996463063,0.0571328041120093,-0.5485579185577428,0.025221244801128452,0.00589395614001853,0.01026023029893016,0.0037920664447531546
1660869504932178,-0.9969024185549706,0.0661020828564886,0.0540169375143051,0.0237351685401701,0.002082467371229,-0.0007639222063347,-0.0081210753034187,0.0575624242483922,-0.5484879663559757,0.02547331605157461,0.0006902323044557512,0.015386644897785136,0.0034128598002778412
1660869504948158,-0.9943389028763256,0.0689097428854808,0.0531624322880901,0.0250084873646407,0.0036522698972999,-9.3245806348977e-06,-0.0081193784343443,0.0580195454556757,-0.5483965230091145,0.025737105719316266,0.002928373184790667,0.016374874434099608,0.0023025191166565553
1660869504964138,-0.985671778439002,0.0752574959945064,0.0547493705653465,0.0263048801961456,0.0054074293625648,0.0008551419688051,-0.0081053360669073,0.0585077683750573,-0.5482822964137445,0.02606873716886609,0.010435947859902872,0.020450364788812694,0.00350051165452165
1660869504980102,-0.9800564583810178,0.0869764248111693,0.0564583810177765,0.0275181088808027,0.0073603418870132,0.0017311903981354,-0.0080768358559519,0.0590292933703408,-0.5481457126076029,0.02653913258517373,0.014446141126098322,0.02895236424492803,0.004688569896256482
1660869504996082,-0.98457312886244,0.0874647135118635,0.0603646906233308,0.0285507288971948,0.0094628804180331,0.0025060313600553,-0.0080311661961031,0.0595841964000655,-0.5479888928252634,0.026981234870501903,0.008936523580208577,0.026496587651060007,0.007735391551629708
1660869505012062,-0.9920195315480278,0.0880750743877314,0.0590218966964215,0.0293296931207609,0.0115960409820325,0.0030816528197029,-0.0079659273603258,0.0601707431370904,-0.5478152824720816,0.0273824283657923,0.0013411088051586972,0.024396253674235133,0.005753337862248367
1660869505028041,-0.99482719157702,0.0946669718471042,0.0553597314412144,0.0298208547614806,0.0135787481466272,0.0033929045345098,-0.00788014286041,0.0607851877151743,-0.547629144267354,0.027825158893226523,-0.0013198961014501132,0.027889336020247138,0.00188205534633714
1660869505044021,-0.99995422293431,0.0951552605477985,0.0515754940108337,0.0300370387740217,0.0151994130494285,0.0034133580017879,-0.0077751870972505,0.0614212964109776,-0.5474349485732216,0.028218869351479072,-0.005802234712866117,0.0255398622488473,-0.0017119638756392039
1660869505060001,-0.9960479133287556,0.0967421988250549,0.0471808957045851,0.0300355906081959,0.0162658464767836,0.0031556086207742,-0.0076551734690391,0.0620709910136116,-0.5472366233798246,0.02858466178998545,-0.0017063325965804843,0.024414120473493325,-0.005495905963699026
1660869505075981,-1.001785305561913,0.0978408484016171,0.0504768444342715,0.0299053238968847,0.0166533975143445,0.0026687500145219,-0.0075266545630569,0.0627254716914392,-0.5470369143605499,0.028938386852342297,-0.006699352346764109,0.022961493045049977,-0.001979961510611361
1660869505091961,-0.999343862058442,0.0823376821545736,0.0521858548867015,0.0297459440599737,0.0163413358523167,0.0020318865658834,-0.0073977009841406,0.0633762924124757,-0.5468370552087152,0.029042773200647985,-0.0038321179589637655,0.006712494118205833,-0.00024385595236322416
1660869505107940,-0.999343862058442,0.0682993820096129,0.052918287937743,0.0296446358327905,0.0154383784971093,0.0013422810469117,-0.007276478069308,0.0640162813450449,-0.5466368262053328,0.028940243725789495,-0.0034489061630673667,-0.006593225424079377,0.00043971938881044725
1660869505123920,-0.9971465629053178,0.0686655985351336,0.0534065766384372,0.0296559824813246,0.0141763374095781,0.0007012230000283,-0.0071695858276922,0.0646402274692662,-0.5464349791064468,0.02885464781398985,-0.0011264463089488697,-0.0056043080087028185,0.0008352072805541816
1660869505139900,-0.9962920576791028,0.0733043411917293,0.0547493705653465,0.0297910480518564,0.0128541993735269,0.000199600959325,-0.0070807159062152,0.0652462234441563,-0.5462297652861525,0.028846929796108277,-0.0002447469744605302,-0.0008690088168964161,0.0019602010867171282
1660869505155880,-0.9953154802777142,0.0857557030594335,0.0540169375143051,0.030017225724879,0.0117605631755517,-9.6749332969032e-05,-0.0070101167179525,0.0658366658274509,-0.5460194977225287,0.02901406594545662,0.0006586473842352669,0.010424117745727018,0.0011049912321081587
1660869505171859,-0.994216830701152,0.1083390554665442,0.0518196383611808,0.0302670850344411,0.0111099886800386,-0.0001572058741988,-0.0069549373007187,0.0664169176110863,-0.5458032541646357,0.029478037139975734,0.0015815672647178092,0.02970672313755393,-0.0009830771289145238
1660869505187839,-0.9939726863508048,0.1124895094224456,0.0599984740978101,0.0304546592216026,0.0110003202656059,8.378471621390155e-06,-0.0069102458042703,0.0669932960455544,-0.5455814006959713,0.0299764503928223,0.0016431404535585115,0.030471459384109806,0.006476182746943296
1660869505203819,-0.99140917067216,0.1154192416266113,0.0645151445792322,0.0304965929668162,0.0113972324400192,0.0003453170667452,-0.0068704120097167,0.0675718693158598,-0.5453556688299082,0.030478897654538817,0.0037859905189829846,0.030061072429447958,0.009893567905528852
1660869505219799,-0.9884794384679942,0.1102922102693213,0.0642710002288851,0.0303332322996616,0.0121537641764123,0.0007590165846556,-0.0068304637753205,0.0681564962774043,-0.5451289990007796,0.030858534368070813,0.006044150450833841,0.022440636964942168,0.008684481199663578
1660869505235778,-0.9962920576791028,0.1030899519340807,0.0697642481116957,0.029945173867721,0.0130485206368979,0.0011377924477779,-0.0067871545171865,0.0687472174016148,-0.5449050942915444,0.031113048740847724,-0.0015916218842472185,0.013714540766731412,0.012759956174226754
1660869505251758,-1.002883955138476,0.1076066224155028,0.0672007324330508,0.0293623405713559,0.0138243674492942,0.0013823916393853,-0.0067397074880032,0.0693414959915535,-0.5446874719717203,0.0313985970708509,-0.007365167409258411,0.016408090123338145,0.009176796446023677
1660869505267738,-0.9984893568322272,0.1255512321660186,0.0640268558785379,0.0286629330981062,0.0142351526074923,0.0014275222791944,-0.0066901727663544,0.0699358908893974,-0.5444784808390506,0.03190041868502379,-0.002673512192708505,0.030917429886468548,0.005402627902359694
1660869505283718,-1.000808728160525,0.1266498817425807,0.0613412680247194,0.0279612347481629,0.0141049030584952,0.0012515848518002,-0.0066431757816857,0.0705252544345883,-0.5442788500291651,0.03235994742473047,-0.004493595168905573,0.0288144715167276,0.002445336043687067
1660869505299713,-0.9978789959563592,0.1154192416266113,0.0592660410467686,0.0273870292019526,0.0133752660225154,0.0008752346272559,-0.0066049604899094,0.0711020765385838,-0.5440875527481875,0.03260927566170743,-0.0014074766682657947,0.01582544826068237,0.0003330981591626453
1660869505315693,-0.9970244907301442,0.0984512092774849,0.0613412680247194,0.0270615273541637,0.0121192376984028,0.0003549483002965,-0.0065819774472308,0.071658763617491,-0.5439016513292152,0.03259993169674613,-0.0004976742978457516,-0.0010283256795996232,0.002167492623402094
1660869505331672,-0.9956816968032348,0.0938124666208892,0.0665903715571829,0.0270747172349617,0.0105259230814156,-0.0002221901519412,-0.0065794357928053,0.0721906274332911,-0.5437164017201537,0.0325411181596388,0.0007606076661572647,-0.005100361502575784,0.006674936540279043
1660869505347652,-0.9912870984969864,0.0910048065918971,0.0632944228274965,0.0274697313657195,0.0088614361428682,-0.000749665911164,-0.0066001660149797,0.0726971204305102,-0.5435258587590338,0.03243947038735513,0.004639685375165126,-0.007117219378411102,0.0030410890295333795
1660869505363632,-0.9895780880445564,0.1069962615396349,0.0635385671778436,0.0282385273259902,0.007402251849739,-0.001124411042033,-0.0066440788854827,0.0731819585143524,-0.5433237046736252,0.03257456527198928,0.005713826244835629,0.00798681201239404,0.0029567100418924352
1660869505379612,-0.9799343862058444,0.1266498817425807,0.0652475776302736,0.0293276703516679,0.0063619974506544,-0.0012693897968102,-0.0067084111817406,0.0736521963022523,-0.5431040915525713,0.03297988261555445,0.013821775275192794,0.02487638899380587,0.004199148444890187
1660869505395591,-0.976638437476158,0.1422751201647978,0.0684214541847865,0.0306498425332594,0.0058517140487506,-0.0011465772800746,-0.0067886113835164,0.0741156928593131,-0.5428624767862428,0.033576328963069405,0.015405951604391288,0.03645146467442066,0.00663572249946278
1660869505411571,-0.983962767986572,0.1355611505302514,0.07196154726482,0.0320985836156176,0.0058806928473043,-0.0007649455325128,-0.006879410833098,0.0745790641864244,-0.5425961409781606,0.034027693759525184,0.007273458984579539,0.02676374553588684,0.009158234021546655
1660869505427551,-0.9848172732127872,0.1245746547646291,0.0833142595559621,0.0335641624972511,0.0063703337582344,-0.0001805088921254,-0.0069757608774458,0.0750478090855383,-0.5423041523507043,0.03431322621055535,0.005777058382527844,0.014199524793238091,0.018459851681419878
1660869505443531,-0.9870145723659114,0.1211566338597692,0.0801403830014493,0.034946999904521,0.0071700946900732,0.0005198714056975,-0.007073628121463,0.0755264156143819,-0.5419871278700185,0.03451307469314832,0.0032217833064632773,0.009703353499540365,0.013757377614216373
1660869505459510,-0.9787136644541086,0.1372701609826814,0.0763561455710686,0.0361670035185681,0.0080881079075572,0.0012392048905986,-0.0071706148353105,0.0760168447740706,-0.5416471062828614,0.03491168533142678,0.010370422096439458,0.023235192560207313,0.008975826165452103
1660869505475490,-0.9782253757534144,0.1447165636682692,0.0755016403448536,0.0371700336003526,0.0089338773929059,0.0018795500927951,-0.0072661911971504,0.0765175248735578,-0.5412872959419668,0.03537323785730708,0.009772839717420267,0.027613435721215607,0.007309188845313397
1660869505491470,-0.9832303349355308,0.142519264515145,0.0729381246662086,0.0379318522329568,0.0095552809482841,0.0023494471301294,-0.0073614420132705,0.0770243224051613,-0.540911517481227,0.03574753449761584,0.004291092481773506,0.022874522911282252,0.0042711058500015525
1660869505507450,-0.985671778439002,0.1304341191729614,0.0755016403448536,0.0384585799087447,0.0098641698377323,0.0025809347228206,-0.0074584777014079,0.07753211547316,-0.5405235820864409,0.035921500746527,0.0016646840804720453,0.009710439812188817,0.006151159375781895
1660869505523429,-0.989089799343862,0.1397116044861528,0.0801403830014493,0.0387839656279606,0.0098491272830741,0.002539538190684,-0.0075596876592373,0.078035885192405,-0.5401268054940932,0.03622133270756137,-0.0015780031419491136,0.017089132612842187,0.009710911829139829
1660869505539409,-0.9945830472266728,0.1476462958724349,0.0768444342717629,0.0389638519755694,0.0095674978007449,0.0022152765347309,-0.0076669644760093,0.0785311640686725,-0.5397236861137084,0.036589477680700054,-0.00636412592228397,0.022521441599211878,0.005773466789508075
1660869505555389,-0.9926298924238957,0.1355611505302514,0.0720836194399936,0.0390661630062447,0.0091227722327842,0.0016132415159674,-0.0077810663398166,0.0790134726323167,-0.5393158214618048,0.03673715810704253,-0.003969874007556218,0.009392666631325514,0.0009113867619648941
1660869505571369,-0.9887235828183414,0.1306782635233086,0.069398031586175,0.0391562867960752,0.0086447056826859,0.0007566286053686,-0.0079012481893372,0.0794776592158421,-0.5389040080142227,0.036794795235794445,-5.7207961801752916e-05,0.004058801661944472,-0.0015967809826683416
1660869505587349,-0.990798809796292,0.1419089036392771,0.077943083848325,0.0392825488027338,0.0082700444785161,-0.000309616998509,-0.0080251906815496,0.0799191059721779,-0.5384882841375619,0.03703059430415606,-0.0019191914457771242,0.013760497600121657,0.006253444151533505
1660869505603328,-0.9865262836652172,0.156435492484932,0.0747692072938122,0.0394674003044211,0.0081133760886866,-0.0015238896082896,-0.0081492586977009,0.0803359283654846,-0.5380679789143519,0.03743848889740069,0.002118001216767862,0.02545837780119889,0.002771610837318625
1660869505619293,-0.9846952010376137,0.1553368429083699,0.0667124437323565,0.0397066193051805,0.0082410565529255,-0.0028196064472776,-0.008269075208,0.0807288446727137,-0.5376421297401678,0.03776577137577923,0.0035541754599341946,0.021923755402173117,-0.004756637451723361
1660869505635273,-0.980300602731365,0.1583886472877092,0.0708628976882579,0.0399758877667138,0.008665456686977,-0.0041353623331873,-0.0083802282006684,0.0810990365915523,-0.5372101130807506,0.03811867742023645,0.00715389638956454,0.02247800380336118,-0.0005455651462397682
1660869505651252,-0.9850614175631344,0.1563134203097585,0.0707408255130843,0.0402427810545535,0.0093527945427669,-0.0054137205215091,-0.0084789274218452,0.0814476682011945,-0.53677187425661,0.03840468098981911,0.002153773402015724,0.018362499142869415,-0.0006008735892720218
1660869505667232,-0.9875028610666056,0.1531395437552456,0.0761120012207214,0.0404820188050984,0.010232543379356,-0.0065971761850634,-0.0085625627226007,0.0817766327927032,-0.5363277700902909,0.03863272164516498,-0.0002589030913099366,0.013669760329520858,0.004293271906528562
1660869505683212,-0.9849393453879608,0.1638818951705199,0.07879758907454,0.0406905986187636,0.0112099585972143,-0.0076364800034163,-0.0086300934208842,0.082087540742841,-0.5358784401988389,0.038998537480713316,0.002074151328601337,0.021970900570315643,0.006280973784312444
1660869505699192,-0.9833524071107044,0.1703517204547191,0.072816052491035,0.0408970478848703,0.0121862419795713,-0.0084992972625777,-0.0086821434160483,0.0823808013269157,-0.5354244727633645,0.039401267349688934,0.0032949806452718944,0.025596653269063352,0.0002694934807266902
1660869505715171,-0.9849393453879608,0.170962081330587,0.0723277637903407,0.0411610140468726,0.0130833102821407,-0.0091679789765376,-0.0087207594628873,0.0826572477837271,-0.5349656349878982,0.03977018000444809,0.0015372381312139805,0.023586312730438097,-0.00019691569797083974
1660869505731151,-0.9821316853589686,0.1679102769512477,0.0722056916151672,0.0415644992263833,0.0138625069335553,-0.0096431131462011,-0.0087488630724692,0.0829192026088143,-0.5345002830072891,0.04006053090206846,0.003910408344185545,0.018481057515988913,-0.000287089085829903
1660869505747131,-0.9860379949645228,0.1603418020904863,0.0767223620965893,0.0421969030951328,0.0145288155745643,-0.009955346675079,-0.0087694821842726,0.0831688997616289,-0.5340253606844101,0.04022679292419754,3.6888647680921594e-06,0.00982132438970476,0.0038066232560329677
1660869505763111,-0.9823758297093156,0.1616845960173956,0.0801403830014493,0.0431354057507916,0.0151231353698694,-0.0101642649205708,-0.0087849643687957,0.0834072010623241,-0.5335366199406306,0.04040765545979563,0.0032992687079778094,0.010047706484952679,0.006502179744803674
1660869505779091,-0.9735866330968186,0.161562523842222,0.0763561455710686,0.0444249040527484,0.0157093481767622,-0.0103418767900178,-0.0087964036158558,0.0836338638450305,-0.5330289289219287,0.04056259426190417,0.010879618788427248,0.008933070878801186,0.002446148082980673
1660869505795070,-0.9672388799877928,0.1710841535057606,0.0744029907682914,0.046063168888879,0.0163616480934271,-0.0105551704002185,-0.008803380205023,0.0838477546384616,-0.5324968871532172,0.04083499389564658,0.015504634707707798,0.01660923048810581,0.0004436939521831329
1660869505811050,-0.9673609521629664,0.1745021744106205,0.0747692072938122,0.0479949033625174,0.0171534781136825,-0.0108535378383976,-0.0088039849159597,0.0840472513990846,-0.5319355948820209,0.04113043486074238,0.013844306279280905,0.018024526253669154,0.0007289194299335278
1660869505827030,-0.9704127565423056,0.1854886701762419,0.0723277637903407,0.050115980701648,0.018142595847122,-0.0112629617822325,-0.008795096740933,0.0842313770539928,-0.5313413265872491,0.041542048114819416,0.009713251709947524,0.02610991981736152,-0.001541271666184174
1660869505843010,-0.9713893339436944,0.1906157015335319,0.0701304646372165,0.0522861957068866,0.0193577771590148,-0.011788629636349,-0.0087728688438438,0.0844002295374918,-0.5307121619911691,0.041978045696004,0.007863006877702805,0.02811325605718637,-0.0033647137373775393
1660869505858989,-0.9728542000457772,0.1862211032272834,0.0687876707103072,0.0543464092322629,0.0208040153524455,-0.0124196436200253,-0.0087332412345574,0.0845541068475728,-0.5300485666793483,0.04230403654230748,0.005758326698058092,0.021346791975844076,-0.004236756897858157
1660869505874969,-0.9688258182650492,0.1847562371252005,0.0707408255130843,0.0561369620170002,0.0224806723019567,-0.0131273770608701,-0.0086722793690265,0.0846924182107645,-0.52935373384273,0.04258643948294152,0.008808037630907428,0.01789373328638505,-0.0020552418855729476
1660869505890949,-0.9687037460898758,0.1834134431982912,0.0698863202868693,0.0575164522896897,0.0243914354071642,-0.0138602808216785,-0.0085863453661978,0.0848133853268066,-0.5286335320663739,0.042819865055693414,0.008037098825472766,0.014895845423528176,-0.0026187724006091623
1660869505906929,-0.9740749217975128,0.1898832684824905,0.0734264133669029,0.0583801994956414,0.0265413772001562,-0.0145494473890106,-0.0084722191594924,0.0849151319428679,-0.5278959442819499,0.043126131215744566,0.002399330806052258,0.019229103636954736,0.0008291886114820124
1660869505922908,-0.97944609750515,0.1997711146715497,0.0709849698634315,0.0586759064832367,0.0289224204667903,-0.0151312763269378,-0.0083272278461255,0.0849977106416149,-0.5271500467336991,0.04352937469723957,-0.0026746604114264994,0.026205254843412518,-0.0014510294027904602
1660869505938903,-0.9843289845120928,0.1996490424963762,0.0757457846952007,0.0584112526492677,0.0314887737452623,-0.0155705786845485,-0.0081494629059224,0.0850639230915613,-0.5264049150489143,0.04389943698171699,-0.006801792676532359,0.023474864401415108,0.002978806886080862
1660869505954883,-0.987136644541085,0.1975738155184255,0.0773327229724571,0.0576482359404538,0.0341383564009139,-0.0158652949337682,-0.0079381850978738,0.085117524562177,-0.5256688638959502,0.0442055157120307,-0.00864850743497203,0.019259673681117973,0.004109170647003529
1660869505970863,-0.9909208819714656,0.2094148165102618,0.0833142595559621,0.0564838980788722,0.0367137563408457,-0.0160377496238833,-0.0076943676563551,0.0851607519332539,-0.524948984654949,0.04466204905508856,-0.011189470378817346,0.027990607205658852,0.009081636507457691
1660869505986843,-0.9882352941176472,0.2167391470206761,0.0831921873807886,0.0550217655750504,0.0390188900305157,-0.0161262802032779,-0.0074211860872156,0.0851939764266801,-0.524250766285847,0.04517875602716293,-0.007653494272499173,0.031783443944465806,0.008063607899055775
1660869506002823,-0.9894560158693828,0.212222476539254,0.0835584039063093,0.0533403799186639,0.0408433661137191,-0.0161783943630793,-0.0071242848455273,0.0852164427161975,-0.5235780707291261,0.045580671031570895,-0.007986794421811383,0.02454009611673935,0.007586841982118814
1660869506018802,-0.9927519645990692,0.2081940947585261,0.0724498359655143,0.051466492215465,0.0419930089735093,-0.0162413114155918,-0.0068117292252307,0.0852251041517606,-0.5229339197069653,0.04585302613927594,-0.010154468836348074,0.01846054290241031,-0.0031695533628085665
1660869506034782,-0.9843289845120928,0.2042877851529719,0.06854352635996,0.0493598510944708,0.0423347652049467,-0.0163479566447885,-0.0064935287802273,0.085212827264552,-0.522321783853346,0.046038175633766706,-0.0015583398744345445,0.013098809967170527,-0.0063682766715265765
1660869506050762,-0.9884794384679942,0.1970855268177312,0.0751354238193329,0.0469142023977281,0.0418529696438517,-0.0165022084863117,-0.0061805750458681,0.0851697209678004,-0.5217465951708272,0.046118635180778876,-0.005137914447302383,0.00530689646873686,0.00020125870906169407
1660869506066742,-1.003494316014343,0.1848783093003741,0.0801403830014493,0.0439775198513616,0.0406788086969557,-0.0166816871593778,-0.0058830332550263,0.0850870910438355,-0.5212152536953916,0.04602425514789602,-0.018137512794286104,-0.006210288943758219,0.004685596102060277
1660869506082721,-1.008255130846113,0.1868314641031512,0.0780651560234986,0.0403890649567722,0.0390644952548537,-0.0168653249694136,-0.0056085873243681,0.0849604787676829,-0.5207367912874058,0.04596091244987967,-0.0206084948634504,-0.0038314207268830003,0.0023493322116986265
1660869506098701,-1.014602883955138,0.1930571450370033,0.0778210116731514,0.0360209562250493,0.0373289210093014,-0.0170518226534609,-0.0053610559097296,0.0847901036610848,-0.5203222091670772,0.04599137555966609,-0.024260623175227813,0.0021548341862721865,0.0018946690752162931
1660869506114681,-1.017288471808957,0.1935454337376976,0.0801403830014493,0.0308114053120036,0.0358040810653027,-0.017244543858651,-0.0051397423423575,0.0845793904024105,-0.5199839389172602,0.0460345018645467,-0.02425158992614207,0.002378810598269804,0.0037926363631627658
1660869506130661,-1.02046234836347,0.2037994964522776,0.0825818265049207,0.0247861749369785,0.0347735274050406,-0.0174355364097644,-0.0049397059909424,0.0843338779074336,-0.5197347673019865,0.04622771197659027,-0.024682919832589634,0.011369585981564817,0.0056106718799707606
1660869506146640,-1.023147936217288,0.2117341878385597,0.0833142595559621,0.0180666051217162,0.0344105707977936,-0.0176130051952518,-0.0047529217353524,0.0840616070800399,-0.5195862354570505,0.04651888956549862,-0.02463165691776681,0.017373849631062227,0.005708794437910947
1660869506162620,-1.022781719691768,0.2194247348744947,0.0834363317311357,0.0108599051456268,0.0347514317930462,-0.017766083421658,-0.0045700042871376,0.083772443312492,-0.5195471480104435,0.04689267893041239,-0.021838896353022053,0.0225579570002975,0.0052477799517760965
1660869506178600,-1.021683070115206,0.2323643854428932,0.0781872281986721,0.0034338149761854,0.0357008867250164,-0.0178806570382169,-0.0043820768740511,0.0834754833031981,-0.5196226342793989,0.04739903184682186,-0.018666222098814078,0.031947846811826414,-1.191222618740495e-06
1660869506194580,-1.022537575341421,0.2404211490043489,0.0769665064469364,-0.0039167933137308,0.0370426932834141,-0.0179526706360871,-0.0041824921144893,0.0831774769115207,-0.5198135228650386,0.04796724326525542,-0.01756865459252621,0.03600414933595389,-0.0010997216769190188
1660869506210559,-1.016433966582742,0.2311436636911575,0.0820935378042264,-0.0109075900612707,0.0384679236781351,-0.0180066933238328,-0.0039681571290352,0.0828824522679755,-0.5201160954406651,0.04836041763815113,-0.010318541250462498,0.02405399762048624,0.0036245787123338757
1660869506226539,-1.01362630655375,0.2018463416495004,0.0833142595559621,-0.0173035790669171,0.0396451257941165,-0.0180880284230033,-0.0037401339591824,0.0825908982383664,-0.5205225660652679,0.04830284565869801,-0.006759793099323508,-0.0047189919790537604,0.004360770417662613
1660869506242519,-1.009842069123369,0.1907377737087055,0.0844129091325243,-0.0229503359282704,0.0403026104541808,-0.0182439744092313,-0.0035032907716796,0.0822997591873171,-0.5210221174401213,0.048095811391624534,-0.002678000102048106,-0.014244803927863786,0.004913477994802351
1660869506258484,-1.009353780422675,0.1911039902342262,0.0794079499504079,-0.0277895531121767,0.0402742967353499,-0.0185219941260043,-0.0032651480386433,0.082003587453988,-0.5216022382894137,0.047900636428215716,-0.001970740261218795,-0.012490728662108791,-8.233306858265732e-05
1660869506274463,-1.006179903868162,0.1964751659418633,0.0747692072938122,-0.0318583984475575,0.0395089543308728,-0.0189732682900494,-0.0030343364699072,0.0816952632562274,-0.5222502741708858,0.047786353718251455,0.0010828226639647553,-0.0064075976590245165,-0.004248968152660515
1660869506290443,-1.003982604715038,0.199404898146029,0.0657358663309679,-0.0352767014335422,0.0380743560326698,-0.0196443040961061,-0.0028189816249649,0.0813669989970427,-0.522954841768252,0.047699009368706996,0.0029521096353799514,-0.0031300789093729187,-0.011954078203954346
1660869506306423,-1.001052872510872,0.1981841763942933,0.0635385671778436,-0.0382245227302197,0.0361627740482659,-0.0205645176239187,-0.0026251048557148,0.0810120979538054,-0.5237068802347472,0.04759656963791879,0.005293657655591311,-0.003915720594997729,-0.012736239621370785
1660869506322403,-0.9995880064087892,0.1902494850080112,0.0652475776302736,-0.0409110599909732,0.0340789725647586,-0.0217417795872171,-0.0024551366060502,0.0806253111382238,-0.5245004889257937,0.047396772082235875,0.006082671381906657,-0.010665370783151856,-0.009924506252046716
1660869506338382,-0.9951934081025406,0.1848783093003741,0.0665903715571829,-0.0435378638706628,0.0322043391672734,-0.0231625745493587,-0.0023067781777537,0.0802021754517721,-0.525333339477352,0.0471432642102077,0.0094295427193396,-0.014432891841710066,-0.007723541092623673
1660869506354362,-0.9984893568322272,0.1824368657969027,0.0604867627985044,-0.046262352727966,0.0309487133433301,-0.0247858728251543,-0.0021724690832013,0.0797404830595229,-0.5262061543942255,0.0468662938253054,0.005520234590687845,-0.015186901810663317,-0.012444434866171958
1660869506370342,-1.002517738612955,0.1813382162203405,0.0565804531929501,-0.049167250537099,0.0306954829826744,-0.0265347133059606,-0.0020396261091381,0.0792431781188915,-0.5271214102176892,0.046593403220713495,0.0013426675289640588,-0.014656996248502946,-0.014715670024553623
1660869506386322,-1.006546120393683,0.1774319066147863,0.0593881132219422,-0.0522397196784022,0.0317324553830083,-0.0283049815499812,-0.0018917396931309,0.078718921276683,-0.5280818948243035,0.046301350908226034,-0.0024171428265875594,-0.016706975268651447,-0.010717208996005374
1660869506402301,-1.007888914320592,0.1853665980010684,0.0626840619516286,-0.0553655849813539,0.0341702475223457,-0.0299926841562138,-0.0017103700001986,0.078179806939844,-0.5290893297416898,0.04615993317835924,-0.0033839430781468227,-0.007895055494132414,-0.006679134239687093
1660869506418281,-1.002151522087434,0.198550392919814,0.0621957732509343,-0.0583451939430196,0.0378759509008947,-0.0315149960101378,-0.0014779744966184,0.0776384694128762,-0.5301430235928175,0.04621666828436106,0.002118104239510199,0.004759865482151876,-0.006450680646343257
1660869506434261,-0.9938506141756314,0.2179598687724118,0.0581673914702065,-0.0609312634661922,0.0424559488634552,-0.0328117224575481,-0.001181224225905,0.07710583681659,-0.5312387948343141,0.04653140882618344,0.009377110936181543,0.021752407201274693,-0.00943115618436395
1660869506450241,-0.9865262836652172,0.2365148393987946,0.0593881132219422,-0.0628800683388217,0.0473054249192643,-0.0338413543724172,-0.0008141065360697,0.076589662560292,-0.5323685210898598,0.047080699637084375,0.015031297301936086,0.036276640044891756,-0.0073893909893654255
1660869506466220,-0.9835965514610514,0.2387121385519189,0.0575570305943387,-0.0640035197256296,0.0517247897192361,-0.034585600023228,-0.0003798766410568,0.0760934697217158,-0.5335205506876217,0.04760372271071553,0.016164926555491732,0.03462654527821443,-0.008298426255272037
1660869506482200,-0.9789578088044556,0.1989166094453347,0.0559700923170822,-0.0642108388610092,0.0550740783838966,-0.0350530306091287,0.0001088988304614,0.0756155689011438,-0.534680993685079,0.047506356985073314,0.018723302290878707,-0.004652085445532778,-0.008896828079275686
1660869506498180,-0.9737087052719922,0.1492332341496914,0.0549935149156937,-0.0635303806532924,0.0569137064353745,-0.0352663167258983,0.0006323056700954,0.0751488901318973,-0.5358355754524001,0.04671147311431517,0.021575165241007888,-0.04890191466705848,-0.008886064932597769
1660869506514160,-0.9744411383230336,0.114076447699702,0.0565804531929501,-0.0621045743384156,0.0570998884607969,-0.0352422044821064,0.0011665502291824,0.0746829214298247,-0.5369714960188818,0.045501340659130335,0.018758458970969838,-0.07565283100534308,-0.006569213989807227
1660869506530140,-0.977126726176852,0.1072404058899821,0.0504768444342715,-0.0601572376199078,0.05581770760667,-0.0349872139717549,0.0016882200218514,0.0742076088647129,-0.5380788192516056,0.04430274967469371,0.014465584005436294,-0.07423998553355668,-0.011405540473637246
1660869506546119,-0.977126726176852,0.1242084382391084,0.0453498130769816,-0.0579412093914058,0.0535271201118933,-0.0345090803912699,0.0021784279520078,0.0737167842700647,-0.5391512325730055,0.043455440968962145,0.013019025604892653,-0.051544757865987334,-0.014879314647834437
1660869506562099,-0.9855497062638284,0.1289692530708786,0.0441290913252458,-0.0556815622303914,0.0508342327631787,-0.0338253033520964,0.0026257710927788,0.0732088368580382,-0.5401861838127269,0.04275631096178249,0.004136440966124644,-0.042105548730795445,-0.014490032759613213
1660869506578064,-0.9823758297093156,0.1344625009536893,0.0498664835584037,-0.0535318353682427,0.0483476654928967,-0.0329605884740229,0.0030274272883276,0.072685757881914,-0.5411842735277,0.04221901207665973,0.006579285768573695,-0.03295107076318626,-0.007877376473809775
1660869506594043,-0.983962767986572,0.1394674601358057,0.0482795452811473,-0.0515540494586193,0.0465618914906374,-0.0319366560900818,0.0033883983151795,0.0721531281381571,-0.5421478874025916,0.04180308781003653,0.0044931127421855566,-0.02515150042296288,-0.008517883275959558
1660869506610023,-0.9840848401617456,0.1480125123979557,0.0436408026245516,-0.0497229780466645,0.0457785927625648,-0.0307635433742713,0.0037193252515727,0.0716202929146883,-0.5430795987895285,0.041541200134951536,0.00393393651031082,-0.014945803344731556,-0.011840963339299737
1660869506626003,-0.9759060044251164,0.1406881818875414,0.0470588235294116,-0.0479486688687301,0.0460765308513278,-0.0294447546143658,0.0040335366845004,0.0710984192762713,-0.5439810082718957,0.04121235749506206,0.010901495022246022,-0.020043120469631276,-0.007580648190995763
1660869506641983,-0.9754177157244222,0.1398336766613264,0.0496223392080565,-0.046108992651478,0.0473308667623666,-0.0279923859582516,0.0043441034377004,0.0705978334107596,-0.5448520889973789,0.04091042842506022,0.010250805350646264,-0.018807863126261648,-0.0045154192611157815
1660869506657962,-0.9706569008926528,0.1399557488365,0.0459601739528494,-0.0440843494092659,0.0492698955803793,-0.0264339902747222,0.004661508162122,0.0701270155190519,-0.545690877129662,0.040636792533142556,0.013510458164174066,-0.01681721185597926,-0.007359826064690593
1660869506673942,-0.9762722209506371,0.1395895323109793,0.0451056687266344,-0.0417875646698068,0.0515583509619431,-0.0248101014350401,0.0049923024234923,0.0696915780067126,-0.5464937494714239,0.04038099682024608,0.007105624295570712,-0.015465085543349966,-0.0073928981618150355
1660869506689922,-0.97602807660029,0.1384908827344171,0.040955214770733,-0.0391836102482826,0.0538817184103389,-0.0231736809604214,0.0053389125332975,0.0692922477301087,-0.5472563053470088,0.04012787810398266,0.006614791781326068,-0.014907361607920944,-0.010389016905944792
1660869506705902,-0.9716334782940416,0.1266498817425807,0.0438849469748987,-0.0362967816797025,0.0559927322189631,-0.0215911590238247,0.0057003531517817,0.0689252876863874,-0.5479742202376847,0.03974074898890121,0.009908451078817104,-0.024073526339781604,-0.006713356231601186
1660869506721881,-0.970046540016785,0.1198138399328599,0.0405889982452123,-0.0332058182535086,0.057718263471227,-0.0201415456688226,0.0060733109728451,0.0685857855046999,-0.5486437972732834,0.03929089665909534,0.010345850420466207,-0.027818611334552185,-0.00900837446515882
1660869506737861,-0.9701686121919586,0.1167620355535206,0.0380254825665673,-0.0300301009068427,0.0589660304666287,-0.0189105536174788,0.006453295288474,0.0682692579247063,-0.549262599738542,0.0388387431800468,0.00920140042076334,-0.027783374142502343,-0.010414701129423443
1660869506753841,-0.9761501487754636,0.1141985198748756,0.0342412451361866,-0.0269109451367616,0.0597402130027574,-0.0179737654757218,0.0068358522497127,0.0679707984303762,-0.5498301526774746,0.038383812273823655,0.002897877453532538,-0.027312200839032588,-0.012779044703823732
1660869506769821,-0.9781033035782408,0.1022354467078657,0.0288700694285495,-0.0239895870697194,0.0601257571788523,-0.0173786591624582,0.0072176393408178,0.0676850825549308,-0.5503482373308067,0.03779337518439733,0.0008502503856797627,-0.03534774660543823,-0.016335198370314753
1660869506785801,-0.9754177157244222,0.1052872510872049,0.0338750286106659,-0.0213838397106446,0.0602298282014358,-0.0171413616601946,0.0075969007196738,0.0674073137614097,-0.550820689446441,0.03731721728070465,0.0031822544155485355,-0.02906634800348913,-0.010197215269378515
1660869506801780,-0.9861600671396964,0.1039444571602957,0.034119172961013,-0.0191701758501192,0.060127635878505,-0.0172470909163496,0.0079731505476502,0.0671331550731734,-0.5512529361796775,0.03685962598429647,-0.006804087299753125,-0.02736822773735849,-0.00895776382712827
1660869506817760,-0.9903105210955978,0.1095597772182799,0.0239871824216066,-0.0173768029543404,0.059845160419649,-0.0176418405124827,0.0083463299500622,0.066858182238486,-0.5516513603159087,0.036508998376263514,-0.009859087130089095,-0.01957761691143685,-0.017180778929881207
1660869506833740,-0.9920195315480278,0.1141985198748756,0.0208133058670938,-0.0159858018671752,0.0593622583573155,-0.0182364974745752,0.0087158490733042,0.066578290637446,-0.5520225098713487,0.03625564406388158,-0.010411287824267257,-0.013444986829357033,-0.01831918993595461
1660869506849720,-0.9906767376211184,0.1095597772182799,0.0233768215457388,-0.0149410150672841,0.0586228285011212,-0.0189346298653381,0.0090798486575055,0.0662909431660571,-0.5523722747468977,0.03596791457709603,-0.008161644507622134,-0.01627535653735744,-0.014180106831578651
1660869506865699,-0.9918974593728542,0.0888075074387728,0.0261844815747309,-0.0141617243533472,0.0575595649728708,-0.0196538545462318,0.0094349000187919,0.0659959161867356,-0.5527052767362,0.03541557034432395,-0.008444129633422226,-0.03332486368517809,-0.0102352021223279
1660869506881679,-0.9922636758983748,0.0780651560234986,0.0319218738078888,-0.0135596257290214,0.0561267708806918,-0.0203255495790559,0.0097761880135725,0.0656944649996032,-0.5530246959768751,0.034772040220835666,-0.007929311543048545,-0.039660493590407075,-0.004048028900252999
1660869506897674,-0.9975127794308384,0.0757457846952007,0.0258182650492102,-0.013053060033329,0.0543219298103796,-0.0208958157948275,0.0100980733353523,0.065387576373474,-0.5533324680059623,0.03414868559967078,-0.011860573567960886,-0.03778187842683449,-0.009136473893038441
1660869506913654,-0.9977569237811856,0.0758678568703743,0.0277714198519873,-0.0125761817674149,0.0521904494592964,-0.0213355459884722,0.0103948811571158,0.0650750936079226,-0.5536295655272527,0.033592484945416924,-0.01089424612647727,-0.0338938256264948,-0.006464987181235213
1660869506929634,-0.9961699855039292,0.0809948882276643,0.0239871824216066,-0.0120849062334282,0.0498188741517239,-0.0216441903190985,0.0106617309443377,0.0647565159642553,-0.5539162019151859,0.03316253711145421,-0.00837657706429884,-0.025890114842284317,-0.00922430215045432
1660869506945613,-1.000320439459831,0.077943083848325,0.0232547493705652,-0.0115604168661984,0.0473194795289624,-0.0218452774068189,0.0108952097412414,0.0644322930508393,-0.5541920516608283,0.03272964903748483,-0.011274327918180616,-0.026047727299461254,-0.008961061681346146
1660869506961593,-0.9950713359273672,0.0756237125200272,0.0274052033264666,-0.0110098437831318,0.0448087594270607,-0.0219792094445233,0.0110937431011148,0.0641037699070561,-0.5544566493650657,0.032314508680911645,-0.005422701947145114,-0.02553038876498316,-0.004329546952900269
1660869506977573,-0.9966582742046236,0.0725719081406879,0.0293583581292438,-0.0104641821471171,0.0423870888533517,-0.0220918125596232,0.0112576016510337,0.0637721913033203,-0.5547098748523395,0.031898733655411536,-0.006308676201961405,-0.025723973829890223,-0.002138752935110764
1660869506993553,-0.995925841153582,0.0670786602578772,0.0291142137788966,-0.0099729817301866,0.0401278168649374,-0.0222236997596198,0.0113886030449585,0.0634389197228809,-0.554952249207718,0.03144590406563359,-0.005018618835827771,-0.028095499541430813,-0.002144607556912169
1660869507009533,-0.9970244907301442,0.0629282063019758,0.0281376363775081,-0.0095952192298775,0.0380747564533017,-0.0224067193824757,0.0114896643753241,0.0631065246112278,-0.5551850290586839,0.03097747045957596,-0.005505541571151018,-0.029021358147598986,-0.002809066462470606
1660869507025512,-0.9949492637521936,0.0678110933089186,0.0215457389181352,-0.0093876618159064,0.0362386540051572,-0.0226591970681941,0.0115642796153331,0.0627784497757828,-0.5554102927979615,0.03061981359221383,-0.003087283133880292,-0.021724624026590575,-0.00846086752965915
1660869507041492,-0.9978789959563592,0.0724498359655143,0.0211795223926145,-0.0093936194047979,0.0345940307731524,-0.022975979693716,0.0116158919195196,0.0624574143996283,-0.5556309835795978,0.030363729223723317,-0.005415313804241206,-0.015377293232995387,-0.00794437564966187
1660869507057472,-1.007278553444724,0.0669565880827036,0.0269169146257723,-0.0096347624410974,0.0330909825910807,-0.0233270073285849,0.0116472802437324,0.0621443991286215,-0.5558507424540517,0.030058377851791093,-0.013333384163345396,-0.01878348700422547,-0.0019862850748536623
1660869507073452,-1.012161440451667,0.067689021133745,0.0263065537499045,-0.0101077738744832,0.0316807899112784,-0.0236685627207675,0.0116602443578786,0.0618387692248508,-0.556073536729391,0.029794398388421982,-0.016394644053259633,-0.016245948557865666,-0.002336981355649314
1660869507089431,-1.009475852597848,0.0724498359655143,0.0256961928740366,-0.010786102319985,0.0303345014324625,-0.0239534132228738,0.0116556814978644,0.0615392103059318,-0.5563031950199607,0.0296264667599741,-0.01233815057949661,-0.01033662035348673,-0.002652608008365493
1660869507105411,-1.003616388189517,0.0681773098344393,0.0248416876478216,-0.0116248398242236,0.0290499073783163,-0.0241362660614068,0.0116339023657638,0.0612447704846937,-0.556542986174707,0.02941365603095616,-0.005830817554049128,-0.013148231836105556,-0.0031564019111224445
1660869507121391,-0.9986114290074006,0.0552376592660408,0.0233768215457388,-0.0125654381867755,0.027860766722169,-0.0241826686396696,0.0115951167244028,0.0609552155431159,-0.5567953443424518,0.029034570692050416,-0.000743272534739492,-0.02347909416405366,-0.00415914121188472
1660869507137371,-0.99653620202945,0.0490119783321887,0.0238651102464331,-0.0135376902895051,0.0268441743711325,-0.02407905873616,0.0115401097535338,0.0606711568274066,-0.5570616645525555,0.02860422438730009,0.0011987589988899927,-0.02673429758811518,-0.0033037672600713767
1660869507153350,-1.002761882963302,0.0463263904783701,0.0287479972533759,-0.0144591281364615,0.0261077675969076,-0.0238342669489594,0.0114709270866223,0.060394463038758,-0.5573420694724597,0.02818342569320887,-0.004524229741465824,-0.026477896897740397,0.001421207772184279
1660869507169330,-1.009964141298543,0.0448615243762873,0.0305790798809795,-0.0152353823951856,0.025755189349207,-0.0234714536853636,0.0113912058277186,0.0601283163006441,-0.5576351963123555,0.027787018565821706,-0.01055383926903608,-0.025148486699840884,0.0029270613598090904
1660869507185310,-1.008865491721981,0.0650034332799265,0.032410162508583,-0.0157660106062563,0.0258418822012768,-0.0230193606281835,0.0113058929446892,0.0598768457734323,-0.5579380560724786,0.027722153509575218,-0.008509670723226836,-0.004505920016581524,0.004282329588671335
1660869507201290,-1.013992523079271,0.0726939803158615,0.0317998016327152,-0.0159582993210689,0.0263387237551076,-0.0225094010797579,0.0112203589560104,0.0596445467790675,-0.5582460466588867,0.027776204227148327,-0.01227303187246509,0.002866164317418124,0.0033047718415231825
1660869507217254,-0.99995422293431,0.0635385671778436,0.0259403372243838,-0.0157477024796087,0.027125639386348,-0.0219723998752163,0.0111391907859143,0.0594350957001759,-0.5585532881099382,0.027682617207364063,0.0015887414452463444,-0.005660323938539796,-0.0022992233101273955
1660869507233234,-0.9844510566872664,0.0562142366674294,0.0214236667429617,-0.0151178474372237,0.0280166811588959,-0.0214285476625796,0.0110650608068005,0.0592503826370874,-0.5588532753869423,0.02748403492714583,0.015382716923061035,-0.011686189004058607,-0.006134304412394549
1660869507249214,-0.9799343862058444,0.045227740901808,0.0173952849622338,-0.0141098483019699,0.0287971903482251,-0.0208798144779094,0.0109979563607915,0.0590906949538105,-0.5591396859277277,0.02714527029770894,0.017909448664034766,-0.02040541629271201,-0.009146417573810205
1660869507265194,-0.9843289845120928,0.036682688639658,0.0227664606698709,-0.0128153723257829,0.0292680638773596,-0.020312640578633,0.0109349535564376,0.0589548241958411,-0.5594072508816207,0.026725155718859517,0.01216336532200768,-0.026055421699375816,-0.003397717679555795
1660869507281173,-0.9910429541466392,0.0327763790341038,0.0264286259250781,-0.0113558467317833,0.029292065089196,-0.0197028453256998,0.0108706486791985,0.0588397572365623,-0.5596524780854402,0.02629491789525582,0.00490445611871515,-0.02696555817443702,0.00023800281808626644
1660869507297153,-0.997634851606012,0.034119172961013,0.0243533989471274,-0.0098545359897096,0.0288164975243985,-0.0190179809069189,0.0107980963147655,0.0587418377442116,-0.5598738589111365,0.02592495077452062,-0.0015186972065918125,-0.023060487822775033,-0.0016535017438779921
1660869507313133,-1.000320439459831,0.0286259250782023,0.0233768215457388,-0.0084103156349453,0.0278706844689932,-0.0182230392327149,0.0107099191644108,0.0586587481156644,-0.5600715620190638,0.0255121430037007,-0.0037838565543698577,-0.025698362135027162,-0.0023670712307399325
1660869507329113,-0.9893339436942092,0.0232547493705652,0.0237430380712595,-0.0070816451164341,0.0265632534995004,-0.01729096520497,0.0105994464141613,0.0585893557834662,-0.5602469923595995,0.025064030148785055,0.006482375290126852,-0.027962584058397834,-0.0018007692346973109
1660869507345092,-0.9964141298542764,0.0123903257801174,0.0272831311512931,-0.0058834809817498,0.0250738010508722,-0.0162134497713076,0.0104618608473708,0.0585324194839045,-0.5604022927883395,0.024507607370629153,-0.0005380297829462588,-0.034944306883961065,0.0015653914608026627
1660869507361072,-0.9973907072556648,0.0109254596780346,0.0253299763485159,-0.0047942467908825,0.0236197834917482,-0.015008189118272,0.0102951312397607,0.0584873419201963,-0.5605396402459992,0.023983996222795196,-0.0013631464659012993,-0.03276825568743948,-0.0003489870077770865
1660869507377052,-0.9955596246280614,0.0249637598229952,0.0281376363775081,-0.0037694064548415,0.0224108319942394,-0.0137167510316994,0.0101004196638592,0.0584556746121518,-0.5606605952780229,0.023717284644237745,0.0004211425455319384,-0.016856959988230998,0.002212805719093599
1660869507393032,-0.9936064698252842,0.0316777294575416,0.0292362859540702,-0.0027579945741624,0.0216108247848476,-0.0123900713873213,0.009881843310372,0.0584406490653508,-0.5607658698317076,0.023575023393062857,0.0021368676134781994,-0.009128691318316146,0.0029803097660901293
1660869507409011,-0.9915312428473336,0.0187380788891431,0.0261844815747309,-0.0017170675975633,0.0213175431032489,-0.0110755196933716,0.0096457231673887,0.058445855834782,-0.5608554243931804,0.023258348427971372,0.0037908851322858705,-0.019861507698043176,-6.434515192425133e-05
1660869507424991,-0.9892118715190356,0.0173952849622338,0.0248416876478216,-0.0006199892842689,0.0215645370269125,-0.0098215141631204,0.0093996716521676,0.0584746440218402,-0.5609286724144705,0.022953186744943437,0.005499230814525524,-0.01908387146245723,-0.0012664251709501965
1660869507440971,-0.98628213931487,0.0219119554436559,0.0256961928740366,0.0005421585068121,0.0223287767342689,-0.0086869916649982,0.0091518026722596,0.0585297380957533,-0.5609847342857255,0.022745274026693543,0.007586066716822049,-0.013110480882931617,-0.00037072795026167615
1660869507456951,-0.9961699855039292,0.0221560997940031,0.0245975432974745,0.0017633855965633,0.0235260341998494,-0.0077331736892058,0.0089099677018214,0.0586129144577887,-0.5610226743888564,0.022558444866197905,-0.002071601525013511,-0.011579702879325974,-0.0013224397741413985
1660869507472931,-0.9988555733577478,0.0191042954146638,0.0239871824216066,0.0030263152570215,0.0250126865683914,-0.0070056062750072,0.0086808675449508,0.0587247813348759,-0.5610416941900431,0.02234535789235452,-0.0042814704409488424,-0.013168356532798745,-0.0017395205850083695
1660869507488910,-0.99653620202945,0.0131227588311588,0.0269169146257723,0.0043047590837019,0.0266116317493695,-0.0065269987003907,0.0084692555253001,0.0588641296190917,-0.561041348651979,0.022071221350638597,-0.001765889201385984,-0.017234903804673372,0.001071190457241595
1660869507504890,-0.9936064698252842,0.0182497901884488,0.0226443884946974,0.0055654351785062,0.0281405527453623,-0.0062982317796431,0.0082774912174065,0.0590275035874642,-0.5610217323886801,0.021894217535739984,0.001047458702501891,-0.010897085202645033,-0.002881202106449973
1660869507520870,-0.9859159227893493,0.0224002441443502,0.0189822232394902,0.0067695509502606,0.0294286111600858,-0.0062978495693714,0.0081054073866397,0.0592101374368273,-0.5609835192952257,0.02179271911711154,0.007864205164593185,-0.006071968122069272,-0.005889030625491454
1660869507536865,-0.9927519645990692,0.009948882276646,0.016784924086366,0.0078753270435938,0.0303382797651924,-0.0064842168723705,0.0079504501577432,0.0594073169919168,-0.5609279406291656,0.0215193140237755,0.0009253470193858471,-0.016670996990796126,-0.007277696800754088
1660869507552845,-0.992507820248722,-0.0043335622186617,0.0203250171663995,0.0088420689497948,0.0307926128354256,-0.0068031156785644,0.00780819812901,0.0596145770166581,-0.5608568410320719,0.021071524841229844,0.0010525422327597456,-0.02785809733749344,-0.003363843348648532
1660869507568824,-0.9994659342336156,-0.012512397955291,0.017639429312581,0.009634925081735,0.0307865225125318,-0.0071946717540676,0.0076732064321359,0.0598273501915612,-0.5607727250940131,0.020546812123506883,-0.005315014576920518,-0.032433239766710475,-0.005444488082220329
1660869507584804,-1.006057831692988,-0.0100709544518196,0.0203250171663995,0.010228592112002,0.030374949132367,-0.007597997761602,0.0075398931221221,0.0600414896194867,-0.5606786397681561,0.02011121256522441,-0.010716220832663548,-0.026992616636915163,-0.002483010205561645
1660869507600784,-1.006546120393683,-0.0093385214007781,0.0247196154726481,0.0106088891029554,0.0296471633529261,-0.007957731645613,0.0074032102752959,0.060254409304762,-0.5605779288203443,0.019734627481912247,-0.010084058580022592,-0.0236341652272863,0.0017204292906182611
1660869507616764,-1.003738460364691,-0.0093385214007781,0.0221560997940031,0.0107722595332893,0.0287033911353841,-0.0082319968552581,0.0072590331513155,0.0604655908080189,-0.5604740125310791,0.019394411579333342,-0.006548758695927637,-0.021270748704557668,-0.0007587777492240634
1660869507632743,-0.99653620202945,-0.0103150988021667,0.0172732127870602,0.0107246763044169,0.0276474078916177,-0.0083955239328309,0.007104380530773,0.0606760660800447,-0.560370263707328,0.019069754972851457,0.0005881496753820104,-0.02002259349535164,-0.005077498280550267
1660869507648723,-0.9958037689784084,-0.016784924086366,0.0186160067139695,0.0104835151260485,0.0265857212824225,-0.0084370375164386,0.006937580248891,0.0608879140726313,-0.5602698725608414,0.018685750842091665,0.001188524453781259,-0.02384317690159585,-0.003361233918276873
1660869507664703,-1.000320439459831,-0.0248416876478216,0.0228885328450445,0.0100851442670683,0.0256170696475918,-0.0083605856925092,0.0067583513264598,0.06110458846188,-0.5601755474331048,0.01822812761724086,-0.00299533142487729,-0.028709946416746304,0.0008201629915183146
1660869507680683,-0.99995422293431,-0.0289921416037231,0.0261844815747309,0.0095953000736251,0.0248194441066625,-0.0081948458558003,0.0065677661297778,0.0613308268433683,-0.5600890967907212,0.01775968722384728,-0.0023662034094206197,-0.029574360335383024,0.0037045005490842463
1660869507696663,-1.007766842145418,-0.0222781719691767,0.0288700694285495,0.0091148059846532,0.0242448719490731,-0.0079971833851724,0.0063681400889601,0.0615710037824422,-0.5600110245613122,0.0174392137062046,-0.0091609403584757,-0.02057435163075296,0.005751079562612563
1660869507712642,-1.01362630655375,-0.0173952849622338,0.0285038529030288,0.0087744580940106,0.0239161240502915,-0.0078414964913499,0.0061628302190469,0.0618275958060303,-0.5599401125443012,0.017224572551853248,-0.013518364290127094,-0.014122318161429056,0.004846376733382677
1660869507728622,-1.006179903868162,-0.0161745632104981,0.0232547493705652,0.0087173358135067,0.0238242315239207,-0.00779755268022,0.0059558624660402,0.0621013464026171,-0.5598730324336014,0.017041825605067177,-0.00546476544408514,-0.011611436768724021,-0.0003624541191728295
1660869507744602,-0.9971465629053178,-0.0247196154726481,0.0224002441443502,0.0090715514864655,0.0239337344068545,-0.0079140659208568,0.0057514279407364,0.0623918274140343,-0.5598043037616085,0.01674949444160911,0.003211717966883132,-0.01814084012778662,-0.0010952634108490449
1660869507760582,-0.9943389028763256,-0.0317998016327152,0.0213015945677881,0.0099205453659953,0.0241954543056439,-0.0082098047045844,0.0055534007692844,0.0626971791472622,-0.5597268176833138,0.01638248195740491,0.005417440196287648,-0.02269892365906835,-0.0019745216886700306
1660869507776561,-0.9865262836652172,-0.0346074616617073,0.0214236667429617,0.0112798640124427,0.0245609511870708,-0.0086740852958645,0.0053650109683902,0.0630142244501133,-0.5596327634753621,0.01600998854177015,0.011907053466656436,-0.022955925319254403,-0.0016672045621467894
1660869507792541,-0.9877470054169528,-0.0331425955596245,0.0217898832684824,0.0130877276938619,0.024990361704366,-0.0092750098687682,0.0051887066428437,0.0633397875542883,-0.5595146938788043,0.01569810875463352,0.009617698543428754,-0.019341953295454448,-0.0011708892329634797
1660869507808521,-0.983718623636225,-0.0263065537499045,0.0233768215457388,0.0152121631151265,0.0254484713986834,-0.0099676650664198,0.0050261089361752,0.0636717156324748,-0.5593666277553996,0.015518744731665002,0.012281472291740925,-0.011255320337161,0.0003744441398636292
1660869507824501,-0.9821316853589686,-0.036682688639658,0.0189822232394902,0.0174726325362795,0.0258993171120235,-0.010698827859351,0.0048779538964752,0.0640086613177178,-0.5591850382330392,0.015206087607912314,0.012481569512097557,-0.019468309704223048,-0.003618138749746473
1660869507840480,-0.987136644541085,-0.0397344930189973,0.0247196154726481,0.0196713284483539,0.0263109937170371,-0.0114151990783297,0.0047440819072323,0.0643498225479503,-0.5589694132911052,0.014887532412823073,0.006728949296982978,-0.020268102675206116,0.0019073281350702811
1660869507856445,-0.9915312428473336,-0.0398565651941709,0.0260624093995574,0.0216277282826682,0.0266613215074962,-0.0120772540951536,0.0046235879251991,0.0646948999386282,-0.5587222557297107,0.014599675625253827,0.0021009158916608373,-0.018351157365341743,0.002925109855781618
1660869507872425,-0.9882352941176472,-0.0407110704203859,0.0236209658960859,0.0232084788928829,0.0269330142569094,-0.0126680967424725,0.0045150682440292,0.0650436492707339,-0.5584485947529771,0.0143272767645998,0.004857178159212494,-0.017285096332401072,0.000435299717079108
1660869507888404,-0.9975127794308384,-0.0437628747997251,0.0281376363775081,0.0243454400115627,0.0271077581163517,-0.0131915410137257,0.0044168204450813,0.0653958702420306,-0.55815505853897,0.014039968794808805,-0.003978276438580841,-0.018303210640566243,0.004456773178651178
1660869507904384,-1.000930800335698,-0.046936751354238,0.0326543068589302,0.0250387171213589,0.0271681945627968,-0.0136666953653094,0.0043269866948645,0.0657514331825907,-0.5578487772939364,0.013742011775229697,-0.006656667609096445,-0.01932937847557123,0.008076099294065952
1660869507920364,-1.006424048218509,-0.0496223392080565,0.0277714198519873,0.0253456506975733,0.0271001801094767,-0.0141245684137231,0.0042436911814265,0.0661090409475039,-0.5575364947325521,0.013428668158519638,-0.010934923942716668,-0.01981346969645076,0.0028738910584107484
1660869507936344,-1.002761882963302,-0.0509651331349658,0.0274052033264666,0.0253591781263563,0.0268914343605934,-0.0146037766834728,0.0041651530938256,0.0664658388503819,-0.5572238578225747,0.013129203388730555,-0.006545482818758774,-0.019040637261024056,0.0022569070796010435
1660869507952324,-1.000930800335698,-0.0568245975432972,0.0254520485236895,0.0251810465850912,0.0265329967896506,-0.0151425044711404,0.0040897510105867,0.0668190123289125,-0.5569148868585673,0.012773519052256283,-0.0042429601720392895,-0.022410091502419918,0.0002733770491415502
1660869507968303,-0.9949492637521936,-0.0568245975432972,0.0256961928740366,0.0248970620451711,0.0260221192687938,-0.0157685090700115,0.0040160453009077,0.0671664370659051,-0.5566119723475964,0.012454013398733024,0.0015647187703186072,-0.020169082352177924,0.0004657692595397868
1660869507984283,-1.000564583810178,-0.0609750514991986,0.0253299763485159,0.0245608786749549,0.0253587730775481,-0.0164922008974768,0.0039427287279242,0.067506291906376,-0.5563163247597704,0.012106792377392088,-0.003645541158899257,-0.021887582677271394,8.95974606171801e-05
1660869508000263,-1.003250171663996,-0.0623178454261079,0.0278934920271609,0.0241893234831719,0.0245380916042425,-0.0173082880797481,0.0038684794058495,0.0678375542478043,-0.55602849439641,0.01178074797462915,-0.005698016111445603,-0.020907338943762628,0.002387801825335961
1660869508016243,-1.004226749065385,-0.0642710002288855,0.0288700694285495,0.0237680321321265,0.0235480119593188,-0.0182056129805966,0.0037917909817072,0.0681596849598273,-0.5557489595437237,0.01146285001251221,-0.006007134161550964,-0.020574444371886207,0.0030279413040521057
1660869508032222,-1.00337224383917,-0.0670786602578776,0.0243533989471274,0.0232633995409527,0.0223752123649592,-0.0191753579896992,0.003710899763378,0.068471190301359,-0.5554786885046924,0.011128430664372281,-0.0046373660418023155,-0.021043893960790476,-0.001339856259632996
1660869508048202,-1.005447470817121,-0.0706187533379112,0.0230106050202181,0.0226365548020498,0.0210164945176464,-0.0202087991309253,0.0036238556532388,0.0687697192490486,-0.5552193294087748,0.01077595495913303,-0.006041333717778041,-0.022125588336741664,-0.002414385167888066
1660869508064182,-1.002273594262608,-0.074647135118639,0.0236209658960859,0.0218569931695416,0.0194906785780871,-0.0212912894445468,0.0035287212806409,0.0690531590460821,-0.554973083222594,0.010401549988042111,-0.0025807114469383885,-0.02353857310572252,-0.0016236218628182392
1660869508080162,-1.004592965590906,-0.081483176928359,0.0275272755016402,0.0209149313609307,0.0178441334051904,-0.0224061495416714,0.0034238833588396,0.0693198608158582,-0.5547424743215091,0.009977996622403224,-0.0044100744977129125,-0.027337153423898267,0.002054418968462455
1660869508096141,-1.007034409094377,-0.0790417334248876,0.0285038529030288,0.0198300437632213,0.0161477000474486,-0.0235448159113443,0.0033084372357024,0.0695686099153432,-0.5545299716677622,0.009637539790511528,-0.006166366201065587,-0.022406138928384174,0.0027278967328659524
1660869508112121,-1.009842069123369,-0.0830701152056154,0.0328984512092773,0.0186529391060679,0.0144924962391208,-0.0247061041501574,0.0031825587896256,0.0697987297629151,-0.5543375028405765,0.009290951924937974,-0.008076623607051747,-0.023791068638200782,0.006410245535203005
1660869508128101,-1.01020828564889,-0.0829480430304419,0.0271610589761195,0.0174586987440295,0.0129884193488348,-0.0258837884810503,0.0030477843798363,0.0700101386409559,-0.554166021166035,0.008970121424707057,-0.0075985561193157025,-0.02130209681672455,0.0006055679718406856
1660869508144081,-1.008255130846113,-0.0813611047531854,0.0249637598229952,0.0163361717666207,0.011753919124546,-0.0270600839218066,0.0029071339690099,0.070203980988881,-0.5540151534217991,0.008697083747089177,-0.005080861184884711,-0.017743642685521255,-0.0014325580631552523
1660869508160061,-1.000320439459831,-0.0828259708552683,0.0261844815747309,0.0153766121004846,0.0108911272626427,-0.0282117429084404,0.0027649895635834,0.0703831727671839,-0.5538830163165102,0.008422470789743786,0.0025684471812574827,-0.017287657908843734,-0.00019065268027759416
1660869508176056,-0.9955596246280614,-0.0811169604028383,0.0309452964065002,0.0146621873609818,0.0104640674703405,-0.0293158013505404,0.0026266979042697,0.0705515220882767,-0.5537663498045632,0.008206807089496771,0.006596335811724474,-0.014020782710772367,0.004113145936342533
1660869508192035,-0.9995880064087892,-0.083192187380789,0.0304570077058059,0.0142549377598673,0.0104945641403843,-0.0303467796691561,0.0024980057436764,0.070712540969527,-0.5536608552428139,0.007989588949754883,0.002311158627896992,-0.014486408719850755,0.0032623715120834104
1660869508208015,-0.9992217898832684,-0.0850232700083926,0.0343633173113602,0.0141888180050503,0.0109656290045932,-0.0312768303078353,0.0023844796844833,0.0708695266359755,-0.5535615398391646,0.007782814143371488,0.002409637638076112,-0.014685742212708922,0.0064518130058739374
1660869508223995,-1.000442511635004,-0.0787975890745404,0.0350957503624016,0.0144658826302111,0.0118210100128659,-0.0320871219322026,0.0022909924662053,0.071026255280547,-0.553463072171853,0.007690001403720259,0.0010700242977064178,-0.00761405515097105,0.006465821451223805
1660869508239975,-0.9947051194018464,-0.0750133516441597,0.0321660181582359,0.0150543994158786,0.012965614161219,-0.0327752445388136,0.0022212841379092,0.0711876850903441,-0.5533601619367541,0.007641986761626,0.006126674877777516,-0.0034468359485313182,0.003182480322352299
1660869508255954,-0.99140917067216,-0.0778210116731519,0.0370489051651787,0.0158881201779495,0.0142739761416385,-0.0333483464065658,0.0021775868749382,0.0713602224754382,-0.5532480121853909,0.007578154277785965,0.008480361246717472,-0.0056290463797711715,0.007258830596365586
1660869508271934,-0.9853055619134814,-0.084901197833219,0.039246204318303,0.0168697857146186,0.0156073929605262,-0.0338191737640494,0.0021603837192474,0.07154979157307,-0.5531230356611533,0.007433811292273014,0.013125573004856395,-0.011438309285854445,0.0085105167745409
1660869508287914,-0.9884794384679942,-0.0918593118181125,0.0420538643472951,0.0178809049247773,0.0168335775155966,-0.0342125376847373,0.0021684320304979,0.0717588142184519,-0.552983621743932,0.007232681552687661,0.008956526805309228,-0.016556780943673133,0.010186359123179695
1660869508303894,-0.9912870984969864,-0.0983291371023118,0.0410772869459066,0.0187962206525908,0.0178381845788811,-0.0345649163028634,0.0021990270425523,0.0719859403272513,-0.5528303932191061,0.0069693859608169085,0.005533980098685332,-0.020723945605085184,0.008288803549612075
1660869508319873,-0.9956816968032348,-0.1018692301823454,0.0388799877927823,0.0195008720116746,0.018526033557656,-0.0349162452463998,0.0022483191524821,0.0722277523951301,-0.5526659799638414,0.006681328426614806,0.0010254436131932332,-0.021837634816606902,0.005482353956838999
1660869508335853,-0.990798809796292,-0.0946669718471047,0.0396124208438237,0.0199080067224368,0.0188206057407927,-0.0353053839894626,0.0023115850949993,0.0724793884175465,-0.5524946539013087,0.00652684193783821,0.005317497558122497,-0.013171838833229588,0.005593308307092357
1660869508351833,-0.9958037689784084,-0.0936903944457161,0.0407110704203859,0.0199728955390368,0.0186659350353895,-0.0357614001387785,0.0023834556367008,0.0727352936339909,-0.5523217039751269,0.006411115881439762,0.0002812845384054796,-0.01097573528865689,0.006022762095289104
1660869508367813,-0.997634851606012,-0.1000381475547418,0.0454718852521551,0.0197008780414576,0.0180319894969108,-0.0362904859831164,0.0024581063842186,0.0729907127197371,-0.5521525608907584,0.006262709341376077,-0.0013948182802783204,-0.01559113955791433,0.009705219234352469
1660869508383793,-1.000442511635004,-0.1069962615396354,0.0473029678797587,0.0191482325032134,0.016928724562034,-0.0368739271566518,0.0025295227323337,0.0732417365797108,-0.551992053783448,0.006066463330172323,-0.0037822304783433625,-0.02029432818852714,0.010382671675760465
1660869508399772,-1.002029449912261,-0.1146868085755703,0.0419317921721216,0.0184144807685802,0.0154248378981916,-0.0374727114922291,0.0025920024088725,0.0734848396185836,-0.5518438042840488,0.005769343245144706,-0.004832251880040439,-0.025186387702015825,0.004510346371311029
1660869508415752,-1.005203326466773,-0.1221332112611582,0.0416876478217744,0.0176268015785502,0.013656299834701,-0.0380345287486495,0.0026408935353296,0.073717465873133,-0.5517096805875559,0.005429647753355464,-0.007205515591097167,-0.029369511348843358,0.0038395818188674477
1660869508431732,-0.9978789959563592,-0.1279926756694896,0.0462043183031966,0.0169202895839532,0.0118139603735769,-0.0385120111491609,0.0026734070125323,0.0739384126447,-0.5515895364493948,0.005119532294936728,0.00010693342738499201,-0.03170607818145728,0.007520627070260681
1660869508447712,-0.9920195315480278,-0.1290913252460517,0.0485236896314944,0.0164166230901812,0.0101091663054837,-0.0388760116692869,0.0026892311204171,0.0741482779008737,-0.5514812178554176,0.004882263125263908,0.00536975805214468,-0.029524254982217446,0.008855998558702637
1660869508463691,-0.9973907072556648,-0.1207904173342489,0.0540169375143051,0.0162037907731195,0.0087313913092822,-0.0391102690838422,0.0026906464070191,0.074349944475364,-0.5513808478915423,0.00484142306109587,-1.2758899431419835e-06,-0.019101012363373165,0.012914321797362002
1660869508479671,-0.9911650263218128,-0.1061417563134204,0.053772793163958,0.0163218705719155,0.0078191379131404,-0.0392072109775434,0.0026821075926353,0.0745471029257838,-0.5512836157637175,0.0049462478646246566,0.005601964539518001,-0.004007116208290196,0.011403159702313412
1660869508495636,-0.985671778439002,-0.1052872510872054,0.052918287937743,0.016757898220739,0.0074454987049497,-0.0391652832832435,0.002669496616672,0.0747431926078144,-0.5511846532250667,0.00504472002157859,0.009985691180095846,-0.0028373498838676625,0.009493789028488568
1660869508511615,-0.9848172732127872,-0.1088273441672389,0.0540169375143051,0.0174498549870992,0.0076087467150782,-0.0389744438859212,0.0026591419104507,0.0749429674772427,-0.5510795710262797,0.005126002532888283,0.009756176765679525,-0.005739698667511048,0.0095331947445456
1660869508527595,-0.9875028610666056,-0.1118791485465782,0.0547493705653465,0.0182992641471901,0.008233685650692,-0.0386098236543427,0.0026566984996865,0.0751520002467673,-0.5509651468835498,0.005190523533374098,0.006363530020675134,-0.007912352742165327,0.009239065016028294
1660869508543575,-0.9905546654459448,-0.1095597772182804,0.0540169375143051,0.019189241364738,0.0091874575070281,-0.0380436764644815,0.0026661693496996,0.075373680014938,-0.550840116731734,0.0052591544832262345,0.0029805530772023525,-0.005033683272480785,0.00765596876848821
1660869508559555,-0.9895780880445564,-0.1091935606927597,0.0613412680247194,0.020002374205357,0.0102989760878312,-0.0372547915356716,0.0026892561343869,0.075609685023581,-0.5507052123902845,0.005420398596999952,0.0035614174307316837,-0.004200720072264075,0.013482269351012259
1660869508575534,-0.9887235828183414,-0.1122453650720989,0.0663462272068358,0.0206349224086555,0.0113803491643923,-0.0362327263954712,0.0027250473838393,0.0758619211019476,-0.5505627433690389,0.005616382822562293,0.003974330391252057,-0.00652727200644293,0.0166385056798158
1660869508591514,-0.9883573662928208,-0.1151750972762646,0.0686655985351336,0.0210060145612617,0.0122557741777019,-0.0349838133377297,0.0027700959080618,0.0761307452736276,-0.5504165171810218,0.0058140588131639645,0.003906492225095315,-0.008511303789547772,0.017062089307302235
1660869508607494,-0.9920195315480278,-0.1212787060349432,0.0698863202868693,0.0210613508734462,0.0127879981457749,-0.0335297115516416,0.0028188976852961,0.076413909255509,-0.5502715905379593,0.005979865545047374,0.00021989427289947905,-0.01315342129340373,0.016454529953134137
1660869508623474,-0.9936064698252842,-0.1271381704432746,0.0734264133669029,0.0207732382586037,0.012887735470992,-0.0319014198185888,0.0028645893434857,0.0767093915859652,-0.5501334726094151,0.006161994354573863,-0.00123033960392116,-0.017111597131561615,0.017995160729850974
1660869508639454,-0.9986114290074006,-0.1293354695963989,0.0742809185931179,0.0201394488202546,0.0125073074473421,-0.0301413413988235,0.0028996509743382,0.0770163233709394,-0.5500076007830212,0.006340835048352337,-0.005611768907433867,-0.017378006656217332,0.016964699360459377
1660869508655433,-0.9955596246280614,-0.1339742122529946,0.0746471351186386,0.0191814031674006,0.0116279755414732,-0.0283035371916002,0.0029164863133089,0.0773326269830294,-0.549899295104582,0.006514028665915375,-0.002303968075285212,-0.019815074381531725,0.015597824297382074
1660869508671413,-0.9936064698252842,-0.1350728618295567,0.07367055771725,0.0179423787769666,0.0102454966420137,-0.0264422349478944,0.0029077701167433,0.0776545636626806,-0.5498134744984134,0.006672937701396558,-0.0003157319452572471,-0.01882235156228443,0.013159122206394112
1660869508687393,-0.9961699855039292,-0.1392233157854581,0.0701304646372165,0.016487615401273,0.0083595803503114,-0.0246035952687251,0.0028665435414351,0.077978351318881,-0.5497540942188308,0.006771370327962733,-0.002591322861512091,-0.020675524966367265,0.008657126213724567
1660869508703373,-0.9961699855039292,-0.1397116044861524,0.0697642481116957,0.0149061565852711,0.0059762009145665,-0.0228319256589729,0.0027862444542788,0.0783004644079521,-0.5497237499071359,0.006869445600224856,-0.0023321905753609373,-0.019047432300355424,0.007461818719383381
1660869508719352,-0.9972686350804914,-0.1455710688944838,0.0766002899214157,0.0133120924037589,0.003120910799734,-0.0211850832362322,0.0026609325091481,0.0786170449651329,-0.5497233735096573,0.007068015891757828,-0.003087756136730735,-0.022416207037818117,0.01286807447619305
1660869508735332,-1.001174944686046,-0.1515526054779888,0.0862439917601278,0.0118424212272051,-0.0001467085474145,-0.0197496066032573,0.0024858287907993,0.0789241225063399,-0.5497518052934814,0.007404387639647426,-0.0062946591680568265,-0.02555796925919082,0.020260598683414635
1660869508751312,-1.000320439459831,-0.1560692759594109,0.079652094300755,0.010647866025018,-0.003720146729019,-0.0186334627490687,0.0022580765965204,0.0792179456792746,-0.5498054466090898,0.007639536269740563,-0.004896138547657691,-0.027067175766551627,0.012301831101637642
1660869508767292,-0.9889677271686884,-0.1587548638132295,0.0686655985351336,0.0098758065556788,-0.0074400619541242,-0.0179257510515782,0.0019774425000447,0.0794944250064584,-0.5498783128776447,0.00772491892038379,0.005810916369136443,-0.026777487258333232,0.001183801802414619
1660869508783271,-0.9829861905851836,-0.162294956893263,0.072816052491035,0.0096512056547975,-0.0111080570934377,-0.0176599784782392,0.0016466550673854,0.0797486941930239,-0.5499624363471276,0.00789587151923146,0.010613207657377166,-0.027285822304530055,0.0048008301824844085
1660869508799251,-0.9832303349355308,-0.1599755855649652,0.0733043411917293,0.0100610709879596,-0.0145127876129864,-0.0178104716716444,0.0012713063204333,0.0799761443822122,-0.5500483481582473,0.00806802017998629,0.009332156976326944,-0.022469805878609,0.0047602069948608355
1660869508815216,-0.9809109636072328,-0.1600976577401387,0.0669565880827036,0.011142588446648,-0.0174455121344772,-0.0183010939256145,0.0008594854154131,0.080174022569998,-0.5501256640427562,0.008152976408015176,0.010486375474162313,-0.020332690248404256,-0.0014287915027483694
1660869508831195,-0.9739528496223392,-0.1463035019455252,0.06854352635996,0.0128770184631255,-0.0197093425342712,-0.0190153921967903,0.0004213162336812,0.0803422489619337,-0.5501838936991785,0.008210856134906791,0.015700040513150437,-0.005884681008411663,0.0001423320970572184
1660869508847175,-0.9706569008926528,-0.1369039444571603,0.0665903715571829,0.0151931768732595,-0.0211436379544878,-0.0198193045874296,-3.160647495366461e-05,0.0804840126385257,-0.5502132488660487,0.008208170937881962,0.017096390318553145,0.0031633888319578807,-0.0016297404351478806
1660869508863155,-0.9695582513160907,-0.1350728618295567,0.0703746089875636,0.0179775311367846,-0.0216544916818536,-0.0205806343526612,-0.0004869922882734,0.0806060817065663,-0.5502053069189743,0.008259893216138688,0.0163755359056037,0.00449502431360535,0.0019390472957095395
1660869508879135,-0.9713893339436944,-0.133852140077821,0.0747692072938122,0.021086260199356,-0.0212261960471636,-0.0211744385837531,-0.0009328214346742,0.0807176418454593,-0.5501536681426699,0.008362471722996005,0.013090007950199989,0.005144171458806912,0.005700281041762317
1660869508895115,-0.9727321278706036,-0.129579613946746,0.0791638056000607,0.0243593840075124,-0.0199144121187452,-0.0214926102296424,-0.0013582833745931,0.080828536750793,-0.5500544788762404,0.008498116125466703,0.010572492620961715,0.008475027830893711,0.009085391413209742
1660869508911094,-0.9696803234912644,-0.1234760051880675,0.0808728160524907,0.0276362591507577,-0.0178342559054028,-0.0214575403573045,-0.0017544926756911,0.0809481785207182,-0.549906605141462,0.008637737594602981,0.01226186730027079,0.013120772930614977,0.009714961679075762
1660869508927074,-0.96406500343328,-0.1238422217135882,0.08563363088426,0.0307705883918063,-0.0151464849123204,-0.0210307401994889,-0.0021149377215071,0.0810846634649012,-0.5497115235303246,0.008858842293413643,0.01608946862242966,0.011479100764584846,0.01302819885976056
1660869508943054,-0.9626001373311972,-0.121889066910811,0.0911268787670707,0.0336443437665817,-0.0120417081708057,-0.0202189616778006,-0.002435665616312,0.0812446210019657,-0.5494728692030878,0.0091420446320876,0.01579890125206118,0.012089030010625862,0.01666930206831413
1660869508959034,-0.9728542000457772,-0.1222552834363317,0.0834363317311357,0.0361779285580483,-0.0087171774486819,-0.0190648556094208,-0.0027152100688662,0.081433858304616,-0.549195692225405,0.009258099128298005,0.0049903546837331,0.01055053213659464,0.008080879529141216
1660869508975013,-0.987380788891432,-0.1194476234073396,0.0911268787670707,0.0383352145660946,-0.0053459280948408,-0.0176311584246537,-0.0029542455776952,0.0816563657046995,-0.5488859055137436,0.009406184930906492,-0.008582610745729524,0.012022372949028068,0.014194283908568597
1660869508990993,-0.9750514991989014,-0.1128557259479668,0.0975967040512699,0.0401251764112411,-0.002063950832266,-0.0160155431657323,-0.003154943023287,0.0819125521939448,-0.5485498312828574,0.009672389751348577,0.0033720110521209268,0.016752843367560777,0.018597698273491017
1660869509006973,-0.9789578088044556,-0.117616540779736,0.0947890440222778,0.0415967288478209,0.001014505492976,-0.014363397175458,-0.0033202320521981,0.0822003098151862,-0.548193303239932,0.009871826403373099,-0.00048086869808983135,0.010792825682212417,0.01421103442004902
1660869509022953,-0.9792019531548029,-0.126161593041886,0.0927138170443271,0.0428227154901749,0.0037903918514698,-0.0128265354682967,-0.0034533289284778,0.0825169829853122,-0.5478208080845456,0.010034460003365967,-0.0006525117435933758,0.0020229960780561718,0.010922226697888504
1660869509038932,-0.9834744792858778,-0.1311665522240024,0.0939345387960628,0.0438801528358071,0.0061983613390266,-0.0115245717828729,-0.0035575012146687,0.0828584914774274,-0.5474354536234198,0.010188667972649059,-0.004432534087201567,-0.002683766793654202,0.01092865360466179
1660869509054912,-0.978347447928588,-0.1326314183260853,0.0896620126649878,0.0448353216363489,0.0082166646622132,-0.0105585901027017,-0.0036357355303062,0.0832177565173558,-0.547039374152686,0.010288848866089557,0.00062504754307946,-0.003733769606163395,0.005990514726228122
1660869509070892,-0.9824979018844892,-0.1369039444571603,0.086488136110475,0.0457317355062233,0.0098547477315706,-0.0100114871667123,-0.0036903665795396,0.0835856262402877,-0.5466339417078921,0.010326622510830831,-0.0031728657715395236,-0.0072056661635145625,0.0025349743545437925
1660869509086872,-0.9872587167162584,-0.1371480888075074,0.0819714656290528,0.0465803208527666,0.0111363642042003,-0.009912260751296,-0.0037230505067553,0.083953224385855,-0.5462199442649028,0.01028355743994033,-0.007140312542977867,-0.00670482946247547,-0.0017835265141905587
1660869509102851,-0.9745632104982072,-0.1358052948805981,0.0750133516441593,0.047358766089564,0.0120811443958599,-0.0102324364894205,-0.003735140010171,0.0843130954477603,-0.5457980575734501,0.010189775770107804,0.004999674307566093,-0.00482583198200956,-0.007867476449175653
1660869509118831,-0.9884794384679942,-0.1326314183260853,0.0752574959945064,0.0480198462954424,0.0126886203810396,-0.0109123836957964,-0.0037282068183762,0.0846580118505977,-0.5453695822503098,0.010056630384954274,-0.00802489829599895,-0.0014867598847470853,-0.006860998888945702
1660869509134826,-0.9909208819714656,-0.1334859235523003,0.0713511863889522,0.0485012225752349,0.012943272352616,-0.0118625088762207,-0.0037045298636191,0.0849794939548656,-0.5449370472037457,0.009877222471164264,-0.009419707619523265,-0.0021071385998658876,-0.009690577645049922
1660869509150806,-0.987136644541085,-0.1422751201647974,0.0684214541847865,0.0487361674580705,0.0128353247821599,-0.0129573497753707,-0.0036674233363112,0.0852691177577252,-0.5445042255736579,0.009705764621250288,-0.005071923170228421,-0.009806701691126685,-0.011358278864294066
1660869509166786,-0.9857938506141756,-0.1516746776531623,0.0680552376592658,0.0486674779724012,0.0123753708760567,-0.0140577652070139,-0.003621254311674,0.0855210105028463,-0.5440757657810342,0.009576848959441185,-0.003356216318987193,-0.01728563326154245,-0.010552045850833289
1660869509182766,-0.9911650263218128,-0.1574120698863202,0.0726939803158615,0.0482607247861542,0.0116012504635752,-0.015042230950094,-0.0035710975713167,0.0857319101774693,-0.5436569487927763,0.009534513020596474,-0.007854652823961916,-0.020720722945230308,-0.005321972874813827
1660869509198745,-0.9987335011825742,-0.1564354924849316,0.0780651560234986,0.0475128889731866,0.0105810481558881,-0.0158272096973718,-0.0035221154115722,0.0858998291436015,-0.5432534438518918,0.009558563307017995,-0.013880814916251039,-0.017769730989457555,4.4282549540947125e-05
1660869509214725,-0.9972686350804914,-0.1505760280766002,0.0781872281986721,0.0464560707926084,0.0094057356854189,-0.0163779260519784,-0.0034788430822266,0.0860235753150344,-0.5428707907089331,0.009574347021866384,-0.011174353932751346,-0.010719239923013546,0.00014971925224299687
1660869509230705,-0.9934843976501108,-0.1461814297703516,0.0767223620965893,0.0451562627280061,0.0081728817604885,-0.0167075017489272,-0.0034445983510434,0.0861027702984447,-0.5425137554968987,0.009564410414898302,-0.006651104852133716,-0.00569217745508846,-0.0011836321648558273
1660869509246685,-0.9938506141756314,-0.1454489967193102,0.07708857862211,0.0437075821797433,0.0069723293733314,-0.0168650373811254,-0.0034211541577071,0.0861385080624256,-0.5421856340941881,0.009558599254221038,-0.006315589239888952,-0.004463769963642367,-0.0007356740754016211
1660869509262664,-0.994216830701152,-0.1448386358434424,0.0761120012207214,0.0422230647708751,0.0058804590518114,-0.0169187301345764,-0.0034086652729176,0.0861342915214409,-0.5418876509475214,0.009538216513705166,-0.00601362518886861,-0.0034680681789971135,-0.0015410263291111975
1660869509278644,-0.9964141298542764,-0.1455710688944838,0.0752574959945064,0.04082293755028,0.0049613021489763,-0.0169409932626717,-0.0034057538570273,0.0860952465309885,-0.5416188359948031,0.00950873598419269,-0.0073898319077937424,-0.003780451107034677,-0.002155978399793576
1660869509294624,-0.9988555733577478,-0.1471580071717402,0.07879758907454,0.039621294565043,0.004265888363971,-0.0170042567199716,-0.0034096679694195,0.0860263980220989,-0.5413762741060195,0.009535488610437638,-0.008848147870138656,-0.004830650445861978,0.0012457032122160233
1660869509310604,-0.9964141298542764,-0.1474021515220874,0.0817273212787057,0.0387111398900442,0.0038236371796282,-0.017182118740372,-0.0034165162736576,0.0859319842872923,-0.5411554107821571,0.009605989879223805,-0.005766033930000525,-0.004567315316588244,0.0037578918747435547
1660869509326583,-0.99311818112459,-0.1483787289234759,0.0791638056000607,0.0381480985128294,0.0036293545158252,-0.0175423389405204,-0.0034216757677213,0.0858148002216209,-0.5409505946181417,0.009643834716141308,-0.002223076680282765,-0.004989503446179044,0.0010749385764886876
1660869509342563,-0.9884794384679942,-0.1445944914930952,0.0763561455710686,0.0379365021798464,0.003635143994458,-0.0181361081060028,-0.003420416513535,0.0856752086090615,-0.5407559186650788,0.00962866418235445,0.0021740993786817375,-0.001084739414218494,-0.0015594493072530746
1660869509358543,-0.9859159227893493,-0.1395895323109788,0.0709849698634315,0.0380225634372496,0.0037579862501241,-0.0189879186791992,-0.0034086133243028,0.0855113068187088,-0.5405660649156276,0.009522933625402677,0.004263853551593977,0.003528197791108134,-0.006237562513401157
1660869509374523,-0.9860379949645228,-0.1382467383840695,0.067689021133745,0.0382981490635875,0.0039017346624612,-0.0200803365827096,-0.0033833540475942,0.0853199345884582,-0.5403770867334774,0.009377348665401531,0.0037276032387784097,0.004383892546215656,-0.008580160118778893
1660869509390503,-0.98286411841001,-0.1391012436102845,0.0703746089875636,0.0386190083266144,0.0039704026138004,-0.021347809589069,-0.003343389216143,0.0850979428741309,-0.5401870214020152,0.009292393464671932,0.006211331813962051,0.003176448588000591,-0.005305115038464259
1660869509406482,-0.9823758297093156,-0.1370260166323338,0.071107042038605,0.0388368182098316,0.0038619347802907,-0.0226929043206732,-0.0032894928048739,0.0848436716390952,-0.5399960633694694,0.00921890678245392,0.006029658463190812,0.004726508009356145,-0.004115413788680564
1660869509422462,-0.9853055619134814,-0.1415426871137559,0.0712291142137786,0.0388358627584245,0.0034688311916509,-0.0240111011596684,-0.0032246979225758,0.0845569328333853,-0.5398063767102907,0.00916946898527109,0.002789933633122521,0.0001888537751406627,-0.003594007452156267
1660869509438442,-0.9915312428473336,-0.1469138628213931,0.0734264133669029,0.038563554179097,0.0027047006669952,-0.0252158409035986,-0.0031541450986725,0.0842378756750447,-0.5396215070213093,0.009166921490007718,-0.0030921725706567482,-0.004664089739246868,-0.0012570374691287661
1660869509454406,-0.995925841153582,-0.1521629663538566,0.0681773098344393,0.0380458099277471,0.00154182303002,-0.0262547676443405,-0.0030843214344974,0.0838876521444576,-0.5394451388545279,0.00911128787996387,-0.006738093789214528,-0.008921873944539332,-0.005855526901433136
1660869509470386,-1.009719996948196,-0.1599755855649652,0.0723277637903407,0.0373811596729457,3.820947125691629e-05,-0.0270994547741583,-0.0030218283048803,0.0835091567096777,-0.5392798017391252,0.009140893497104039,-0.018479024625445706,-0.015061043840083138,-0.0015345656509785643
1660869509486366,-0.9958037689784084,-0.1593652246890973,0.0785534447241929,0.0367182213070228,-0.0016682358767609,-0.0277365042343801,-0.002972078740556,0.0831050954919976,-0.539126250074082,0.009273729772182016,-0.004106516990092235,-0.013005614667793736,0.00422200375458627
1660869509502346,-0.982253757534142,-0.1492332341496909,0.0723277637903407,0.0362262219725826,-0.0034021987391421,-0.0281902757470952,-0.0029382741453472,0.0826773664300856,-0.5389830051894718,0.009273701076952719,0.008499145008756703,-0.002586261715548599,-0.0018033094613393308
1660869509518325,-0.9860379949645228,-0.1460593575951781,0.0698863202868693,0.0360611028117701,-0.0049895137625386,-0.0285311663201192,-0.0029208182071411,0.0822295073712519,-0.5388458503487601,0.009220528345414163,0.004243416820538304,0.0005288533550677488,-0.0038202776683296524
1660869509534305,-0.97773708705272,-0.1416647592889295,0.0662241550316622,0.0363327899607187,-0.0062742115723584,-0.0288392519773944,-0.0029172280618238,0.0817665957012078,-0.5387082522154659,0.00911428579573094,0.011289892259107037,0.004431106495184717,-0.006734198631183089
1660869509550285,-0.977126726176852,-0.1475242236972609,0.0725719081406879,0.0370867967910503,-0.0071433986814076,-0.0291753126092954,-0.0029225969479894,0.0812926566983673,-0.538562613215342,0.009138766351383658,0.01071022782147757,-0.001285522121832,-0.00034780096994163623
1660869509566265,-0.9846952010376137,-0.1568017090104523,0.0682993820096129,0.0383029849413802,-0.0075485723978549,-0.0295864511350857,-0.0029304700612963,0.0808112890776025,-0.5384011829908034,0.009142459443017269,0.002827577664644365,-0.009506706691521039,-0.00415829439091496
1660869509582244,-0.9831082627603572,-0.1431296253910124,0.0681773098344393,0.0399036133821523,-0.0074992913013117,-0.0301086937550744,-0.002933791173897,0.0803270952875477,-0.5382167796167484,0.009072351902587292,0.00397306434771072,0.0037488392351269773,-0.0038523299094797014
1660869509598224,-0.9772487983520256,-0.1220111390859846,0.0569466697184708,0.0417668956566272,-0.007066872645903,-0.0307448762881284,-0.0029259090026727,0.0798436138704014,-0.5380038900402462,0.008762926272948267,0.008849275880438046,0.022380592986139314,-0.013574673022903383
1660869509614204,-0.9735866330968186,-0.1181048294804303,0.0567025253681237,0.043745167922289,-0.0064064770043548,-0.031441403238296,-0.0029019436763797,0.0793621798787838,-0.5377594032629237,0.008482963001921938,0.011260297022080534,0.023658212332524242,-0.012436935635925433
1660869509630184,-0.9793240253299764,-0.1326314183260853,0.0596322575722894,0.0456852374331699,-0.0057388254151916,-0.0320959005108755,-0.002860242104686,0.0788841999878668,-0.5374825376514678,0.008330375762401834,0.00497061431003043,0.00821846113818231,-0.008556483088583762
1660869509646164,-0.9782253757534144,-0.1437399862668802,0.0635385671778436,0.0474487777107044,-0.0052852984512296,-0.0325948748915967,-0.00280307613993,0.0784121311955474,-0.5371746445925953,0.008300947659671392,0.005462337497933234,-0.0026010961223513485,-0.0041851561347266
1660869509662143,-0.98286411841001,-0.1431296253910124,0.0599984740978101,0.0489293191492167,-0.0052087420170605,-0.0328462280700274,-0.0027362007152675,0.0779481302048395,-0.5368390613505353,0.008210869048776173,0.0007412353572038288,-0.001791661721835175,-0.006952724293284085
1660869509678123,-0.9848172732127872,-0.1380025940337224,0.0635385671778436,0.0500624578405154,-0.0055792301173174,-0.0327907024297185,-0.0026675892159322,0.077493509495492,-0.5364806331511288,0.008146069946686575,-0.001090727501016131,0.0030018326719093436,-0.0030713680919255276
1660869509694103,-0.9876249332417792,-0.1395895323109788,0.0601205462729836,0.0508301328185202,-0.0063640300272148,-0.0324134238412681,-0.002605770418821,0.0770490105091822,-0.5361050000814627,0.008041037911194596,-0.0035085487770073476,0.001273404955187657,-0.005840450097106979
1660869509710083,-0.9807888914320592,-0.1388570992599374,0.0602426184481572,0.0512605998217086,-0.0074523563701831,-0.0317607429931515,-0.0025581539384399,0.0766145283165214,-0.5357178933248596,0.007966893727342276,0.002994743729441418,0.0018052542056061771,-0.005146540129740036
1660869509726062,-0.9879911497673,-0.1426413366903181,0.0661020828564886,0.0514225642459428,-0.0087048916057237,-0.0309374936543121,-0.0025298137463551,0.0761885657361674,-0.5353244600232256,0.007971973893901621,-0.0037867631452194184,-0.0017810849022970587,0.0006416318507322244
1660869509742042,-0.9936064698252842,-0.1408102540627145,0.0704966811627372,0.0514123449196365,-0.0099986831036245,-0.0300768278675221,-0.0025230572109968,0.0757680806793618,-0.5349286585636845,0.008009450545612423,-0.008461874882883302,4.499795277590479e-05,0.004532607141282757
1660869509758022,-0.9927519645990692,-0.1349507896543831,0.0618295567254136,0.0513360478654912,-0.0112507722320303,-0.0293025142293015,-0.0025377400660815,0.0753492929233557,-0.5345327892608636,0.00790483108164727,-0.006846632691001497,0.005314016124996573,-0.003721065566436768
1660869509774017,-0.990798809796292,-0.1292133974212253,0.0551155870908672,0.0512899520695214,-0.0124220598555159,-0.0286990104683027,-0.0025720421126777,0.0749289764720735,-0.5341373086762589,0.007701236833063195,-0.004404130099401882,0.00994626752233893,-0.00939153168088485
1660869509789997,-0.9903105210955978,-0.1309224078736553,0.052918287937743,0.0513429549253305,-0.0135139935832309,-0.0282934458712791,-0.0026234383440082,0.0745045893880192,-0.533741159518127,0.007498465674536609,-0.0035242572588369825,0.007413531362918058,-0.01042994775060814
1660869509805976,-0.9950713359273672,-0.1323872739757381,0.0482795452811473,0.0515251431817494,-0.0145647685481327,-0.0280554146138561,-0.0026896936169347,0.0740734809667315,-0.5333424867781945,0.007247784711874597,-0.00745656488154578,0.005353798734751725,-0.013561821366483456
1660869509821956,-0.9887235828183414,-0.1224994277866789,0.046936751354238,0.0518244108180886,-0.0156386347861172,-0.0279119950406529,-0.0027696977054052,0.0736328410397343,-0.5329393561894075,0.006979047205958879,-0.0009979305952679818,0.013717480431429827,-0.013414153764053478
1660869509837936,-0.9821316853589686,-0.1149309529259175,0.0502327000839244,0.0521908340355804,-0.0168089705787148,-0.0277620409829674,-0.0028639918884534,0.0731802564190404,-0.5325303633504427,0.006775472201594489,0.005034570177694264,0.0191573597629721,-0.009106384530930364
1660869509853916,-0.9860379949645228,-0.1199359121080339,0.0526741435873958,0.0525478953391932,-0.0181370436560687,-0.0274888985300474,-0.0029749232770557,0.0727143221887766,-0.5321151058631693,0.006639886721095779,0.001015434514926028,0.012737160522770116,-0.0059984469247130676
1660869509869896,-0.9848172732127872,-0.1248187991149767,0.0569466697184708,0.0528079248010768,-0.0196367384560852,-0.0269873549642752,-0.0031062491572294,0.0722354637666226,-0.5316944061138054,0.006598819583654716,0.0020125406399954526,0.00706884616424458,-0.0015533287142742574
1660869509885875,-0.9967803463797972,-0.1282368200198367,0.0601205462729836,0.0528864647284355,-0.0212366546723828,-0.0261987168781977,-0.0032619864094055,0.0717465361963108,-0.5312703094463955,0.006581782920787092,-0.00895547927431306,0.0032857427334461453,0.001458493056214684
1660869509901855,-1.006912336919203,-0.1310444800488288,0.0560921644922558,0.0527104372257135,-0.0227734567575405,-0.02512814199223,-0.0034447426448289,0.071253047133526,-0.5308459307082475,0.006497762551069349,-0.017178722832347004,0.00043027443400864285,-0.0023128998520618033
1660869509917835,-1.001174944686046,-0.1166399633783475,0.053772793163958,0.0522183566280953,-0.0240248977347674,-0.0238357833925126,-0.0036541960019906,0.070762521126614,-0.5304253326023842,0.006370537591225829,-0.010297197539271052,0.013351311994040937,-0.004169044062323643
1660869509933815,-0.9967803463797972,-0.1093156328679332,0.0535286488136108,0.0513554252796263,-0.0247656761524518,-0.0224158598103672,-0.0038863095512402,0.0702825629739125,-0.5300136021591683,0.006253918235018531,-0.005312339309719971,0.01860807825400973,-0.0039718695714037605
1660869509949794,-0.9989776455329212,-0.1024795910582132,0.0567025253681237,0.0500695052025245,-0.0248289546527467,-0.0209820295090108,-0.0041335007196155,0.0698200940904648,-0.5296167990574463,0.0061956216150164615,-0.006758674616559546,0.022899708057356735,-0.0007181937152017717
1660869509965774,-1.001297016861219,-0.0997940032043946,0.0607309071488515,0.0483123669416475,-0.0241511370956684,-0.0196602459499004,-0.0043856338460198,0.0693822365765036,-0.5292416578660607,0.006217640404826527,-0.008170241350371588,0.023026766320057818,0.0029791692589734298
1660869509981754,-1.008377203021286,-0.0912489509422447,0.0586556801709008,0.0460470624832451,-0.0227870597473748,-0.0185708687567701,-0.0046315280593754,0.068974874131357,-0.5288955396670085,0.006230392339786634,-0.013725384759394887,0.02841463672398696,0.000813548052920457
1660869509997734,-1.008621347371633,-0.0836804760814833,0.0527962157625694,0.0432610040753791,-0.0209090685968296,-0.017800867855922,-0.0048607466373539,0.0685997682492573,-0.5285864546327261,0.00620833571672593,-0.012572576198767615,0.03238480042627352,-0.004541324719869851
1660869510013713,-1.015945677882048,-0.081483176928359,0.0496223392080565,0.0399818035521632,-0.018793640043769,-0.017390032112704,-0.0050654537155093,0.0682547588856342,-0.5283224693475598,0.006197133968385694,-0.017907216038264284,0.03112388962145804,-0.006943681146944478
1660869510029693,-1.026199740596628,-0.0834363317311361,0.0488899061570151,0.0362884939740626,-0.0167759885923028,-0.0173318347322662,-0.005241915811981,0.067935491213421,-0.5281107337769475,0.006228748804321336,-0.025345150877559952,0.026253661336812853,-0.006908502778187282
1660869510045673,-1.023758297093156,-0.0847791256580454,0.0459601739528494,0.0323117860175756,-0.0151789160230353,-0.0175752264924385,-0.0053911857388103,0.0676357311255869,-0.527956675817523,0.006253951188425573,-0.02061333663667919,0.022419780668913203,-0.008854411484117683
1660869510061653,-1.025223163195239,-0.0884412909132525,0.0453498130769816,0.0282226247047415,-0.0142495482183667,-0.0180320487169503,-0.0055188189722438,0.0673477428780824,-0.5278633411267054,0.00628694487388369,-0.01987038246488604,0.016881853872335498,-0.008518295123986934
1660869510077633,-1.026810101472496,-0.0983291371023118,0.044373235675593,0.0242108167450312,-0.0141116982286819,-0.0185920927221511,-0.0056337322961504,0.0670634992855004,-0.5278309195746744,0.00627621020507367,-0.019311588667928703,0.006294606914948583,-0.008545385272837977
1660869510093597,-1.020340276188296,-0.1089494163424125,0.0420538643472951,0.0204576224193775,-0.0147296602783836,-0.0191397795988389,-0.0057463549796304,0.066775972381374,-0.527856666452297,0.006163998879083467,-0.011557587045355922,-0.003893105092636906,-0.009778280941022288
1660869510109577,-1.010940718699931,-0.1132219424734875,0.0419317921721216,0.0171105294092534,-0.0159070025181431,-0.0195756836806268,-0.0058663680990288,0.0664807883457884,-0.5279351792738858,0.006002057869259774,-0.001942226601291841,-0.007349068101340728,-0.008910317804576205
1660869510125557,-1.001297016861219,-0.1151750972762646,0.0438849469748987,0.0142670884472393,-0.0173327993427511,-0.0198370481047682,-0.0060005875618718,0.0661775317380763,-0.5280589899548486,0.005829493633379342,0.006931327713678215,-0.008372000613706049,-0.006261446701619197
1660869510141536,-1.001297016861219,-0.1122453650720989,0.0465705348287173,0.0119690328722676,-0.0186511906673029,-0.0199015320657429,-0.0061515519907071,0.0658697003789237,-0.5282194312984504,0.005725894303698628,0.00623819494231026,-0.004898041568586309,-0.0032182729630205395
1660869510157516,-1.008010986495766,-0.1005264362554361,0.0530403601129165,0.0102060430195761,-0.0195343334666482,-0.0197774102228931,-0.0063171216911805,0.0655640731037791,-0.5284075278340236,0.0058069877914418274,-0.000428197223013127,0.006138798523268832,0.0029263970890607977
1660869510173496,-1.008377203021286,-0.089173723964294,0.0515754940108337,0.0089268231123549,-0.0197464261075661,-0.019493594205758,-0.0064911052138142,0.065269339630348,-0.5286148114938054,0.0059316723488214845,-0.0007149723736799007,0.015742359732969835,0.001315377888280199
1660869510189476,-1.004837109941253,-0.0769665064469369,0.0492561226825358,0.0080523395452597,-0.0191800634450151,-0.0190894058136669,-0.0066646617330474,0.0649934268250932,-0.5288340823141368,0.006091661140962194,0.002542608635717869,0.02515461952529424,-0.0009035940960159319
1660869510205455,-0.9940947585259784,-0.0692759594110019,0.0484016174563208,0.0074878094549195,-0.0178644405808047,-0.0186005768633657,-0.0068281087475814,0.064741833123687,-0.5290598288077395,0.006268110871541296,0.011956464045893234,0.029560649905106318,-0.0015822893900078391
1660869510221435,-0.9947051194018464,-0.0735484855420769,0.0504768444342715,0.007133044742153,-0.0159514349285284,-0.0180484838314926,-0.006972789156213,0.0645184570703541,-0.5292881610102756,0.006446284611639532,0.010211492853022808,0.022759311396628193,0.0004436438291485767
1660869510237415,-0.9972686350804914,-0.079774166475929,0.0535286488136108,0.0068913368208488,-0.0136691987054137,-0.0174426659354507,-0.0070925534838735,0.0643263571818072,-0.5295166412407821,0.0066081843426853614,0.006883179456939947,0.014880267416498477,0.003145903387639086
1660869510253395,-0.9926298924238957,-0.0856336308842604,0.0590218966964215,0.006677332385236,-0.0112553702622744,-0.0167968531162037,-0.0071843839446637,0.0641669583573384,-0.5297442337701979,0.006758985992232974,0.010369729902182101,0.008118722707350368,0.007775236143404807
1660869510269374,-0.9977569237811856,-0.0879530022125583,0.0586556801709008,0.0064230782883386,-0.0089065217834416,-0.0161424862938569,-0.0072480876873061,0.0640396911223451,-0.5299711201348151,0.006883420264731773,0.004718428690402954,0.005219416241147218,0.006668117656095693
1660869510285354,-1.004226749065385,-0.0855115587090868,0.0556038757915615,0.0060798675014549,-0.0067539279539294,-0.015522063684011,-0.007285444769655,0.0639427764944341,-0.5301983314366727,0.006995066825535013,-0.0015762569344166533,0.006894773770156848,0.003254681949080754
1660869510301334,-1.000198367284657,-0.0809948882276647,0.0551155870908672,0.0056163960848062,-0.0048616032996783,-0.0149704657363618,-0.0072992761950021,0.0638735884437148,-0.53042747497414,0.007124227623414877,0.0022069123616801356,0.010270299826421067,0.002489753923547812
1660869510317314,-0.9964141298542764,-0.0798962386511026,0.0491340505073623,0.0050165747260218,-0.0032477140850391,-0.014505668383992,-0.0072927586675957,0.063828693756997,-0.5306605516339156,0.007181167796395751,0.0053920348128548845,0.010232054462684853,-0.0031426043939613846
1660869510333294,-0.9971465629053178,-0.0825818265049211,0.0536507209887844,0.0042777101856478,-0.0019059062640245,-0.0141276329147183,-0.0072690770919333,0.0638047155736593,-0.5308996817649011,0.007260249407207934,0.004193641585632069,0.006791819947979713,0.0012366594787146454
1660869510349273,-0.9972686350804914,-0.0824597543297476,0.052918287937743,0.0034084103528841,-0.0008060186541862,-0.0138153923526985,-0.0072312458730538,0.0637989962361305,-0.5311468812581623,0.007326129625805044,0.0036644124694127367,0.006222502910837896,0.00045380378490592066
1660869510365253,-1.000320439459831,-0.0839246204318304,0.0521858548867015,0.0024281369978681,0.0001040703516171,-0.0135325133234471,-0.0071819377348625,0.0638090781236136,-0.5314040121075102,0.007368134605887663,0.0005513472810658726,0.004281873127879601,-0.00025076633952202804
1660869510381233,-1.010452429999237,-0.0927138170443275,0.0534065766384372,0.0013685069450517,0.000881216817813,-0.0132481326853697,-0.0071233386406448,0.063832344319683,-0.531672669849595,0.007348186448858264,-0.008622578932506064,-0.0040565911361557655,0.0008729598709923056
1660869510397213,-1.005203326466773,-0.0875867856870375,0.0501106279087508,0.0002721477791134,0.0015690989243527,-0.0129539535527031,-0.0070570939706269,0.0638666024283713,-0.5319538898880742,0.0073378387891118585,-0.0030361278600379293,0.000963396199020819,-0.0021806899728246815
1660869510413177,-1.000320439459831,-0.0869764248111697,0.051209277485313,-0.0008130534179693,0.002183289370832,-0.0126610407506157,-0.0069844269943999,0.0639104257379378,-0.5322479112125854,0.007338606501314691,0.001662083232213618,0.0014163813673997577,-0.0009738363566362332
1660869510429157,-0.9992217898832684,-0.0922255283436332,0.0502327000839244,-0.0018421998399736,0.0027056404687627,-0.0123880799350239,-0.0069064594021644,0.063962300276843,-0.5325542143349572,0.007276878710929776,0.0024846595278987804,-0.003449449948557365,-0.001755372382222356
1660869510445137,-1.000442511635004,-0.0912489509422447,0.053772793163958,-0.0027814790727811,0.0031037302863314,-0.012153768790868,-0.0068245133954723,0.0640194384504961,-0.5328717596134428,0.007270363939717111,0.0011375439985468194,-0.0022255852924519676,0.0016062486280301186
1660869510461116,-1.001052872510872,-0.0897840848401618,0.0505989166094451,-0.003613372479548,0.0033570065639167,-0.0119707550908282,-0.0067401526191522,0.064078093234988,-0.5331991685873668,0.0072456002108880705,0.0004744648104109128,-0.0006846472713321616,-0.0014108651338345032
1660869510477096,-1.000442511635004,-0.0884412909132525,0.0466926070038908,-0.0043366404853083,0.0034629192363343,-0.0118411814202705,-0.0066550415674275,0.0641353477931675,-0.5335347768209737,0.007193824385130845,0.0009763431176510462,0.000592331990019429,-0.004785457265449926
1660869510493076,-0.9984893568322272,-0.0878309300373847,0.046082246128023,-0.004962167784792,0.0034366111619317,-0.0117543278203998,-0.0065707919077199,0.0641901148580179,-0.5338767682704685,0.007144511260489087,0.0026365481283850967,0.001082423579298511,-0.004856236327185959
1660869510509056,-0.995925841153582,-0.0967421988250554,0.0473029678797587,-0.0055072468707663,0.0033184862181237,-0.0116817124395674,-0.0064887875345049,0.0642425883480017,-0.5342234478945521,0.007023490848631164,0.0046800574263271555,-0.007045960687534977,-0.003271963117905237
1660869510525035,-0.9950713359273672,-0.0972304875257497,0.0446173800259401,-0.0059884819441657,0.00317642213497,-0.0115793279193398,-0.0064099524832457,0.0642936415555046,-0.5345734265658688,0.006881162456914188,0.004981106387287659,-0.006780824449406336,-0.005361795874551448
1660869510541015,-1.000442511635004,-0.0994277866788739,0.0480354009308001,-0.0064141714801686,0.0030981773790006,-0.0114078497078145,-0.0063344662867062,0.0643446168259336,-0.5349256123869149,0.006774655423765387,-0.0003510623883142827,-0.008080311242277496,-0.0017493974727223055
1660869510556995,-0.99995422293431,-0.0953994048981461,0.0509651331349658,-0.0067805747268922,0.0031801321045003,-0.0111494388568717,-0.0062614618114463,0.0643970609522424,-0.5352790742101228,0.0067487660492131975,0.00012350368114166788,-0.0036467365153947384,0.0010623012582990504
1660869510572975,-0.9961699855039292,-0.0923476005188068,0.051209277485313,-0.007074990500551,0.003507444515814,-0.0107970602796217,-0.0061889139791657,0.0644529433774419,-0.5356328132868924,0.006753285159048341,0.003516967000370186,-0.0005354389224498934,0.00117580104778163
1660869510588955,-0.9990997177080948,-0.0916151674677654,0.0531624322880901,-0.0072831301538881,0.00412869256713,-0.0103365138374748,-0.0061139561357463,0.0645150503808553,-0.5359855974077067,0.006788574463018555,0.0005285113165841571,0.00017729471573237066,0.002816060265502858
1660869510604934,-0.9971465629053178,-0.0862439917601283,0.048645761806668,-0.0073964673955537,0.0050425705428897,-0.0097535536585286,-0.0060335075852699,0.0645861345956979,-0.5363360683339954,0.006820295416367947,0.0022334995074251296,0.0049936233810325276,-0.0015305491943273172
1660869510620914,-0.9918974593728542,-0.0796520943007554,0.0465705348287173,-0.0074178493506017,0.0062011434194629,-0.0090553372984767,-0.0059448564454553,0.0646674747609992,-0.5366829998799645,0.006887815748901451,0.00673434273589979,0.010426968756364896,-0.003245198555050219
1660869510636894,-0.9920195315480278,-0.0839246204318304,0.0526741435873958,-0.0073652444754535,0.0075205298833082,-0.008274123640284,-0.0058460453910115,0.0647586384882466,-0.5370254543693805,0.006974726002933117,0.005951043504653586,0.005538998362760922,0.002572569183265455
1660869510652874,-0.9905546654459448,-0.0873426413366904,0.0565804531929501,-0.0072726003966549,0.0088967623592184,-0.0074491556634185,-0.0057361312629227,0.0648581023891089,-0.5373628887533605,0.0070615343698852895,0.006674318646062827,0.0019088797121108309,0.005830990909937786
1660869510668853,-0.9966582742046236,-0.092591744869154,0.0521858548867015,-0.0071866387623554,0.0102300423046725,-0.0066070493372949,-0.0056153177783942,0.0649638094083582,-0.5376953065160278,0.007044186030852636,0.0005136388986456408,-0.0030062014383175073,0.0012927533433202618
1660869510684833,-0.9987335011825742,-0.093446250095369,0.0491340505073623,-0.0071593381208007,0.0114486224442629,-0.0057600064858953,-0.00548484045347,0.0650740452354993,-0.5380233268499793,0.006988416181456444,-0.0014054292713744365,-0.003474635998079262,-0.0015831459324170474
1660869510700813,-0.9950713359273672,-0.0868543526359961,0.0485236896314944,-0.0072373138706592,0.0125121750962421,-0.0049225370125579,-0.0053466031005199,0.0651884367308488,-0.5383480937388535,0.006994825070144282,0.002031062385449256,0.0028055353151642676,-0.001974156127456446
1660869510716793,-0.9927519645990692,-0.0906385900663768,0.0508430609597923,-0.0074522208642092,0.0133971703882499,-0.0041219462898822,-0.0052027835298103,0.0653080741863827,-0.5386711098516579,0.006988523147437899,0.003915390342372538,-0.0008808319036947981,0.00031069368075730547
1660869510732757,-0.9956816968032348,-0.0935683222705425,0.0505989166094451,-0.0078163801433072,0.0140942468337796,-0.0033859041144998,-0.0050555665803087,0.0654346620007992,-0.5389940812167763,0.006952308795606659,0.0008870923243862183,-0.003429507697074452,5.98943973690938e-05
1660869510748737,-0.9998321507591365,-0.0944228274967575,0.0531624322880901,-0.0083227230356067,0.0146201775406964,-0.002727415263507,-0.0049069223065496,0.0655691521649131,-0.5393188251096604,0.006939550114978735,-0.0029370254683639407,-0.003855611630960501,0.0023610690684126856
1660869510764717,-1.00166323338674,-0.094300755321584,0.0504768444342715,-0.008946177970766,0.0150150520610141,-0.0021470863861937,-0.004758371809964,0.06571057150201,-0.5396471781217715,0.006901382193612324,-0.004291297286370677,-0.003360185510208294,-0.00029206690686532644
1660869510780696,-1.001785305561913,-0.0929579613946747,0.0482795452811473,-0.009647559541405,0.0153244491546328,-0.0016407954898882,-0.0046108563102056,0.0658562340016369,-0.53998074116195,0.006856692415193006,-0.0039720325153893565,-0.0018156524249691025,-0.0022404294539905764
1660869510796676,-1.000808728160525,-0.0944228274967575,0.0479133287556265,-0.0103815098570271,0.0155912895984428,-0.0012004096375171,-0.0044647525601105,0.0660032571270163,-0.5403205245742962,0.0067986664090998175,-0.002695909602601132,-0.0029524666743467043,-0.0023459813815602387
1660869510812656,-0.9988555733577478,-0.0957656214236668,0.0454718852521551,-0.0111057909692626,0.0158560184036807,-0.0008134224136142,-0.0043199419585729,0.0661498220654972,-0.540666761458727,0.0067064795029435145,-0.0006684793198415973,-0.003865734541130414,-0.004308682396528478
1660869510828636,-0.997634851606012,-0.0950331883726254,0.0482795452811473,-0.0117882648705184,0.0161497249508026,-0.0004637990509395,-0.0041759240793586,0.0662957488322175,-0.5410189387250746,0.006660308661018513,0.0004970181887048453,-0.002819971341080099,-0.0013509201307826471
1660869510844616,-0.9955596246280614,-0.0957656214236668,0.045227740901808,-0.0124101138229703,0.0164848999899138,-0.0001312045993116,-0.0040320415682811,0.0664427134666633,-0.5413759489451996,0.006577757034330021,0.002315020649989896,-0.0031971639529093515,-0.003962452059109757
1660869510860595,-0.9984893568322272,-0.0971084153505761,0.0507209887846187,-0.0129646969174119,0.0168548305395667,0.0002053520559831,-0.0038877617652481,0.0665933084181662,-0.5417364039717493,0.006552136616696502,-0.000553240398758259,-0.004085962091836787,0.0013777162413308452
1660869510876575,-1.000198367284657,-0.0961318379491875,0.050354772259098,-0.0134523243392403,0.0172376063226393,0.0005566605864834,-0.0037428767677639,0.0667492251517974,-0.542099001148504,0.0065354477942530485,-0.002036025766069316,-0.002798446221403364,0.0009103497442291275
1660869510892555,-0.9939726863508048,-0.0939345387960632,0.0448615243762873,-0.0138736757498932,0.0175988243604781,0.000918427402429,-0.0035975940771989,0.0669106478122723,-0.5424626232789154,0.0064775770889265085,0.0037706896510045773,-0.0005410323614511575,-0.00412460832472341
1660869510908535,-0.9977569237811856,-0.0968642710002289,0.0466926070038908,-0.0142252349887682,0.0178973629203078,0.0012831774883051,-0.0034525966329417,0.0670768198253017,-0.5428262056907438,0.006420100049968359,-1.2193001438620676e-05,-0.003123688109055167,-0.00206417312740792
1660869510924514,-0.9981231403067063,-0.0950331883726254,0.0504768444342715,-0.0144973046880565,0.018094066247427,0.0016566414955126,-0.0033091158869368,0.0672459903693379,-0.5431886664691836,0.006427229320278911,-0.00034056857426345566,-0.0011633449333064982,0.0015480578726755068
1660869510940494,-0.9938506141756314,-0.0968642710002289,0.0473029678797587,-0.0146736367206495,0.0181582364948889,0.0020599187794133,-0.0031689739966605,0.0674153727940871,-0.5435488410632289,0.006380305969189302,0.00353876180113033,-0.0026949848048190006,-0.0014632368136535678
1660869510956474,-0.9954375524528878,-0.1004043640802625,0.0481574731059737,-0.0147336941652904,0.0180781610825704,0.0025201179477611,-0.0030344793862084,0.0675825422159082,-0.5439052452669821,0.006315994421637309,0.0017566411714865504,-0.005611570096367341,-0.00054785842869471
1660869510972454,-0.9973907072556648,-0.1013809414816511,0.0481574731059737,-0.0146583938333394,0.0178769860496848,0.0030619478456743,-0.002908068375847,0.067746856800121,-0.5442558976325224,0.006250371245050672,-0.00017686226816149286,-0.00592933274798034,-0.0004930725858252397
1660869510988433,-0.9936064698252842,-0.1000381475547418,0.0476691844052794,-0.0144372036969497,0.017615996990379,0.0037030686762967,-0.0027917618871984,0.0679093497096803,-0.5445984440363255,0.006197712690998598,0.003246637645997197,-0.004127884938963933,-0.0008832251578675954
1660869511004413,-0.9884794384679942,-0.0978408484016175,0.0458381017776758,-0.0140742985072787,0.0173778752642111,0.0044547765222182,-0.0026866995203912,0.0680722581510622,-0.544930424897873,0.00615009194683898,0.007536302102958414,-0.0017375272072556736,-0.0024428770069240754
1660869511020393,-0.9906767376211184,-0.1024795910582132,0.0476691844052794,-0.0135925197602872,0.0172454850965997,0.0053263425364051,-0.0025929566051044,0.0682388183542464,-0.5452495727945987,0.006088216975667774,0.00480510265485079,-0.005738642877466241,-0.0005506149413884304
1660869511036373,-0.9878690775921264,-0.1062638284885939,0.051209277485313,-0.0130334204341989,0.0172890928526461,0.0063217919435671,-0.0025096011238497,0.068412296051761,-0.5455542249786323,0.006044048218631458,0.006851486415458519,-0.00857059227706225,0.0026905303247806572
1660869511052368,-0.9917753871976808,-0.105409323262379,0.0538948653391315,-0.0124526553794495,0.0175604485249481,0.007427520738164,-0.0024348176565469,0.0685953113330056,-0.5458436364245978,0.006044239595145838,0.0026506591289137127,-0.006944478345762617,0.004838506360739243
1660869511068348,-0.9940947585259784,-0.0933241779201954,0.0526741435873958,-0.0119118021219376,0.0180829046984437,0.0086042707808437,-0.0023660590543799,0.0687907874377894,-0.5461179521979164,0.0061295739229120195,0.0002981590205545226,0.004626600296778902,0.0032560061481031882
1660869511084327,-0.9901884489204242,-0.081483176928359,0.0535286488136108,-0.0114684628511759,0.018833800447863,0.0097933987770703,-0.0023003815174039,0.0690020207104133,-0.5463781350204742,0.006319862722217643,0.0037840217634977913,0.014820841159753767,0.0036994602368863733
1660869511100307,-0.9915312428473336,-0.0864881361104754,0.052063782711528,-0.0111670731553794,0.0197406978025807,0.0109344485779044,-0.0022350231222202,0.0692304437591745,-0.5466260508518584,0.006432783879726824,0.002197105052929582,0.008834293779873631,0.002011134721323214
1660869511116287,-0.9917753871976808,-0.0912489509422447,0.0499885557335773,-0.0110317669789721,0.0207075448909701,0.0119809651396416,-0.0021679607280548,0.0694744360329874,-0.5468643280956279,0.006469729813460517,0.0017576646323241851,0.0036661310532939,-5.7683030964733595e-05
1660869511132267,-0.9920195315480278,-0.0914930952925918,0.0455939574273287,-0.0110610982458068,0.0216460994530249,0.0129046397457168,-0.0020981478263656,0.0697309607157617,-0.5470957981095667,0.006451531913357089,0.0013621682537794388,0.003079788032652117,-0.0040070532034920045
1660869511148246,-0.9980010681315328,-0.0990615701533532,0.0465705348287173,-0.0112262298572107,0.0224915076582705,0.0136918989144348,-0.0020254297916499,0.0699976688368049,-0.5473228448761269,0.006372908218102119,-0.004157431496753072,-0.004039818145298371,-0.0027274282218930634
1660869511164226,-1.004104676890211,-0.1026016632333868,0.050354772259098,-0.0114755554523903,0.0232139989199531,0.0143390080483687,-0.001950237044183,0.0702736037856448,-0.547546966448062,0.006310402349587093,-0.009234936229888246,-0.006821920102798779,0.0009511282876388666
1660869511180206,-1.004470893415732,-0.1043106736858168,0.052918287937743,-0.0117455153956467,0.0238242682152074,0.0148457936651084,-0.0018731152666478,0.0705582685481607,-0.5477686703702811,0.006273113926218795,-0.008641037479868219,-0.007677837499705895,0.0031631795696554776
1660869511196186,-0.9906767376211184,-0.1012588693064775,0.0429083695735101,-0.011974468603587,0.0243574272619974,0.0152122587591459,-0.0017942908852753,0.0708500255481267,-0.5479876370253088,0.006155920576096927,0.004637806483270834,-0.004163429808329941,-0.006162064915119683
1660869511212165,-0.9884794384679942,-0.0984512092774854,0.0432745860990309,-0.0121160728989034,0.0248495014341845,0.0154414890512772,-0.0017135086311137,0.0711459675192982,-0.5482028887814872,0.006080976175865153,0.0061515950727555335,-0.0012201928014040492,-0.005216263550639005
1660869511228145,-0.9936064698252842,-0.0914930952925918,0.0436408026245516,-0.0121479507277008,0.0253213484490564,0.0155436494972876,-0.0016301709127605,0.071443250514761,-0.5484129330007262,0.006076191717210157,0.0009221073439190652,0.005164129065140591,-0.004365042322606476
1660869511244125,-0.9929961089494164,-0.0962539101243611,0.0433966582742044,-0.0120731580364809,0.0257679050930588,0.015540461705282,-0.0015436969659934,0.0717396024422189,-0.5486160870107053,0.0060286443159389205,0.0013792213978082168,0.0003629828100341487,-0.004148268005658304
1660869511260105,-1.000320439459831,-0.0985732814526589,0.041809719996948,-0.0119157194494514,0.0261619323180087,0.0154699973447508,-0.0014539676450009,0.0720329000509788,-0.5488109037405037,0.005942662007717874,-0.005350598201345869,-0.0017607496664372724,-0.005161685654623237
1660869511276085,-0.99653620202945,-0.0881971465629054,0.0404669260700387,-0.0117113949342096,0.0264684786538635,0.0153776691606978,-0.0013616272491355,0.0723212965592575,-0.5489964224305137,0.005947877241026059,-0.0014097246938683528,0.0077538467009845985,-0.005854031623379281
1660869511292064,-0.9900663767452508,-0.0800183108262762,0.0420538643472951,-0.0114953420676741,0.0266481315904401,0.0152910283778703,-0.0012681258540789,0.0726035226838787,-0.5491722034552321,0.006055027421729584,0.00455409053129785,0.014339414193852429,-0.0038403840115105933
1660869511308044,-0.9881132219424736,-0.0960097657740139,0.0422980086976423,-0.0112930021916067,0.0266690178755577,0.0152028092477204,-0.0011754874312976,0.0728784978122815,-0.5493382506312318,0.006005762226845576,0.005856520800667564,-0.0014868366784967502,-0.003236615695047053
1660869511324024,-0.9949492637521936,-0.1217669947356375,0.0458381017776758,-0.0111190449450415,0.0265517113646721,0.0150745218696953,-0.0010856303007421,0.0731448563343627,-0.5494948802557877,0.005752452481374305,-0.0008815689081472788,-0.024519659076108313,0.00027312964648779775
1660869511340004,-1.000564583810178,-0.137270160982681,0.0464484626535437,-0.0109810292220501,0.0263919170103096,0.0148478061242881,-0.0009992790566209,0.0734010101599224,-0.5496425900918624,0.00541173836879644,-0.005847200069518554,-0.036020542790836635,0.0007951414701201295
1660869511355983,-1.002151522087434,-0.1051651789120318,0.0403448538948652,-0.0108832813959103,0.0263048542287922,0.0144576372183121,-0.0009152027643473,0.0736452935518957,-0.5497819830032663,0.005312722387366426,-0.006690724512097179,-0.0035240046481686965,-0.004777620559702531
1660869511371978,-0.9960479133287556,-0.0822156099794004,0.0316777294575416,-0.010831948841954,0.0263414538000364,0.0138503129811976,-0.0008305436587233,0.0738756503089959,-0.5499137767541736,0.0053219190082739705,-0.0005284041780769799,0.017483007856016433,-0.012100270497323526
1660869511387958,-0.9940947585259784,-0.0783093003738462,0.0364385442893109,-0.0108417946238466,0.026460514665769,0.0130012594598447,-0.0007420623570703,0.0740894342101169,-0.5500388688434706,0.00543811226743139,0.0012822755622302617,0.01925038571541357,-0.006605510098998797
1660869511403938,-0.9951934081025406,-0.0873426413366904,0.0352178225375752,-0.0109399245608859,0.0265619578407045,0.0119276287552275,-0.000647467157015,0.0742840138260477,-0.5501584131699231,0.005453934780785156,0.00016526338710121102,0.009195340277312447,-0.007043608665661047
1660869511419918,-0.9934843976501108,-0.0960097657740139,0.0296025024795909,-0.0111609500137501,0.0265329341525871,0.0106924348642364,-0.0005462605328212,0.0744572600566485,-0.5502739583103787,0.005329071497099735,0.0016868464555780394,0.0004753942559900387,-0.011393035851280816
1660869511435897,-0.9922636758983748,-0.1047989623865111,0.0245975432974745,-0.0115334038388547,0.0262887177314216,0.0093899042546327,-0.0004399410076968,0.0746073141291824,-0.5503875643743126,0.0050796427867655725,0.0026168113865826514,-0.007482422120856438,-0.014758195530057503
1660869511451877,-0.9992217898832684,-0.1185931181811246,0.0377813382162202,-0.0120636983383241,0.0258174317675105,0.0081130895733359,-0.0003314239079629,0.0747327235433808,-0.5505016376664585,0.004846466485205112,-0.003907172338479814,-0.019148920123922955,-0.0014169605501806182
1660869511467857,-1.010696574349584,-0.1204242008087282,0.0371709773403523,-0.0127258745793377,0.0252044346000262,0.0069303904284177,-0.0002237599805373,0.0748328939343659,-0.5506185007868618,0.0046194813226605,-0.013843761124315845,-0.018882002476373907,-0.0018245892834436658
1660869511483837,-1.002761882963302,-0.1128557259479668,0.034119172961013,-0.0134612106992408,0.0245987447899243,0.0058863728881633,-0.0001188270486908,0.0749080932074482,-0.550739909529737,0.00446224548923346,-0.005318162764230472,-0.010182174854051262,-0.00438875429650467
1660869511499817,-1.003982604715038,-0.1039444571602961,0.0342412451361866,-0.0141878515679682,0.024146974831832,0.0050075219503052,-1.67381728713575e-05,0.0749598380100142,-0.5508665509101685,0.004407223620149915,-0.005884996064369763,-0.0011438154597425004,-0.00384001390919797
1660869511515796,-1.002029449912261,-0.1052872510872054,0.0391241321431294,-0.0148190396275405,0.0239509008530033,0.0043001607974919,8.398400079466344e-05,0.0749916392392764,-0.5509976680486146,0.004399060454710511,-0.003538657135433554,-0.0022379484479866235,0.0009385857879703474
1660869511531776,-0.9967803463797972,-0.0924696726939804,0.0359502555886166,-0.0152842345920728,0.0240467169635479,0.0037522947938271,0.0001857963178533,0.0750084689316497,-0.5511311293425739,0.004471966564433154,0.0015394017573272523,0.009521666950714533,-0.00201176168988821
1660869511547756,-0.9928740367742428,-0.0873426413366904,0.0336308842603187,-0.0155448393459736,0.0243869766446378,0.003341236713777,0.0002912175786086,0.07501499112926,-0.5512639359800252,0.004565190970854138,0.004901140226593492,0.01318382847720409,-0.0038980197163675026
1660869511563736,-0.9918974593728542,-0.0914930952925918,0.0350957503624016,-0.0156007436384495,0.0248545208171326,0.0030399416186097,0.0004018265483727,0.0750143646719613,-0.5513928450397024,0.004629146109716618,0.005289945865183832,0.008130037069172424,-0.0021898382528561383
1660869511579715,-0.9939726863508048,-0.101991302357519,0.0365606164644845,-0.0154875035633705,0.0253165144020595,0.0028245235415896,0.000517675335672,0.0750083010591579,-0.5515149110615378,0.004596865835156699,0.002893246998509902,-0.0021313529961793226,-0.0006524749356959098
1660869511595695,-0.9898222323949036,-0.1056534676127261,0.0348516060120545,-0.0152638518354458,0.0256678090525021,0.0026784280576882,0.0006373306540956,0.0749974093914366,-0.5516279284417402,0.004513934383455503,0.006339330858969983,-0.005214166426247779,-0.0021253368493133196
1660869511611675,-0.9947051194018464,-0.1034561684596018,0.0359502555886166,-0.0149932932266365,0.0258449156157043,0.0025850605679861,0.000758324947631,0.0749814460293459,-0.5517306646256316,0.004473208534366704,0.0013107994668245526,-0.00271518054581113,-0.0009240185454760935
1660869511627655,-0.9958037689784084,-0.1151750972762646,0.0397344930189973,-0.0147285313805147,0.0258406147833078,0.0025193714079437,0.0008778685778023,0.0749600292136818,-0.5518227642909662,0.004360663847189763,0.00019093490123622825,-0.012990698426226535,0.0025741969964141395
1660869511643634,-0.9975127794308384,-0.1110246433203632,0.0421759365224687,-0.0145038706350612,0.0257124509952104,0.0024512202666703,0.0009937422529451,0.0749332098300494,-0.5519044936315218,0.004330828617883622,-0.0013662679960744217,-0.007956220023292618,0.0045140764498969865
1660869511659614,-0.9995880064087892,-0.1044327458609904,0.0355840390630959,-0.0143346132571605,0.0255546818039056,0.0023568056327856,0.0011049948502297,0.0749009840409671,-0.5519765535069742,0.0042949420120817665,-0.0030973454766226594,-0.001227890307527832,-0.0018700389085282293
1660869511675594,-0.9954375524528878,-0.0996719310292211,0.0333867399099716,-0.0142220916512203,0.0254548873300603,0.0022299509041568,0.001212055548271,0.074862700321951,-0.5520399243598647,0.004283925746324442,0.0009477976313508885,0.003179632071817304,-0.003660604255487282
1660869511691558,-0.9904325932707714,-0.0991836423285268,0.0313115129320209,-0.0141623243708014,0.0254733836372157,0.0020877891776654,0.0013163349763832,0.0748174492481363,-0.5520956811757262,0.004259133623080483,0.005357481132120534,0.003301128695260447,-0.005162248110094178
1660869511707538,-0.9949492637521936,-0.1008926527809568,0.0348516060120545,-0.0141533928443572,0.0256407148399489,0.0019672609608985,0.0014196577403234,0.0747648159290726,-0.5521448826231675,0.004257907546809381,0.0007567295856284462,0.0014329064185474027,-0.0014599395270545185
1660869511723518,-0.9955596246280614,-0.102845807583734,0.0346074616617073,-0.0141980083103349,0.0259586091732495,0.0019145439683744,0.0015237405360717,0.074705310759928,-0.5521885672641293,0.004234944232768784,0.00013173183878456562,-0.00046822354580682013,-0.0015336754896615457
1660869511739498,-0.9933623254749372,-0.1038223849851225,0.037537193865873,-0.014301375762732,0.0264061415237128,0.001971358978542,0.0016298166311004,0.074640823917392,-0.5522277334959494,0.004236553942415787,0.0020961278927178473,-0.001300320852475792,0.0012564510430537398
1660869511755478,-0.9998321507591365,-0.0991836423285268,0.040100709544518,-0.0144660629812116,0.0269474261683977,0.0021607704926615,0.0017384678604554,0.0745749411390974,-0.5522632621059784,0.004307721521142258,-0.003936327652333316,0.003004579623707912,0.0034379700495288587
1660869511771457,-0.9949492637521936,-0.0988174258030061,0.0391241321431294,-0.014686789774374,0.0275369617967109,0.0024781040168538,0.0018496400078068,0.0745121966943803,-0.5522958739818684,0.004367013701769777,0.0008519034191486474,0.003033716534305758,0.002215253383326239
1660869511787437,-0.9969024185549706,-0.1016250858319983,0.0388799877927823,-0.0149482752773222,0.0281279297177801,0.0028918156717162,0.0019627854908307,0.0744564231197552,-0.5523261391445311,0.004389686352161268,-0.000991126245265539,0.00020345085478221114,0.001773998129681223
1660869511803417,-0.99824521248188,-0.1024795910582132,0.0398565651941709,-0.0152273837421914,0.0286825548604694,0.0033531774956974,0.0020770930463041,0.0744094194379147,-0.5523544634920154,0.004412000686786519,-0.002100528154957426,-0.0005859489342894403,0.0024755179779628322
1660869511819397,-0.9986114290074006,-0.1022354467078661,0.0353398947127487,-0.0154988950136116,0.0291789070961025,0.0038091873473945,0.0021917459084082,0.0743707931206051,-0.5523810217007217,0.004386658275913844,-0.002220070212430314,-0.00030762412554810603,-0.0018370372531134327
1660869511835376,-1.002517738612955,-0.104554818036164,0.0396124208438237,-0.015742863396209,0.0296118082591678,0.0042105487638148,0.0023061498316192,0.0743389322857332,-0.5524056783634868,0.004387749185887454,-0.005513741836186137,-0.002364295908461392,0.002191939990165412
1660869511851356,-0.9970244907301442,-0.1038223849851225,0.0371709773403523,-0.015950844209954,0.0299842358860303,0.004512562490236,0.0024200723791907,0.0743119336165484,-0.552428027726822,0.004369439813926547,-1.8444558037900016e-05,-0.0014686765716779016,-0.00022455316197538683
1660869511867336,-0.9904325932707714,-0.102845807583734,0.0319218738078888,-0.0161291834539608,0.0302939700452768,0.0046767951544603,0.0025336199386595,0.0742875897124137,-0.5524476163841091,0.004305615898223235,0.005916107611201427,-0.00044288925326047,-0.0049262910249949984
1660869511883316,-0.9910429541466392,-0.1056534676127261,0.0346074616617073,-0.0162985057270788,0.0305317454601079,0.0046772600113865,0.00264707805966,0.0742634369376609,-0.5524641799212164,0.004251456694452211,0.004775172061800226,-0.002925494354027322,-0.002016632854058849
1660869511899295,-0.9995880064087892,-0.1046768902113375,0.0336308842603187,-0.0164885762635337,0.0306909081452655,0.0045060818545513,0.0027607585310569,0.0742376986847454,-0.5524777391226725,0.004199691999313221,-0.0033928921803147993,-0.001754025257374836,-0.002693889229902706
1660869511915275,-0.9969024185549706,-0.1032120241092547,0.0291142137788966,-0.0167290341715022,0.0307706304916863,0.0041753697835209,0.0028749054900265,0.0742097119666198,-0.5524886569586939,0.004120372433472202,-0.000636573893846637,-0.0002602432397628418,-0.006489503740192325
1660869511931255,-1.000686655985351,-0.1062638284885939,0.0303349355306323,-0.0170390900523046,0.0307713049518114,0.0037141105475106,0.0029895968198016,0.0741785535714852,-0.5524977560800334,0.004032312725105521,-0.0039787301918041695,-0.0029808428571918427,-0.004741903789610969
1660869511947235,-1.000442511635004,-0.1016250858319983,0.0326543068589302,-0.0174202917161035,0.0306948209902194,0.00316126571241,0.0031046555713107,0.0741418357961624,-0.5525062637815158,0.004024224995050737,-0.0033611272573115247,0.0014921098194633914,-0.0021802792151817685
1660869511963214,-0.9978789959563592,-0.1080949111161975,0.0288700694285495,-0.0178549201283441,0.0305496741283433,0.0025615393369142,0.0032196432130156,0.07409709047347,-0.5525153648575004,0.0039129155520078755,-0.0007178504208000813,-0.00447994391826223,-0.005368064981006226
1660869511979194,-1.000930800335698,-0.1098039215686275,0.0321660181582359,-0.0183097391726561,0.0303550165596698,0.0019632008412019,0.003333941950231,0.0740435536585017,-0.5525257229436442,0.003831440484831946,-0.003392689320125042,-0.005570058933623015,-0.0018649046261878452
1660869511995174,-0.9997100785839628,-0.1102922102693218,0.0311894407568473,-0.0187428175590678,0.0301421192685875,0.0014094282678905,0.0034469185543784,0.0739815184455341,-0.5525373754578461,0.0037433425682125957,-0.00195477081155071,-0.0054525128708855924,-0.0025573338248188054
1660869512011139,-0.99482719157702,-0.1100480659189746,0.0282597085526816,-0.0191116864567835,0.0299510985221076,0.00092793652124,0.0035581517564281,0.0739115067737683,-0.5525497530368779,0.003632739432779352,0.002635304575852815,-0.004687531668484554,-0.004938359426086055
1660869512027118,-0.9992217898832684,-0.1106584267948425,0.0297245746547645,-0.0193818876426688,0.0298239316525278,0.0005311394706932,0.0036676294352725,0.073834933788238,-0.5525616380082481,0.003545366282319433,-0.0015833643573559542,-0.004768103289917197,-0.003126143991602836
1660869512043098,-0.9966582742046236,-0.1043106736858168,0.0338750286106659,-0.0195334252727426,0.0297950419224384,0.0002210037256859,0.0037758121686922,0.0737539260427583,-0.5525713417637281,0.0035709869157565383,0.0008821361891599988,0.0014216848371976648,0.0009218789678687098
1660869512059078,-0.992507820248722,-0.1027237354085604,0.0311894407568473,-0.0195629452406006,0.0298795282411453,-1.102669529635513e-05,0.0038835309444188,0.073670419336611,-0.552577032071052,0.003579738855946387,0.004529331130555425,0.002707760803008663,-0.0015873379973549012
1660869512075058,-0.9945830472266728,-0.1032120241092547,0.0313115129320209,-0.0194830475456773,0.0300690135475969,-0.0001793974745746,0.0039917563706779,0.0735864371216581,-0.5525769253914127,0.003586009140065332,0.002208693737344114,0.001997524892082922,-0.0013187392399631737
1660869512091037,-0.9961699855039292,-0.1077286945906768,0.0322880903334095,-0.019319884573218,0.030338941089915,-0.000292621964257,0.0041013238691586,0.0735040352151659,-0.5525695102604453,0.003557268502294972,0.0005595799140788449,-0.002267231030405256,-0.00030794565471711083
1660869512107017,-0.9953154802777142,-0.1076066224155032,0.0360723277637902,-0.0191075031409473,0.0306525217527373,-0.0003528648365549,0.0042126877975513,0.0734241587214575,-0.5525538536298658,0.003572560495854118,0.0012726766262645128,-0.0019306429697085042,0.003128662598097229
1660869512122997,-0.9927519645990692,-0.1050431067368582,0.0346074616617073,-0.0188803510770618,0.0309604759520247,-0.000366465146984,0.0043257415158895,0.0733466484682894,-0.5525296562381019,0.0035966710142243553,0.0034525730744185967,0.0005695854380428494,0.0014974168464128995
1660869512138977,-0.9955596246280614,-0.1022354467078661,0.0304570077058059,-0.0186683280349406,0.031213101679663,-0.0003430590860362,0.0044397577954848,0.0732711317644976,-0.5524970990647909,0.003602069513997662,0.0005804217408837964,0.00303952092033144,-0.0023877333985396487
1660869512154956,-0.9944609750514992,-0.1051651789120318,0.0274052033264666,-0.0184946561144977,0.0313802313869731,-0.0002847107663578,0.0045535040494264,0.07319692676917,-0.5524567779842928,0.003547269766277871,0.001511164185701297,9.880984454917197e-05,-0.004895584000091054
1660869512170936,-0.9934843976501108,-0.1104142824444954,0.032410162508583,-0.0183737879133536,0.0314593885694408,-0.0001852326416892,0.0046655060886244,0.0731229481578657,-0.5524096278852186,0.0034979380941852407,0.0022389674283808114,-0.004635264319122992,9.843766382280905e-05
1660869512186916,-0.9954375524528878,-0.1137102311741818,0.0335088120851452,-0.0183093512229302,0.0314686614257329,-4.080016680242421e-05,0.0047743587287545,0.0730484526355731,-0.5523567040171278,0.003433264543381128,0.00025723136304345307,-0.007138091743928446,0.001077378516346511
1660869512202896,-0.9978789959563592,-0.1124895094224461,0.037537193865873,-0.0182941781762961,0.0314331151156226,0.0001417106035267,0.0048789687007612,0.0729733191944266,-0.5522989774611892,0.0034318691940984753,-0.001965790926385158,-0.005325632992973464,0.004595184267366881
1660869512218876,-0.9944609750514992,-0.1080949111161975,0.0352178225375752,-0.0183134066159983,0.0313733934421197,0.0003453405876916,0.0049786553650911,0.0728978429027581,-0.55223719597431,0.003449063212682753,0.0013070069806273565,-0.0008379312180523818,0.0020482316451621713
1660869512234855,-0.9947051194018464,-0.1050431067368582,0.031555657282368,-0.0183498950569009,0.0313027275645118,0.0005483850898261,0.0050731279561987,0.072822689282278,-0.5521717914622726,0.003452188132310166,0.0009565763672522154,0.0019924858451582234,-0.0014525402490405265
1660869512250835,-0.9988555733577478,-0.1100480659189746,0.033264667734798,-0.0183897046607949,0.0312286702248045,0.0007255757884032,0.0051624280843381,0.0727481333705599,-0.5521029663456098,0.0034258281164086606,-0.0028744898297843324,-0.0027112260032623736,0.00023082318305052418
1660869512266815,-0.9955596246280614,-0.1078507667658504,0.0299687190051116,-0.0184259629712123,0.0311503741301763,0.0008463352278981,0.0052468676886436,0.0726727956878091,-0.5520309151005868,0.003387338270065677,0.00037931300991178585,-0.0004625341651243453,-0.002758612991972286
1660869512282795,-0.995925841153582,-0.1100480659189746,0.0338750286106659,-0.0184614200414728,0.0310541173248052,0.0008818582221457,0.0053268958183177,0.0725939083105088,-0.5519559124589735,0.0033756336768808962,1.178683595204344e-05,-0.002393849986423696,0.0010329269522238171
1660869512298774,-0.9951934081025406,-0.1111467154955368,0.0319218738078888,-0.0185094155871689,0.0309169643030782,0.000818387747572,0.0054028783609975,0.0725092419052013,-0.5518782442505057,0.0033339691831905005,0.0006697978982940223,-0.0031432496066873122,-0.0008282050654979528
1660869512314754,-0.9947051194018464,-0.1085831998168918,0.0331425955596245,-0.0185914239039695,0.0307167911965123,0.0006601697877675,0.0054749076596646,0.0724181548821851,-0.5517982528696195,0.0033336882338247044,0.0010422779390895087,-0.0005217605352380722,0.00035326501761397816
1660869512330719,-0.9962920576791028,-0.1089494163424125,0.0302128633554588,-0.0187314698668459,0.030440745097499,0.0004226558495772,0.0055427555354694,0.0723202767015843,-0.5517166121692137,0.0032965048531904363,-0.0004901943043502666,-0.0007991793546828913,-0.002318820467896554
1660869512346698,-0.99482719157702,-0.1113908598458839,0.0255741206988631,-0.0189503415302399,0.0300923883426713,0.0001291409729784,0.0056059750189473,0.0722137738236099,-0.5516345619235568,0.003189864580267346,0.0008772046179592596,-0.0029165605723388693,-0.006261806812043028
1660869512362678,-0.9994659342336156,-0.1120012207217518,0.0260624093995574,-0.0192613512143687,0.0296971374013977,-0.0001911595737769,0.0056641103775504,0.0720957974308129,-0.5515537984601849,0.003091839682452921,-0.003385384234772748,-0.0031742293033860947,-0.005196166300213859
1660869512378658,-1.005325398641947,-0.1155413138017853,0.0302128633554588,-0.0196680780049854,0.0292992246285195,-0.0005106097833677,0.0057169614660697,0.0719643856919005,-0.5514761289555943,0.0030194061920928088,-0.008320363778793749,-0.0060428901450776396,-0.0009411411098812147
1660869512394638,-1.002029449912261,-0.1171282520790418,0.0339971007858395,-0.0201652144376815,0.0289504944795598,-0.0008088242668333,0.0057648021166326,0.0718194420123497,-0.5514032084877902,0.0029879884287754344,-0.004521973544197033,-0.006866845580100728,0.002558786688449534
1660869512410617,-0.99995422293431,-0.1145647364003968,0.034973678187228,-0.0207423026465409,0.028697345421334,-0.001069163970735,0.0058084391562122,0.0716624959972688,-0.5513364484613873,0.0029954076837350697,-0.002202071909621406,-0.003872996911310142,0.0031818276808542253
1660869512426597,-0.9969024185549706,-0.1089494163424125,0.0348516060120545,-0.0213870113916955,0.0285685779539788,-0.0012745196083289,0.0058490659364082,0.071495965618283,-0.5512770364336079,0.003045157605426277,0.0007647592227461031,0.0015680908320067494,0.0027537799551126535
1660869512442577,-0.9934843976501108,-0.103700312809949,0.0303349355306323,-0.0220847893507946,0.0285698049572919,-0.0014128285648847,0.0058879981885659,0.0713221874388952,-0.5512259981751295,0.003078783142299695,0.0037645021148453583,0.006135474928023216,-0.0015866014736785929
1660869512458557,-0.9962920576791028,-0.1026016632333868,0.0308232242313266,-0.0228153701157362,0.0286886171176976,-0.0014848226459155,0.0059264600139918,0.0711430056118803,-0.5511841494090574,0.0031287213043325866,0.0008611578772679263,0.0065107120541268715,-0.0009884814956858598
1660869512474537,-1.00166323338674,-0.1063859006637675,0.0348516060120545,-0.0235489604740898,0.0289005237942737,-0.0015000566944163,0.0059654619181444,0.0709601351568029,-0.5511518965860699,0.0031898416658970694,-0.004059016047332276,0.0024538271613715607,0.0027359102565378338
1660869512490516,-1.007156481269551,-0.1102922102693218,0.0350957503624016,-0.0242445886740076,0.029167732902975,-0.0014680488934137,0.0060056602013024,0.0707750685950516,-0.551129062806451,0.003220471302285263,-0.008597037537129038,-0.0013072341997644593,0.0026820491461964427
1660869512506496,-1.005203326466773,-0.1120012207217518,0.0382696269169144,-0.0248528018496751,0.0294400169299393,-0.0013988357552646,0.0060471806347063,0.0705883001793911,-0.551114812434987,0.003272038413346143,-0.005979494460915946,-0.002714620186975006,0.005270333130638322
1660869512522476,-1.000564583810178,-0.1123674372472725,0.0347295338368809,-0.0253244019690511,0.0296656180635834,-0.0013048043641691,0.0060895331791527,0.07039930839562,-0.5511075781258754,0.003269030865575754,-0.0012066766238888471,-0.0027727530412461343,0.0015572160455443393
1660869512538456,-0.9951934081025406,-0.1110246433203632,0.0350957503624016,-0.0256230261951236,0.0298068056081195,-0.0011940094580716,0.0061316905714969,0.070207527392173,-0.5511050542022452,0.003273127082748875,0.0037480491753736356,-0.0012869632029031547,0.001731089313958531
1660869512554435,-0.9928740367742428,-0.1105363546196689,0.0385137712672616,-0.0257351468043748,0.0298512622068138,-0.0010664531849755,0.0061723119108551,0.0700125507883031,-0.5511044865037403,0.0033199693945620465,0.005460678453304335,-0.0007188070519879713,0.004634199196936681
1660869512570415,-0.9898222323949036,-0.1079728389410239,0.0408331425955594,-0.0256724906296303,0.029812302610766,-0.0009170582424601,0.0062100436237289,0.0698131774505193,-0.5511032097703121,0.003410909078062983,0.00766123454937917,0.0016602377639913374,0.0062582134727110425
1660869512586395,-0.9916533150225072,-0.1089494163424125,0.0403448538948652,-0.0254663051672282,0.0297172983459797,-0.000735103913977,0.0062437513818434,0.0696077100459156,-0.5510989975016064,0.0034838600856499685,0.00524713672959809,0.0006152943263424693,0.005192932294815156
1660869512602375,-0.9929961089494164,-0.1100480659189746,0.0361943999389637,-0.0251553204414441,0.0295938898280476,-0.0005057288187217,0.0062725800742785,0.0693964013512014,-0.5510899932312154,0.003492458813870768,0.0035139085224200617,-0.0004350197251976884,0.0009382305050222861
1660869512618354,-0.9898222323949036,-0.1118791485465782,0.0354619668879223,-0.0247719681571375,0.0294643180077454,-0.0002182821055426,0.0062959184283257,0.0691826636978511,-0.5510745690207491,0.0034791914332597215,0.006019006569239482,-0.0020394921175211495,0.00018521770858280495
1660869512634334,-0.9944609750514992,-0.1123674372472725,0.0405889982452123,-0.0243337917020036,0.0293514870454109,0.0001343865769724,0.0063133969560236,0.0689707559810726,-0.5510514304698476,0.0035265733621641813,0.00124223752137953,-0.0022750027363939024,0.004781024159285524
1660869512650329,-0.9990997177080948,-0.1112687876707104,0.040955214770733,-0.0238432413620764,0.0292890720208801,0.0005651541302402,0.0063249582139114,0.0687632157053318,-0.5510196988219258,0.0035809227805186157,-0.0030568546216943604,-0.0010587178438486305,0.004632516616325598
1660869512666309,-0.9978789959563592,-0.1115129320210575,0.0424200808728159,-0.0232934819563332,0.0293167105036643,0.0010898597971159,0.006330937962155,0.0685612465844059,-0.5509786838172953,0.0036480321741401947,-0.0016525195829628636,-0.0011725759747761577,0.005487644446567644
1660869512682289,-0.9912870984969864,-0.1127336537727932,0.0446173800259401,-0.0226779920587467,0.0294588726633554,0.001715634337482,0.0063320243997942,0.0683660114111615,-0.5509276440503252,0.003731025687605446,0.004445440088768904,-0.0021539679538606776,0.0069164492397226635
1660869512698269,-0.9893339436942092,-0.1124895094224461,0.0432745860990309,-0.0220020347954355,0.0297141988331108,0.0024350409654517,0.0063290672922176,0.0681785604494411,-0.5508658525893336,0.0037940217696456565,0.005758735402391468,-0.0017188412431622113,0.00501628978153211
1660869512714248,-0.9857938506141756,-0.1076066224155032,0.0386358434424352,-0.0212905509551271,0.0300643977096411,0.0032232245255788,0.0063229097342489,0.0679998916161108,-0.5507927931083159,0.0038289790262833663,0.008368945634182556,0.0028476411874026053,0.00033979241244277286
1660869512730228,-0.983962767986572,-0.1072404058899825,0.0416876478217744,-0.0205876527164317,0.0304820125730093,0.0040404374330215,0.0063143366693913,0.0678317054797786,-0.5507083379741097,0.003908948845204536,0.009180025435607475,0.002892471941630975,0.0030524371126037717
1660869512746208,-0.9881132219424736,-0.1073624780651561,0.0475471122301058,-0.0199480940447014,0.0309299409765368,0.0048481411465356,0.0063039993697998,0.0676757627596846,-0.5506130446529531,0.004049731684210023,0.00452661433173529,0.0024933597898116333,0.008020711368841651
1660869512762188,-0.9933623254749372,-0.1082169832913711,0.0481574731059737,-0.0194233446919475,0.0313603181815467,0.0056224422058793,0.0062922106830121,0.0675322265646404,-0.5505084210494997,0.004168813646939314,-0.000650240280655412,0.0014749691072369758,0.007767965020238597
1660869512778167,-0.9978789959563592,-0.1077286945906768,0.0437628747997251,-0.0190463365606593,0.0317147579737816,0.0063468116479276,0.0062787095485899,0.0673996137265391,-0.5503967651868753,0.004215364519029171,-0.00465021968586965,0.0017669320271381517,0.0030360300425909953
1660869512794147,-1.001907377737087,-0.1115129320210575,0.0402227817196916,-0.0188221388363308,0.0319361657975837,0.0069999052248106,0.0062625868053649,0.0672759548915398,-0.550280649813814,0.004183729491992973,-0.007810741319937753,-0.0018155748629182927,-0.0004536567336982586
1660869512810127,-0.9961699855039292,-0.1106584267948425,0.0381475547417409,-0.0187296093043478,0.0319953529197837,0.0075630110038549,0.0062424960912507,0.0671590183175771,-0.5501624751067969,0.004142664022714391,-0.001866014178101949,-0.0008649626730329596,-0.0022759953404840674
1660869512826107,-0.9939726863508048,-0.1133440146486611,0.0357061112382695,-0.018730938662696,0.0319056114245229,0.0080411419081358,0.0062170359024542,0.0670458570163112,-0.5500442380059911,0.004059780809475229,0.0002981564775201839,-0.003195495474166407,-0.004245694959559919
1660869512842086,-0.9905546654459448,-0.121034561684596,0.0410772869459066,-0.0187821572426757,0.0317140655583955,0.0084681227870242,0.0061850679842282,0.0669332845782939,-0.5499273732744542,0.004013060110620062,0.003344559644142042,-0.009797438259091185,0.0010129326732694621
1660869512858066,-0.994216830701152,-0.122743572137026,0.0454718852521551,-0.0188409795203267,0.0314912863242931,0.0088839530426727,0.0061459740795362,0.066819527090232,-0.5498125733325997,0.004020682901468374,-0.0002858450499586551,-0.010355803840369063,0.004866777881566163
1660869512874046,-0.9978789959563592,-0.1138323033493553,0.0431525139238573,-0.0188718893366961,0.0313190178345342,0.0093094460226392,0.0060999477446755,0.0667052384809673,-0.5496997378152201,0.004042430427970477,-0.003553209274649305,-0.0013000815474285277,0.002292665897941526
1660869512890026,-0.9977569237811856,-0.1096818493934539,0.0407110704203859,-0.0188490616879466,0.0312637384438603,0.0097418898428064,0.0060481368464353,0.0665924850121303,-0.5495881914146915,0.004051618069223839,-0.0030880233895281828,0.002565335167625582,-0.0001338998449768869
1660869512906005,-0.9949492637521936,-0.1083390554665447,0.0387579156176087,-0.018757692586679,0.0313557748286354,0.0101649844486464,0.0059924358935593,0.0664835092009159,-0.5494769440866824,0.004044437980517685,-0.0002523270244826348,0.003517316185081304,-0.0018783491829786822
1660869512921985,-0.9904325932707714,-0.1109025711451896,0.0374151216906994,-0.0185939086048843,0.031588715314688,0.0105617518541449,0.0059350382930717,0.0663805406562296,-0.5493648420188342,0.004011467421608784,0.0038379091112457075,0.0008584204557927494,-0.002899028798899181
1660869512937965,-0.9904325932707714,-0.1098039215686275,0.038391699092088,-0.0183627436157854,0.0319247266929422,0.0109271207388641,0.0058779194316854,0.0662847706755592,-0.5492508274745662,0.004001945281587997,0.0034541182001212034,0.0017613630291193616,-0.001730206257759527
1660869512953945,-0.9951934081025406,-0.1101701380941482,0.0359502555886166,-0.0180742543112959,0.0323012434343436,0.0112701837844634,0.0058223435447729,0.0661950921550852,-0.549134197991745,0.003953377123716442,-0.0011760269684832902,0.0012556318532387922,-0.0037544847851078353
1660869512969940,-0.9966582742046236,-0.1170061799038682,0.0364385442893109,-0.0177397571115776,0.0326443232956861,0.0116046592260181,0.0057685385057745,0.0661092634679511,-0.5490145124127319,0.0038751605007415744,-0.002376803763509572,-0.005022368960833093,-0.0029395764759721846
1660869512985920,-0.995925841153582,-0.1215228503852903,0.0374151216906994,-0.017371230312457,0.0328861756650778,0.01194477076695,0.0057156391061813,0.066025710048675,-0.5488913883759161,0.003795378160040167,-0.0014799336412211206,-0.008585135498029667,-0.0017666991671253102
1660869513001899,-0.9951934081025406,-0.1126115815976196,0.039246204318303,-0.0169841325207122,0.0329838987468608,0.0123090884800205,0.0056618825862188,0.065943511089782,-0.5487645564429526,0.003797106938036358,-0.000672750531161781,0.00029351996067693287,5.794511443046185e-05
1660869513017879,-0.9958037689784084,-0.101136797131304,0.0448615243762873,-0.0165997129120404,0.0329280875104826,0.0127150823381786,0.005604999940729,0.0658622908481917,-0.5486339788119933,0.003935380639535181,-0.0011548002663265278,0.01059147398429329,0.005105938655173288
1660869513033859,-0.9910429541466392,-0.1016250858319983,0.0404669260700387,-0.0162452511555817,0.0327433556685114,0.0131715723208705,0.0055427224083109,0.0657827996502545,-0.5484998981501603,0.004008068036269115,0.003245413108898365,0.009092866755239085,0.0006402063140322142
1660869513049839,-0.985427634088655,-0.1323872739757381,0.0250858319981688,-0.0159542204215111,0.0325040719591237,0.0136926150728471,0.0054733752563765,0.0657070300247018,-0.5483629595786783,0.003702926163487741,0.00797465985019441,-0.019502389249650642,-0.013266798982053914
1660869513065818,-0.989089799343862,-0.1344625009536888,0.0271610589761195,-0.0157618847283455,0.03233095551914,0.0143105695095772,0.0053964492623801,0.0656383173133422,-0.54822432918362,0.0034549031858891466,0.003881245135488709,-0.01941985460484122,-0.010072414803692892
1660869513081798,-0.9973907072556648,-0.1065079728389411,0.0374151216906994,-0.0156915128423517,0.0323246419309589,0.0150464978348076,0.0053127545973191,0.065580884438037,-0.5480856863525952,0.0034887062906166035,-0.003977696498682737,0.007681206158915835,0.00016348311979830915
1660869513097778,-1.002517738612955,-0.1383688105592431,0.0601205462729836,-0.0157426003248279,0.0325143240840059,0.0158669751032178,0.0052240499120148,0.0655377942980657,-0.547949085812436,0.003688441487244235,-0.008194255070375522,-0.021761668405247556,0.02058201693187426
1660869513113758,-1.005813687342641,-0.1156633859769589,0.0513313496604865,-0.0158934260824049,0.0328786985355455,0.0166944776243613,0.0051325920346103,0.0655099307204166,-0.5478165787500987,0.0038461577131516213,-0.010341183420055633,0.0008493805593329934,0.010613538287439446
1660869513129737,-0.9992217898832684,-0.090882734416724,0.0234988937209124,-0.016110728851813,0.0333497419365382,0.0174623085497421,0.005040595752329,0.0654973215586656,-0.5476897157322863,0.003708920560631019,-0.0033743573646146663,0.023067028907611115,-0.015497025886921187
1660869513145717,-0.9889677271686884,-0.0774547951476312,0.0170290684367131,-0.0163562789895877,0.0337848962627586,0.0181450651993035,0.0049491854589113,0.0654995698965922,-0.5475693480659108,0.0036391355977297038,0.006191734814968708,0.03284547135903351,-0.01977016605400844
1660869513161697,-0.9879911497673,-0.1004043640802625,0.0271610589761195,-0.0165919595217237,0.0340150113104739,0.0187458722058849,0.0048574153222804,0.0655148210356186,-0.5474557235799582,0.003598911903320369,0.006451480994721481,0.008906312183762005,-0.00867435796314183
1660869513177677,-0.9961699855039292,-0.1376363775082017,0.0458381017776758,-0.0167850959342743,0.0339505964734539,0.019276302698272,0.0047624889148076,0.0655398753338767,-0.547348573820428,0.0035287330372481855,-0.00155461926771705,-0.025493131119759482,0.009002416354573023
1660869513193657,-1.003738460364691,-0.154604409857328,0.0492561226825358,-0.0169105814250116,0.0336272464083363,0.019742831881622,0.0046611640126842,0.0655710803264571,-0.5472472118024253,0.0034811532908029315,-0.008210784715631081,-0.03821504712199722,0.011178393533489726
1660869513209636,-1.002273594262608,-0.1325093461509117,0.0396124208438237,-0.0169496926130712,0.0331615671129508,0.020132102296254,0.0045512798355555,0.0656048860595996,-0.5471506548438841,0.003448807923195107,-0.006071326752193129,-0.014507985074022817,0.0013812225252998606
1660869513225616,-0.9961699855039292,-0.1056534676127261,0.0264286259250781,-0.0168909219596397,0.03267158480547,0.0204107292367704,0.0044324873304667,0.0656390062412906,-0.5470575998636668,0.00332172294389714,2.905380583706485e-05,0.011113104117746492,-0.010622315154101163
1660869513241596,-0.992507820248722,-0.1018692301823454,0.0265506981002516,-0.0167364357421882,0.0322294887927442,0.0205517511458647,0.0043059957861763,0.0656734893128613,-0.5469664294383865,0.003239138069310732,0.003322097154939807,0.01340760739331448,-0.009450218681034902
1660869513257576,-0.9912870984969864,-0.1101701380941482,0.0300907911802852,-0.0165089769400338,0.0318719259260736,0.0205584487164725,0.00417386245406,0.065709773438944,-0.5468755914028863,0.0031864333595662316,0.004088537016007865,0.00459602953336051,-0.005319113040901175
1660869513273555,-0.9945830472266728,-0.1105363546196689,0.0292362859540702,-0.0162494302836934,0.0316134422887266,0.0204584007696852,0.0040383752197346,0.065748525649125,-0.5467841854725358,0.0031264324022998963,0.0007133294576893157,0.003806831707055827,-0.005556256440404556
1660869513289520,-0.9922636758983748,-0.1182269016556039,0.0249637598229952,-0.0160046247330509,0.031436846174593,0.0202841405382023,0.0039015628156787,0.0657887359172916,-0.5466922620454726,0.0029774579079634156,0.002729430707388625,-0.003495343795991257,-0.0088459043143316
1660869513305500,-0.9916533150225072,-0.130434119172961,0.0231326771953916,-0.0158138706172877,0.0313057818953957,0.0200650895704814,0.0037648349924936,0.065828987436673,-0.5466006337887017,0.0027590059051689816,0.0030058124249305873,-0.014132305182013527,-0.009609288247741678
1660869513321479,-1.000198367284657,-0.1155413138017853,0.0292362859540702,-0.0156973698244439,0.0311826002318534,0.019826110093529,0.0036288716032563,0.0658692051481417,-0.546510437273749,0.002708395065283701,-0.004985315853497374,0.0006844501702459455,-0.0031551115401567686
1660869513337459,-0.9990997177080948,-0.0979629205767911,0.0269169146257723,-0.015646546818045,0.0310110460058099,0.0195753748202489,0.0034935697810336,0.0659103836210581,-0.5464227559458485,0.00273245460327724,-0.003497999649241579,0.01643655905571613,-0.004927034581609199
1660869513353439,-0.99653620202945,-0.1343404287785153,0.038391699092088,-0.0156234487244715,0.03072371047887,0.0192881697444073,0.0033580360229767,0.0659527420738515,-0.5463383204690703,0.0027110204633984535,-0.0008410355735370967,-0.017946854231407267,0.005892974896235852
1660869513369419,-1.000320439459831,-0.127016098268101,0.0348516060120545,-0.0155731102576046,0.030289469997364,0.0189138634917713,0.0032209954014742,0.0659948498344197,-0.5462572052439216,0.0026957519957368403,-0.0041627457035263715,-0.009560271348893687,0.002117593634582117
1660869513385398,-0.9995880064087892,-0.1139543755245289,0.0202029449912259,-0.0154402047719963,0.0297057364703534,0.0184057302870237,0.0030813285394063,0.0660337822450847,-0.5461786832169485,0.0025368827437436403,-0.0030872813872360183,0.0031513062552105675,-0.011277960647621835
1660869513401378,-0.9905546654459448,-0.1062638284885939,0.0153200579842831,-0.0151830493564663,0.0289463099275057,0.0177427578678642,0.0029379870837354,0.0660650807852453,-0.54610136335403,0.0023750763671075378,0.005351453618047564,0.009757667962031008,-0.014544762889108174
1660869513417358,-0.9892118715190356,-0.1209124895094225,0.0164187075608452,-0.0147866223906268,0.0279695630536279,0.016935838983099,0.002789492593364,0.0660833607806047,-0.546023469182813,0.0021757112590562425,0.006024822790461237,-0.004401893752917843,-0.012101501981291465
1660869513433338,-0.9943389028763256,-0.1303120469977874,0.0225223163195238,-0.0142718167527172,0.0267700467644772,0.0160291813941743,0.0026338192187903,0.0660841750208174,-0.5459431807325891,0.0020246897649794974,0.0008080122898539432,-0.01242130611715446,-0.005398103900351579
1660869513449318,-0.997634851606012,-0.1290913252460517,0.0249637598229952,-0.0136931884508018,0.0253897414504011,0.015086375370679,0.0024687619049567,0.066065438322262,-0.5458591047297117,0.001933410907191516,-0.002239142795849136,-0.010080525928876899,-0.002660994357192161
1660869513465297,-0.9955596246280614,-0.1248187991149767,0.0244754711223009,-0.0131255854167894,0.0238893675527423,0.01415904015964,0.0022923649018135,0.0660271512466135,-0.5457707768680619,0.0018691306276601483,-0.00014752423610875365,-0.005227199818021694,-0.0028343547520978153
1660869513481277,-0.9904325932707714,-0.1220111390859846,0.0219119554436559,-0.0126475417617434,0.0223234974222044,0.0132663729224698,0.0021031863193608,0.0659704111904653,-0.5456789407854693,0.0017938827566348833,0.004481556409063114,-0.0021775858101266282,-0.004858083387668535
1660869513497257,-0.9905546654459448,-0.1214007782101167,0.0259403372243838,-0.0123261832459459,0.0207366123472727,0.012397393231298,0.0019004358154006,0.0658965479051246,-0.5455855298344489,0.0017869270972273076,0.003923535810500645,-0.0014105024408328642,-0.0007467314462465714
1660869513513237,-0.9950713359273672,-0.1250629434653239,0.0272831311512931,-0.0122037703752263,0.0191705918124526,0.0115199824309885,0.0016840917905419,0.0658059384179497,-0.5454934695956484,0.001780547802740621,-0.0005338212038296097,-0.00456540092643605,0.0005364562325964571
1660869513529216,-0.9987335011825742,-0.1232318608377203,0.0214236667429617,-0.0122868773554912,0.0176641563163903,0.0105893465522317,0.0014549966878366,0.0656977285336971,-0.5454061961131976,0.0016906278584573999,-0.003776387813132942,-0.0024608864689491944,-0.00479070735816145
1660869513545196,-1.005325398641947,-0.120180056458381,0.0211795223926145,-0.0125420565026217,0.0162429728672876,0.00956047727729,0.0012147962796932,0.0655718234385292,-0.5453267954764326,0.0016068463459247737,-0.009331456745255262,0.0005318261193510837,-0.004531366537657788
1660869513561176,-1.005813687342641,-0.1198138399328603,0.0231326771953916,-0.0129016508967232,0.0149179905998679,0.0084062902319433,0.0009656765612818,0.0654296319087299,-0.5452573232333913,0.0015717638107355398,-0.008837770901354403,0.0008082383803846016,-0.0023203905613926185
1660869513577156,-1.002029449912261,-0.1216449225604639,0.0226443884946974,-0.0132787719161897,0.0136964075201495,0.0071338408240486,0.0007100277349865,0.065270876359122,-0.5451987904131409,0.0015341777314548679,-0.0045481801238769215,-0.0009205598224970996,-0.0025278113358781357
1660869513593135,-0.997634851606012,-0.1187151903562982,0.0193484397650109,-0.0135853793673554,0.0125931258515803,0.0057823879308551,0.0004502064462868,0.0650917607138187,-0.5451512749706956,0.0014574893534350705,-0.00013822363586502018,0.0018082551435017469,-0.005241384059008172
1660869513609100,-0.9961699855039292,-0.1192034790569925,0.0198367284657052,-0.013747870198391,0.0116347032063229,0.0044038593703209,0.0001884906424858,0.0648885022078238,-0.5451136545023553,0.0013930044572082853,0.0011939782195958815,0.0011879697985267001,-0.004277785822482484
1660869513625080,-0.9961699855039292,-0.1170061799038682,0.0234988937209124,-0.0137181535346749,0.0108555731133833,0.0030499603902118,-7.283468133166787e-05,0.0646610811762069,-0.5450834991942518,0.001394523735247467,0.0010745803976361934,0.0030467420564859043,-0.00055405851054776
1660869513641060,-0.9954375524528878,-0.1177386129549096,0.0259403372243838,-0.0134782709881465,0.0102860024814851,0.0017731277712009,-0.0003314536061647,0.0644127320754939,-0.5450575791649587,0.0014277705314375902,0.0016263121038099237,0.002082878104900057,0.0016986464936312763
1660869513657039,-0.9933623254749372,-0.1161516746776532,0.0259403372243838,-0.0130369185980339,0.0099356739369148,0.0006262246888945,-0.0005851951888079,0.0641479646684097,-0.5450325429173891,0.0014644339160131575,0.0033313851735844446,0.00330283474394083,0.0015287818442681483
1660869513673019,-0.9926298924238957,-0.1128557259479668,0.0248416876478216,-0.0124203457955952,0.0097862315628713,-0.0003413979900295,-0.0008323577963582,0.0638718398350989,-0.545005331138508,0.0015016789019623444,0.0036574364021633166,0.005938905126264493,0.00038711904093535407
1660869513688999,-0.990798809796292,-0.1095597772182804,0.0266727702754252,-0.0116613298805403,0.0097965287806605,-0.0010882133036169,-0.0010720157793551,0.0635893626281761,-0.5449734077247094,0.00158656572531101,0.004939667126790281,0.008311368470355796,0.0019963815016850565
1660869513704979,-0.9905546654459448,-0.1091935606927597,0.0250858319981688,-0.0107884776974028,0.009909541050506,-0.0015906904956942,-0.0013041840441808,0.0633043977531418,-0.5449348677780022,0.0016550065777679672,0.004665430329423681,0.007809826496288835,0.00036849890198579344
1660869513720958,-0.9932402532997636,-0.1068741893644618,0.0293583581292438,-0.0098198228792001,0.0100619802617155,-0.0018534825669981,-0.0015297867865401,0.0630195207272403,-0.5448882886230493,0.0017888274578552544,0.0017818582280443307,0.009116278042128056,0.004176922529754715
1660869513736938,-0.99482719157702,-0.1093156328679332,0.033264667734798,-0.0087645044558899,0.010203237401978,-0.001906748366979,-0.0017503984361732,0.0627371788390942,-0.5448323945111203,0.0019378195805091864,0.00017542795570912872,0.006007351084791002,0.007274908921778022
1660869513752918,-0.9943389028763256,-0.1115129320210575,0.034119172961013,-0.007631119679305,0.0103090110413299,-0.0017942595127864,-0.0019678172962222,0.0624604267693622,-0.5447658796306661,0.0020663654475637167,0.0005973449907631379,0.003429046738500016,0.007316472733193722
1660869513768898,-0.9932402532997636,-0.1151750972762646,0.0314335851071945,-0.0064383992368207,0.0103784639278516,-0.0015636662214484,-0.0021836509958354,0.0621920187752251,-0.544687601985695,0.0021239388818169724,0.0015263951105926044,-0.00020980666503638,0.004167796391437703
1660869513784877,-0.9881132219424736,-0.1135881589990082,0.0305790798809795,-0.0052244948575849,0.0104303772457894,-0.0012622688704958,-0.0023990041164699,0.0619332995082867,-0.5445969693856573,0.0021880022667071244,0.005988083821094392,0.0012394184509980088,0.0029819620487004303
1660869513800857,-0.9846952010376137,-0.1139543755245289,0.0330205233844509,-0.0040509286703588,0.0105069716027704,-0.0009356337976786,-0.0026141883808344,0.0616847867528358,-0.5444942345655334,0.002285735278910912,0.008465494253358852,0.0007858817329295803,0.004881064996954648
1660869513816837,-0.985671778439002,-0.1115129320210575,0.0354619668879223,-0.002997427799975,0.010669846415746,-0.0006249020685759,-0.0028284507101379,0.0614472929221187,-0.5443807197049747,0.002421985853925482,0.006740025166773411,0.0029045927127608756,0.006590257650383447
1660869513832817,-0.9875028610666056,-0.1094377050431068,0.0357061112382695,-0.0021471860770097,0.0109788346134891,-0.0003619427788922,-0.0030399059445011,0.0612214498640338,-0.5442590662021796,0.0025569745860876676,0.004418048285252829,0.0044818377216404165,0.006150961800657578
1660869513848796,-0.9954375524528878,-0.1058976119630732,0.037537193865873,-0.0015668795183229,0.0114664363455439,-0.0001645163277581,-0.0032458318006891,0.0610068584694585,-0.5441332373064908,0.0026975544005267884,-0.003164978790926365,0.007219737721506636,0.007183839985434971
1660869513864776,-1.000564583810178,-0.1012588693064775,0.0343633173113602,-0.0012887607661758,0.0121243222081239,-2.974473920943342e-05,-0.0034432798416723,0.0608027810594518,-0.5440080247499207,0.0028104257130898355,-0.007462809133394921,0.010672632340292101,0.0036089670878299493
1660869513880756,-1.001174944686046,-0.105409323262379,0.0283817807278552,-0.0013013156130049,0.0129089471385758,7.480595326246064e-05,-0.0036298028247343,0.0606089443716184,-0.5438883331993102,0.0028169105878477273,-0.007265853008336709,0.005869960545951541,-0.002135312546107545
1660869513896736,-1.006912336919203,-0.1082169832913711,0.0283817807278552,-0.0015506970358071,0.0137622961120869,0.0002122211345247,-0.0038040395301507,0.0604254458548215,-0.5437785290982274,0.0027988884112895387,-0.011702920717344356,0.0027560704652635076,-0.0019217812914967929
1660869513912716,-1.002883955138476,-0.1017471580071718,0.034973678187228,-0.0019505963279438,0.0146312670432262,0.0004571737423395,-0.0039659498126145,0.0602532773295848,-0.5436818106236495,0.002927280587162846,-0.006907085042955674,0.008303306174516523,0.004203104551088407
1660869513928680,-0.99824521248188,-0.1004043640802625,0.0339971007858395,-0.0023971253069632,0.0154740011090283,0.0008626006321941,-0.0041166620981955,0.060094942764788,-0.5435997333582222,0.0030494513258897656,-0.0020415081477237473,0.008681490091283245,0.0029038744347299195
1660869513944660,-0.9962920576791028,-0.1072404058899825,0.0403448538948652,-0.0027868995758039,0.0162659747890933,0.0014373056791155,-0.0042580120607231,0.0599535376232289,-0.5435321428504735,0.0031699774230553993,-7.951801045191775e-05,0.0016609034534069145,0.00832646478938006
1660869513960640,-0.9927519645990692,-0.1150530251010911,0.0411993591210801,-0.0030354258465643,0.0170140856171723,0.0021495969502266,-0.0043918665380113,0.0598315692413795,-0.543477423747343,0.003223867906876005,0.0031145175626234867,-0.005536544181931516,0.008262873014035464
1660869513976619,-0.9978789959563592,-0.1132219424734875,0.0419317921721216,-0.003090173044363,0.017755979741391,0.0029444584024257,-0.0045194377543704,0.0597307278148752,-0.5434329106700015,0.003299794534320332,-0.0018112624151997991,-0.003334915398895133,0.008095775458569265
1660869513992599,-0.9990997177080948,-0.1085831998168918,0.0394903486686502,-0.0029353964577208,0.0185333232948678,0.0037594497617848,-0.0046409195995482,0.0596517235458195,-0.5433954484574369,0.0033776242066967457,-0.0027287857502419355,0.0011734445319305231,0.005088898759588081
1660869514008579,-0.9987335011825742,-0.101136797131304,0.0374151216906994,-0.0025908093522629,0.0193656631323099,0.004538868588998,-0.0047556103269722,0.0595940495934578,-0.5433619887397888,0.003482358291908911,-0.0021263123022492447,0.0077578624957665016,0.0027123046034735546
1660869514024559,-0.9932402532997636,-0.0967421988250554,0.0326543068589302,-0.0021057747714719,0.0202451048453932,0.0052432575619364,-0.0048623478008091,0.0595560560827417,-0.5433300968745848,0.0035602642541790307,0.003030242022505125,0.010937214721813582,-0.001843659205466086
1660869514040538,-0.9910429541466392,-0.0988174258030061,0.0316777294575416,-0.0015487116756487,0.021143131892632,0.0058506210113319,-0.0049599772104597,0.0595353166808117,-0.5432983024172253,0.003608056147231937,0.00470478705806654,0.007975788969476594,-0.0025382129461692174
1660869514056518,-0.9905546654459448,-0.101991302357519,0.0346074616617073,-0.0009928813200805,0.0220200136262127,0.0063567202809519,-0.0050477124033702,0.0595296722219701,-0.5432661796476654,0.003659222456226578,0.0046737681828848965,0.0043217211734673106,0.00035236733219683875
1660869514072498,-0.9928740367742428,-0.1107804989700161,0.0342412451361866,-0.0005008953241205,0.0228363760285347,0.0067755226100452,-0.0051253548869533,0.0595381129352027,-0.543234220620801,0.0036203521708994693,0.002118957169128244,-0.004020727895126808,-1.2464273991472097e-05
1660869514088478,-0.9956816968032348,-0.1107804989700161,0.0353398947127487,-0.0001104829027724,0.0235644805030517,0.0071308958850752,-0.0051933231605227,0.0595599128300262,-0.5432036830312111,0.003596084097524115,-0.0006198325738774324,-0.003618655105614127,0.0009775667723135595
1660869514104457,-0.9980010681315328,-0.1113908598458839,0.0348516060120545,0.0001744179202232,0.0241951600184119,0.0074434642189702,-0.0052524701161939,0.0595934412153042,-0.5431762820758408,0.003562341568772945,-0.0026452835119579188,-0.003806114383333725,0.0004403502644574203
1660869514120437,-1.00337224383917,-0.1117570763714046,0.0381475547417409,0.0003836098565332,0.0247375958894323,0.0077239064138664,-0.0053037745928572,0.0596369292374476,-0.5431535656749323,0.0035662398691597443,-0.007214813297635514,-0.003755097817968983,0.0033626690947294383
1660869514136417,-0.9995880064087892,-0.1073624780651561,0.0353398947127487,0.0005715899186243,0.0252112167660697,0.0079729109465527,-0.0053480636295917,0.0596898205918415,-0.5431362839256855,0.0035776981327462305,-0.0030875182805293333,0.0005755504394515665,0.0004995081591635114
1660869514152397,-0.9943389028763256,-0.1068741893644618,0.0304570077058059,0.0008022212071667,0.0256360226284814,0.00818512522087,-0.0053858734830234,0.0597526757075623,-0.5431241204547707,0.003536060708993941,0.0019454267267406955,0.0009574552261312763,-0.003945040963001356
1660869514168377,-0.9901884489204242,-0.1039444571602961,0.0304570077058059,0.0011314131585453,0.0260293984818209,0.0083557573473635,-0.0054174419292501,0.059826434784541,-0.5431157634131776,0.003526816302377206,0.00548629261437783,0.0034984686872672893,-0.0035505368667012177
1660869514184356,-0.9943389028763256,-0.1089494163424125,0.032410162508583,0.0015933124215083,0.026406503834141,0.0084829240631044,-0.0054427557062845,0.0599118575939734,-0.5431092101003158,0.003496092811879551,0.0012022547926286986,-0.0013558414453642004,-0.0014376438575317077
1660869514200336,-0.997634851606012,-0.1113908598458839,0.0314335851071945,0.0021938581037844,0.0267748751535581,0.0085631489844622,-0.0054616240076549,0.0600086487353754,-0.5431022662070114,0.0034340614463848765,-0.0018843245433518563,-0.0034175564539520448,-0.0021727991330281887
1660869514216316,-0.9944609750514992,-0.1117570763714046,0.0308232242313266,0.0029119686478405,0.0271238106795731,0.0085860440123089,-0.0054738236137442,0.0601149009927915,-0.5430930333893028,0.0033698431906938335,0.0011605968100447672,-0.0034053956815254666,-0.0025048440080064835
1660869514232296,-0.9884794384679942,-0.1105363546196689,0.0287479972533759,0.0037065996421887,0.0274207789299736,0.0085315755265939,-0.0054793102369681,0.0602278772553409,-0.5430801594077043,0.003304091801843736,0.006427920054194791,-0.0019662065368107884,-0.004122063887361464
1660869514248291,-0.9916533150225072,-0.1121232928969254,0.0285038529030288,0.0045272727455364,0.0276232459362636,0.0083723956751486,-0.0054783712159737,0.0603451389549362,-0.5430629109345353,0.003227022618007499,0.002928639149713641,-0.0031978303326605506,-0.003929587413937709
1660869514264270,-0.9900663767452508,-0.1099259937438011,0.0272831311512931,0.0053258981639249,0.0276978003336188,0.00808312629024,-0.0054716102595125,0.0604646430542474,-0.5430412140480837,0.003166278034043424,0.004064019684273057,-0.000900478061582638,-0.004635278249106065
1660869514280250,-0.9932402532997636,-0.1100480659189746,0.0261844815747309,0.0060684520687714,0.0276301215546362,0.0076485564094923,-0.0054598005840829,0.060584307788524,-0.5430155974105177,0.003094355936306886,0.0008011288167841801,-0.000920295213080527,-0.005160535043101443
1660869514296230,-0.9962920576791028,-0.1106584267948425,0.0263065537499045,0.006744026897367,0.0274215402425477,0.0070630704999583,-0.0054437233414407,0.0607019192032523,-0.5429869385121044,0.0030209379854953845,-0.002025608006299473,-0.0013775904800535782,-0.0045346165811350585
1660869514312210,-1.000808728160525,-0.1159075303273061,0.0258182650492102,0.0073673955125406,0.0270825220028315,0.0063254298057652,-0.0054240518616823,0.0608151299916607,-0.5429560965466019,0.0028962708586806295,-0.005888050638949371,-0.005964024611265453,-0.004520614753646426
1660869514328189,-0.9980010681315328,-0.1215228503852903,0.0225223163195238,0.0079730452759514,0.0266304155329224,0.0054356785646401,-0.00540126338107,0.0609212892973918,-0.542923581300282,0.002701958374085514,-0.0027723515489616046,-0.01042141020232469,-0.007034907134999543
1660869514344169,-0.9917753871976808,-0.119325551232166,0.0197146562905317,0.0086019517580873,0.0260904479084098,0.004398772125826,-0.005375561589457,0.0610174145477644,-0.5428893585372027,0.0025221174397803184,0.003107996446401362,-0.007401699944280346,-0.008858310447592478
1660869514360149,-0.9927519645990692,-0.1192034790569925,0.0169069962615395,0.0092851083663347,0.0254984939318892,0.0032341684093036,-0.0053468259416669,0.0611007318304167,-0.5428528387354713,0.0023293432098270964,0.0019182771405116261,-0.006551664992196157,-0.01049937342892621
1660869514376129,-0.9936064698252842,-0.1162737468528268,0.0216678110933088,0.0100300685887316,0.0249001658039258,0.0019797495678344,-0.0053146021039469,0.0611698917753936,-0.5428130382514025,0.002234674017646015,0.0009573947228670443,-0.0032597395092274217,-0.005164702737441219
1660869514392109,-0.99482719157702,-0.1115129320210575,0.0215457389181352,0.0108154297380532,0.0243379985863256,0.0006847367605604,-0.0052781747971165,0.0612256030348279,-0.5427689519537945,0.0021888682022187327,-0.0002369943259818985,0.001350967790287691,-0.004758097421353337
1660869514408088,-0.9964141298542764,-0.1113908598458839,0.0183718623636224,0.0115933462684087,0.0238350352652154,-0.0005970885445902,-0.0052367876644591,0.0612692119709155,-0.542720165005909,0.0021137830163811544,-0.0016415393429144443,0.0013257359689151649,-0.007138776578279528
1660869514424068,-0.99311818112459,-0.1132219424734875,0.0170290684367131,0.0122984709790275,0.0233937704089481,-0.0018116305907827,-0.005189940081818,0.0613009269260663,-0.5426673964809811,0.002023683081132042,0.001488968448094652,-0.0004548119928196037,-0.007633413454669943
1660869514440048,-0.9901884489204242,-0.1170061799038682,0.0181277180132752,0.0128628209747366,0.0230086793172461,-0.0029163834838787,-0.0051375399060137,0.0613204857529357,-0.5426125592824481,0.0019252136459284553,0.003976830587034352,-0.0038151444808802865,-0.005881287490297059
1660869514456028,-0.9922636758983748,-0.117616540779736,0.0205691615167467,0.0132335708603232,0.0226751843234577,-0.003892603736767,-0.0050798110315372,0.0613289672976245,-0.5425584169286013,0.0018517309595319803,0.0017114432481754038,-0.003982954821073276,-0.0030958595881430025
1660869514472007,-0.9967803463797972,-0.1172503242542153,0.0236209658960859,0.0133878210449976,0.0223920783709561,-0.0047429923339531,-0.005017082650065,0.0613289602684603,-0.5425081696421685,0.001807993085514317,-0.00252470450992226,-0.003255064465997326,-3.964968792342233e-05
1660869514487987,-1.004837109941253,-0.1179827573052568,0.0245975432974745,0.0133401729013791,0.0221623059611964,-0.0054826668197084,-0.0049496017036362,0.0613236272923162,-0.542465001055041,0.001757726855638997,-0.00952332126424027,-0.0035887477653349376,0.0008432349421186591
1660869514503967,-1.009109636072328,-0.1166399633783475,0.0215457389181352,0.0131415003965268,0.0219864280943624,-0.0061357951908365,-0.0048774347711986,0.0613158544628234,-0.5424315710453418,0.0017037744571452786,-0.012416262655783772,-0.0020213584545830804,-0.0019877124934985745
1660869514519947,-1.002883955138476,-0.1135881589990082,0.0230106050202181,0.0128682857062472,0.0218475621329008,-0.0067339523604095,-0.0048005395920557,0.0613073222580154,-0.5424096063123947,0.0017116225009812071,-0.005571523549738666,0.0009274013322806002,-0.0004705617522741089
1660869514535926,-0.9983672846570536,-0.1095597772182804,0.0241092545967802,0.0126042873182706,0.0217063439705067,-0.007311664607202,-0.004719000219204,0.0612983400937628,-0.5423996294482748,0.0017678772576507405,-0.0009493677614845764,0.004460204801707557,0.0005652790418591881
1660869514551906,-0.9966582742046236,-0.1099259937438011,0.0209353780422674,0.0124197717628643,0.0215187507148795,-0.0079001129109128,-0.0046332166179085,0.0612888363914256,-0.5424008814851407,0.001782137742285648,0.0006836784218509084,0.0036845894485681707,-0.00234773776138825
1660869514567901,-0.9949492637521936,-0.1116350041962311,0.0222781719691767,0.0123552478568175,0.0212585631770263,-0.0085182006213648,-0.0045438761062315,0.061278870673634,-0.5424116273559269,0.0017908995702948709,0.0021534199868528114,0.0017780210965243626,-0.0009044494510310544
1660869514583881,-0.997634851606012,-0.1189593347066453,0.018493934538796,0.0124150794057441,0.0209221087606992,-0.00916500566207,-0.0044518022610551,0.0612683227127726,-0.5424297635572299,0.0016869528305761535,-0.0004789510802689634,-0.004991678472500843,-0.004219818193270577
1660869514599861,-0.99482719157702,-0.122743572137026,0.0197146562905317,0.0125717926100934,0.0205224309879282,-0.0098224291795744,-0.0043578309717651,0.0612569779027341,-0.5424533996531781,0.0015648366222830554,0.002095838053850718,-0.007898324312593394,-0.0026991867973813893
1660869514615841,-0.997634851606012,-0.1205462729839017,0.0211795223926145,0.0127776177951252,0.0200879488545009,-0.0104665521564217,-0.0042626801564343,0.0612448801109047,-0.5424812674512688,0.0014955296047362038,-0.0006406397776270722,-0.00513092264352219,-0.0011108886257687328
1660869514631820,-0.9986114290074006,-0.1171282520790418,0.0205691615167467,0.012978467517998,0.019661241369566,-0.0110741603179899,-0.0041667656450712,0.0612324139136052,-0.542512941892797,0.001461850988199785,-0.0014554954611142312,-0.0015416115647960554,-0.0015491245514728767
1660869514647800,-0.9960479133287556,-0.1130998702983139,0.0221560997940031,0.0131265169852081,0.0192928984206867,-0.0116184080629528,-0.0040700592960447,0.0612204378931371,-0.5425488385360044,0.001485985211000129,0.0009972181957776938,0.0022380931943386667,3.4032353205173255e-05
1660869514663780,-0.9978789959563592,-0.1118791485465782,0.0198367284657052,0.0131896186673156,0.0190357201554921,-0.0120644396065984,-0.0039720647131303,0.0612104397860135,-0.5425900341513787,0.0014986974932093954,-0.00075047798864325,0.0031129334514669454,-0.0020568050775834554
1660869514679760,-1.001785305561913,-0.1118791485465782,0.0233768215457388,0.0131569996731424,0.0189380683252213,-0.0123727351230547,-0.0038718832913914,0.06120466102807,-0.5426379651540877,0.001551001784988129,-0.004191108834777357,0.0028016401063202384,0.0013349592022051313
1660869514695739,-1.000686655985351,-0.1118791485465782,0.0239871824216066,0.0130404455941647,0.0190345615416621,-0.0125053698224559,-0.0037683523245681,0.0612063774129021,-0.5426940380561451,0.0016042345233181893,-0.0027832133323936192,0.002521476095688216,0.0017507880702656367
1660869514711719,-1.001052872510872,-0.1128557259479668,0.0237430380712595,0.0128711833130782,0.0193409578762085,-0.0124352760048396,-0.0036602209165597,0.0612196723824087,-0.5427592948824704,0.0016411481607687506,-0.0028344868721233984,0.0013904088248696406,0.0013559793479266807
1660869514727699,-0.9970244907301442,-0.1128557259479668,0.0252079041733424,0.0126942167625243,0.0198517080923485,-0.0121596637840778,-0.00354628755521,0.0612486059297101,-0.5428341968251914,0.0016807112037773243,0.0010745054177440094,0.0012513679423826751,0.0025387609050086246
1660869514743679,-0.9939726863508048,-0.1109025711451896,0.0259403372243838,0.0125611891076297,0.0205342653235385,-0.0117057905076431,-0.0034255173047018,0.0612969385713546,-0.5429184272050426,0.0017393786573672147,0.0037136788173750546,0.0028840704706438874,0.002944074560445025
1660869514759658,-0.99653620202945,-0.1095597772182804,0.0265506981002516,0.0125224422218737,0.0213285325715313,-0.0111247248493475,-0.0032972041346868,0.0613681468061601,-0.5430107789367529,0.001816985072956612,0.0010351468248568363,0.0038041779577977775,0.0031989918926815415
1660869514775638,-0.9987335011825742,-0.1107804989700161,0.0261844815747309,0.0126198697735465,0.0221564568797921,-0.0104845515254617,-0.0031611227681541,0.061464708592263,-0.5431092612376899,0.0018732745038243586,-0.0010459370954406522,0.0023251105854558696,0.0025494978304447594
1660869514791618,-0.9970244907301442,-0.1087052719920654,0.0260624093995574,0.0128813972194612,0.0229290133899962,-0.0098650333543965,-0.0030176142574911,0.0615873104327098,-0.5432113338637115,0.001942317928818647,0.0005967660212904402,0.0039603038070659125,0.002184683089744132
1660869514807598,-0.9971465629053178,-0.1111467154955368,0.029846646829938,0.013316654027596,0.0235447842965387,-0.0093473490880368,-0.0028676954846938,0.0617344575562359,-0.543314188611999,0.0020167467803260506,0.00042722446150522675,0.0013669742732350526,0.005372028468112262
1660869514823578,-0.995925841153582,-0.1101701380941482,0.0275272755016402,0.0139139502063553,0.023893052390984,-0.0090010320627772,-0.0027132504484158,0.0619022285710593,-0.5434150923463713,0.002069900369185941,0.0014831515919169203,0.002109196507161279,0.002747391425833013
1660869514839557,-0.99311818112459,-0.1100480659189746,0.0230106050202181,0.0146397001348353,0.0238719727203379,-0.008872305063595,-0.0025571732266402,0.0620849222019559,-0.5435116856240538,0.002072471183354092,0.0038617304588178802,0.0020081418141013885,-0.0015923511500301746
1660869514855537,-0.9884794384679942,-0.1139543755245289,0.0188601510643167,0.0154420587929321,0.0234168516121727,-0.0089771272994181,-0.0024032637031832,0.0622764284414585,-0.5436022096420445,0.001996053756451208,0.007650425803872318,-0.001708351012307624,-0.005168524595338418
1660869514871517,-0.985427634088655,-0.1204242008087282,0.0162966353856717,0.0162595816981977,0.0225268774795337,-0.0093017450647006,-0.002255767880609,0.0624706381437833,-0.5436857760330269,0.0018454529565847123,0.009632007164890433,-0.007360358666856234,-0.006958836246585078
1660869514887481,-0.990798809796292,-0.1264057373922332,0.0165407797360188,0.01703273509219,0.0212807053871523,-0.0098051278012247,-0.0021186131210493,0.0626615041906179,-0.5437625327427673,0.0016497734888983621,0.00383474831152808,-0.012007705725325113,-0.006043222706614181
1660869514903461,-0.9972686350804914,-0.1305561913481346,0.015930418860151,0.0177152279043504,0.0198296033921021,-0.0104233497088943,-0.0019945555880286,0.0628445896165758,-0.5438334745674923,0.0014161756412096463,-0.0023715692754041617,-0.014542343713103853,-0.005988225224233784
1660869514919441,-0.9998321507591365,-0.1322652018005646,0.0187380788891431,0.018283298941102,0.0183591500703311,-0.0110888739241776,-0.0018845457461949,0.0630183230340097,-0.5439000827261439,0.0012254455603076403,-0.004441576458644403,-0.014626218748980485,-0.002862508675717513
1660869514935421,-0.9988555733577478,-0.1265278095674067,0.0183718623636224,0.0187390825765024,0.0170334842116331,-0.0117588864069325,-0.0017875548084256,0.063182774486092,-0.5439640678646686,0.001111235696141168,-0.003118499151530174,-0.007999943864240314,-0.0029058526811143945
1660869514951400,-1.000198367284657,-0.1215228503852903,0.0205691615167467,0.0191037413722935,0.0159555732213389,-0.0124271268565779,-0.0017009018254575,0.0633383234401555,-0.5440270777206666,0.0010758812417383308,-0.00401516377059552,-0.0026954862139115243,-0.0006376981751910829
1660869514967380,-0.9945830472266728,-0.1124895094224461,0.0231326771953916,0.0194031294752366,0.0151581650297362,-0.0131138728221195,-0.0016209112881743,0.0634860412966593,-0.5440903524583993,0.0011479988439096432,0.0014401406586498355,0.005704069274039422,0.0017332357531084364
1660869514983360,-0.9945830472266728,-0.1102922102693218,0.0183718623636224,0.0196544264188012,0.014611125979455,-0.0138475450390837,-0.0015436961090686,0.063627564171073,-0.544154681981444,0.0011803991404724567,0.0012961265927848853,0.007111231584447333,-0.0027248211707946897
1660869514999340,-0.9922636758983748,-0.1124895094224461,0.0173952849622338,0.019859815043303,0.0142338998871078,-0.0146460054929837,-0.0014659518095905,0.0637639419236589,-0.5442206778485968,0.0011914531617267293,0.0032539481289746153,0.004422539188190744,-0.003331258714964959
1660869515015319,-0.9926298924238957,-0.1157854581521325,0.0158083466849774,0.0200089733672708,0.0139154067239971,-0.0155056897781671,-0.0013856448711958,0.0638953242290926,-0.5442890178646839,0.001158511320716098,0.0025989584431084234,0.0010139314126539206,-0.004426377292999224
1660869515031299,-0.9971465629053178,-0.117616540779736,0.0172732127870602,0.0200884971115093,0.0135412769777544,-0.0164035908644818,-0.00130241021622,0.0640211356107562,-0.5443605677500843,0.0011168238842358068,-0.001725940834482298,-0.000735436093454625,-0.002665360071824781
1660869515047279,-1.001541161211566,-0.1188372625314718,0.0191042954146638,0.0200925391127884,0.0130256147960056,-0.0173022316024691,-0.0012175123008287,0.0641400899055926,-0.5444363827520347,0.0010788947460745708,-0.005508485226657367,-0.0017605420606713745,-0.0007508496997990638
1660869515063259,-1.004715037766079,-0.120180056458381,0.0158083466849774,0.0200292429052369,0.0123412300232363,-0.0181516292681375,-0.0011333491230608,0.06425104169842,-0.5445174988626806,0.001005366103431553,-0.00781412560305339,-0.0027930023888225047,-0.0036421185865369195
1660869515079239,-1.002273594262608,-0.122743572137026,0.0171511406118867,0.0199216749046455,0.0115319290880084,-0.0188958253507385,-0.0010526277698686,0.0643541589469999,-0.5446046405086687,0.0009344211712887552,-0.004835413889624163,-0.0048208662607207575,-0.0020693921936648547
1660869515095218,-0.99653620202945,-0.1264057373922332,0.0213015945677881,0.0198040782398649,0.0106983147990675,-0.0194859800348485,-0.000977474729615,0.0644509310198127,-0.5446980692391243,0.0008738855242774841,0.0008117805091804042,-0.0076347283643351666,0.0018729555860128935
1660869515111198,-0.9950713359273672,-0.1246967269398032,0.0239871824216066,0.0197147804478144,0.0099686976496976,-0.0198935132443175,-0.0009087411140355,0.0645436022236959,-0.5447975449959808,0.0008753641845193933,0.002048981950136919,-0.0053331461207146436,0.004102689095848253
1660869515127178,-0.9958037689784084,-0.1204242008087282,0.0259403372243838,0.019688394342859,0.0094664622757854,-0.0201180702055429,-0.0008456509377747,0.0646351452096751,-0.5449022981584537,0.0009420408884481109,0.0011848940091861992,-0.0009545579906756751,0.005450259508762909
1660869515143158,-0.99482719157702,-0.1128557259479668,0.0247196154726481,0.0197500031866995,0.0092797140851061,-0.0201879117433483,-0.000785852180662,0.0647293337828811,-0.5450110625301483,0.0010400148835789122,0.0019453242695171014,0.005952525183077151,0.0038065839813244892
1660869515159137,-0.9988555733577478,-0.1130998702983139,0.0232547493705652,0.019912874791097,0.0094405006942243,-0.0201569134118586,-0.0007258323694301,0.0648302386001107,-0.5451222182929812,0.001113595321078051,-0.0018747517600895547,0.005137542749457033,0.002107546091317431
1660869515175117,-0.99482719157702,-0.1069962615396354,0.0286259250782023,0.0201800698519425,0.0099109001070314,-0.0201027460149883,-0.0006615936530838,0.0649412450184695,-0.5452339837491355,0.001293538589040332,0.0019382670185743578,0.010117036357321987,0.006730849619059075
1660869515191097,-0.9922636758983748,-0.1027237354085604,0.0248416876478216,0.0205477970780976,0.0105749125136738,-0.0201190408480864,-0.0005895190016808,0.0650636953101706,-0.5453446089560865,0.0014584690741302614,0.004051604427497635,0.012950606239557294,0.0026519509698105376
1660869515207061,-0.9954375524528878,-0.1080949111161975,0.0249637598229952,0.0210071803735419,0.0112563762372109,-0.0202970371117241,-0.0005072752487569,0.0651955430375543,-0.5454525532020895,0.0015627518552165302,0.0007899550856862447,0.006821487478728183,0.0024966208304857233
1660869515223041,-0.9983672846570536,-0.1126115815976196,0.0263065537499045,0.021543937871589,0.0117676971032455,-0.0207068793294895,-0.0004144027621789,0.0653314973797344,-0.5455565379080191,0.001624981440208223,-0.001925799406631623,0.0020743352975754747,0.0034554732816555224
1660869515239021,-0.9970244907301442,-0.1171282520790418,0.0206912336919202,0.0221375917782634,0.0119568897233172,-0.0213836774910758,-0.0003123723690482,0.0654650523424628,-0.5456554581850926,0.0015781455981122195,-0.000524704931750053,-0.0021981016654620683,-0.0019438620986958997
1660869515255001,-0.9934843976501108,-0.1216449225604639,0.0175173571374074,0.0227610017547894,0.0117335153432093,-0.0223152772260097,-0.0002042415584447,0.0655900503134369,-0.5457484137833752,0.0014589957031260438,0.0027138493334550873,-0.006043294932195742,-0.004605964787887835
1660869515270980,-0.9892118715190356,-0.1228656443121996,0.0162966353856717,0.0233812981669573,0.0110827190681078,-0.0234389569076092,-9.409603812179304e-05,0.0657005804798455,-0.5458349636305295,0.0013340233804828552,0.006287737918077241,-0.0065376150155382895,-0.00524401788566118
1660869515286960,-0.992507820248722,-0.123598077363241,0.0126344701304645,0.0239640219083765,0.0100655748870119,-0.0246539185164137,1.364498838817268e-05,0.0657914350474414,-0.5459152743062644,0.0011761664177523646,0.0026926102695516985,-0.006543043259921721,-0.008015564826781544
1660869515302940,-0.9916533150225072,-0.1250629434653239,0.0160524910353245,0.0244799881505701,0.0088003125146053,-0.0258420723448139,0.0001149289350301,0.065859997110366,-0.5459899762241393,0.0010626534074477086,0.0031924039461898035,-0.007207118425804168,-0.004137789529729392
1660869515318920,-0.9947051194018464,-0.1257953765163653,0.0200808728160524,0.0249119370655317,0.0074382977158831,-0.0268912277882612,0.0002066494110217,0.065907185214299,-0.5460599663730964,0.0009939364084861695,0.00012653961016562132,-0.007145596329161008,-9.84669741013397e-05
1660869515334900,-0.9986114290074006,-0.1256733043411917,0.0237430380712595,0.0252583924165298,0.0061411669884958,-0.0277188805683616,0.000287088989056,0.0659365435391088,-0.5461262852983956,0.0009724816528284415,-0.0034017929958498616,-0.006321171738588663,0.003207328452995182
1660869515350879,-1.001541161211566,-0.1222552834363317,0.0254520485236895,0.0255329474463913,0.0050506246563875,-0.0282856449445236,0.0003561433401192,0.0659531554771451,-0.5461899347479393,0.0010034208245425157,-0.005698372680013608,-0.002612835750355799,0.0044247050148826655
1660869515366859,-0.9972686350804914,-0.1187151903562982,0.0234988937209124,0.0257584906051425,0.004258194722761,-0.028593611348972,0.0004151738883916,0.0659630280424188,-0.5462516535195163,0.0010394046744816065,-0.0012832618940451512,0.0008345315967099309,0.0022243951908950087
1660869515382839,-0.9910429541466392,-0.1173723964293889,0.0280155642023345,0.0259590832292044,0.0037909647161137,-0.0286835114139909,0.0004665343836584,0.0659721865864659,-0.5463118212210332,0.001147731741866581,0.004448177135826237,0.001959592971257307,0.006066959105085399
1660869515398819,-0.9936064698252842,-0.1141985198748761,0.0291142137788966,0.0261529665299526,0.0036140250539653,-0.0286337538592249,0.0005130005209572,0.065985473292527,-0.5463705155050712,0.001274699181499052,0.0016961953114631445,0.0046201225731930945,0.006449047813482749
1660869515414798,-0.9956816968032348,-0.1118791485465782,0.0331425955596245,0.0263476313482006,0.0036468339384097,-0.0285439394005447,0.0005572600935077,0.0660057269708266,-0.5464276427784821,0.00145165761465633,-0.0003411284998386943,0.006245544511341891,0.009429686634789589
1660869515430778,-0.9958037689784084,-0.1104142824444954,0.0283817807278552,0.0265382272077151,0.0037903787361914,-0.0285054003409622,0.0006015209149045,0.0660335137244589,-0.5464831140947056,0.0015608079249748634,-0.0004168806075109943,0.006939369552082214,0.004201984622718254
1660869515446758,-0.9933623254749372,-0.1133440146486611,0.0250858319981688,0.0267117216749584,0.0039486105382268,-0.0285833300820519,0.0006472660477949,0.0660672472561122,-0.5465370162093066,0.0016035202441298433,0.001822106606364171,0.003608673613124863,0.0008154323037286686
1660869515462738,-0.9955596246280614,-0.1173723964293889,0.0210574502174409,0.0268548234944851,0.0040370295012998,-0.0288112369448304,0.0006951232680324,0.0661039538032393,-0.546589642851374,0.0015602344308543697,-0.0003376732920840064,-0.0003777373508426357,-0.0028916545292993062
1660869515478717,-0.9954375524528878,-0.1211566338597696,0.0224002441443502,0.0269603038077462,0.0039949630885922,-0.0291839653449854,0.0007448288784934,0.066140677815308,-0.5466413557116871,0.001510923994773518,-0.00019404100521935863,-0.0037457773031010083,-0.0013939745421510073
1660869515494697,-0.9977569237811856,-0.1211566338597696,0.0272831311512931,0.0270299618669298,0.0038044535095756,-0.029658196457565,0.0007953814337002,0.0661754072734896,-0.5466924481403994,0.0015259612850990953,-0.002262071100165519,-0.0033711995727909033,0.0031400212183127045
1660869515510677,-1.002151522087434,-0.1172503242542153,0.0264286259250781,0.0270749383512946,0.0034953019427316,-0.0301675783056555,0.0008454237114749,0.0662069295572424,-0.5467431087909533,0.0015524228068764247,-0.005991002465772555,0.0004815990294870509,0.0020569643928879354
1660869515526672,-0.9977569237811856,-0.1173723964293889,0.0219119554436559,0.0271126348635713,0.0031308843029065,-0.0306385429153828,0.0008936851104004,0.0662348012265714,-0.546793364433245,0.0015224608277651286,-0.0014367637435718228,0.00032357416888210977,-0.0022137354796808416
1660869515542652,-0.9956816968032348,-0.1215228503852903,0.0249637598229952,0.0271612236142882,0.0027868082406375,-0.0310032058098264,0.000939292781098,0.0662598569497789,-0.5468429863695577,0.001509376590219818,0.0005746169109410726,-0.0034441918083173567,0.0007542620096926134
1660869515558632,-0.990798809796292,-0.1177386129549096,0.0258182650492102,0.027235101379384,0.0025278870922044,-0.0312155629127125,0.0009818917872036,0.0662838596491174,-0.546891534407963,0.0015365237055417473,0.004911753526095519,0.00030604105985701513,0.0014478905123168524
1660869515574611,-0.9920195315480278,-0.1172503242542153,0.0314335851071945,0.0273423966241143,0.0023918315423562,-0.0312629797764856,0.0010216035510153,0.0663083692109222,-0.5469385091644541,0.0016384460012911436,0.0033219285969237067,0.0007148967844961829,0.006356889513271045
1660869515590591,-0.9954375524528878,-0.1137102311741818,0.0320439459830623,0.0274840836019071,0.0023897344205145,-0.0311660979212063,0.001058920307332,0.0663347430438862,-0.5469833788054029,0.0017542557231621059,-8.648307714265169e-05,0.0038294908780767134,0.006270525350224959
1660869515606571,-0.997634851606012,-0.1107804989700161,0.0311894407568473,0.0276552364671429,0.0025103303641065,-0.0309719252600815,0.0010946044591044,0.0663649744351427,-0.5470255096136329,0.001862890679457018,-0.002055404007240136,0.006083300774018169,0.00487441811160896
1660869515622551,-0.9953154802777142,-0.1083390554665447,0.0263065537499045,0.0278474265223828,0.0027160183554678,-0.0307414220596588,0.0011295126237648,0.0664011496036497,-0.5470642487588453,0.0019197202961996577,0.00023757058895190752,0.007672269849740607,-7.622005800452664e-06
1660869515638530,-0.9967803463797972,-0.1139543755245289,0.0297245746547645,0.0280495809681066,0.0029476274404445,-0.0305326751461239,0.0011643081896768,0.0664438275279766,-0.5470991357462877,0.0019757023700834086,-0.0011045659618179604,0.0018512548125807493,0.0030693590091535917
1660869515654510,-0.994216830701152,-0.1187151903562982,0.0330205233844509,0.0282467811871115,0.0031457882507988,-0.0303853962300239,0.001199225626055,0.0664916630815639,-0.5471300072760978,0.002038080875452205,0.0013130547451444263,-0.002618604017269696,0.0057287769649559915
1660869515670490,-0.9929961089494164,-0.1207904173342489,0.0293583581292438,0.0284185754824538,0.0032715288399954,-0.03030759147671,0.0012340101779595,0.0665428218140169,-0.5471569535482241,0.002038217495073998,0.002280398847192111,-0.004224447895698355,0.0018599505387740072
1660869515686470,-0.9960479133287556,-0.1183489738307775,0.0234988937209124,0.0285386067258729,0.0033167371603548,-0.0302673584651377,0.0012679865523515,0.0665969840865727,-0.5471802521650744,0.001974437072061523,-0.0006942649789324351,-0.0016047039530042578,-0.003599562482601657
1660869515702449,-0.9980010681315328,-0.1120012207217518,0.0213015945677881,0.0285780072053869,0.0033017887849008,-0.0302027878687647,0.0013001904020049,0.0666563071693387,-0.5472004055963492,0.0019271417775294745,-0.0023826778035386242,0.0042687442404193005,-0.005217175472153359
1660869515718429,-0.9947051194018464,-0.1090714885175861,0.0225223163195238,0.0285133240672421,0.0032592265452732,-0.0300529445587065,0.0013295338014463,0.0667243869433718,-0.5472182868340444,0.0019292040363963557,0.0008219438335330675,0.006478628800126493,-0.003596808348375894
1660869515734409,-0.9922636758983748,-0.1187151903562982,0.0302128633554588,0.0283349919405503,0.0032202891225173,-0.0297877603104055,0.0013550078014363,0.0668048251522391,-0.547235136997923,0.001961053970699131,0.0029370486033041265,-0.0028485657347270543,0.0036843648188031944
1660869515750389,-0.9949492637521936,-0.1195696955825132,0.0327763790341038,0.0280518741639388,0.0032144030025837,-0.029413598718414,0.0013759299721393,0.066901062036775,-0.5472522695421159,0.0020155528957315977,0.00022631467453682053,-0.0033327638648478486,0.005623092447703374
1660869515766368,-0.9977569237811856,-0.1217669947356375,0.0285038529030288,0.0276918480449375,0.0032675123089538,-0.0289628615940543,0.0013921575778775,0.0670160367815548,-0.5472707571708427,0.0019955100688186407,-0.002323210819009658,-0.004977056716174946,0.0012155096849655392
1660869515782348,-1.002029449912261,-0.120180056458381,0.031555657282368,0.0272996400406586,0.0033911099833858,-0.0284912875018933,0.0014041608655555,0.0671508943793404,-0.5472912523587868,0.0020271704604317453,-0.005936163255076621,-0.0030511065950265953,0.0038405826578742606
1660869515798328,-1.003494316014343,-0.1090714885175861,0.0311894407568473,0.0269302621266329,0.0035664896305698,-0.0280769708671076,0.0014128965893124,0.067304251012968,-0.5473138008187827,0.002118962369335825,-0.006660926421442781,0.007251715211191487,0.0031269295191182073
1660869515814308,-0.9971465629053178,-0.1104142824444954,0.0271610589761195,0.0266363377216755,0.0037377847067856,-0.0277996561312643,0.0014194375059765,0.0674721952093688,-0.547337726791913,0.0021445857846780782,-0.0002818559811758048,0.005318029155853957,-0.0008113070354486343
1660869515830288,-0.9945830472266728,-0.1154192416266118,0.0260624093995574,0.0264527143415937,0.0038348213890598,-0.0277130346568747,0.001424518349299,0.0676488887288392,-0.5473617177953396,0.0021217278169246884,0.002053493727722233,0.0002817629763638002,-0.0017189609508096622
1660869515846252,-0.9947051194018464,-0.1146868085755703,0.0239871824216066,0.0263860148719614,0.0038101134971547,-0.0278345749839037,0.0014283449183109,0.0678285093086473,-0.5473840119794009,0.002080337882667301,0.0017382793972937627,0.0009127764246647657,-0.0034147691358844164
1660869515862232,-0.9921416037232014,-0.1098039215686275,0.0187380788891431,0.0264138225858919,0.0036478005017843,-0.0281434706450522,0.0014306724561862,0.0680069039641051,-0.5474027418870692,0.0020163404617413376,0.0038716155683449216,0.005216097088446808,-0.007797485401513121
1660869515878212,-0.98970016021973,-0.1166399633783475,0.0145876249332417,0.0264922215770993,0.0033569841529286,-0.0285774710362647,0.0014308788497604,0.068181263344881,-0.5474164723718986,0.0018658791757743796,0.005681753164634706,-0.001457950249145884,-0.01075314542167307
1660869515894191,-0.994216830701152,-0.128725108720531,0.0230106050202181,0.0265690907354633,0.0029865870608306,-0.0290485800975534,0.0014281446840295,0.0683499330875563,-0.5474245498780963,0.001735741442859807,0.0010485744148914788,-0.012188786032196433,-0.0020971488012270015
1660869515910171,-0.9940947585259784,-0.1310444800488288,0.0285038529030288,0.0266006152653892,0.0026355724109913,-0.0294780679530385,0.0014220098733542,0.0685133650971836,-0.5474270426375732,0.0016890678222181126,0.0010535819310585337,-0.013057341624444802,0.0030564891734253287
1660869515926151,-0.995925841153582,-0.122743572137026,0.0258182650492102,0.0265654916390536,0.002420038683885,-0.0298195097251411,0.0014130053690677,0.0686737957936492,-0.5474245312128752,0.0016675814668218377,-0.0006997506268905385,-0.0042807903413778076,0.0003338111876460513
1660869515942131,-1.000198367284657,-0.1095597772182804,0.0250858319981688,0.0264708121555093,0.0024234798263758,-0.0300614784207239,0.0014028153152906,0.0688336578496091,-0.5474178329874833,0.0017048866775252673,-0.0044750490821690025,0.008012704119630995,-0.0003587596770558109
1660869515958110,-1.002395666437781,-0.1023575188830397,0.0252079041733424,0.0263480612337616,0.0026706297398642,-0.0302266649378654,0.0013939207594568,0.0689950325015511,-0.5474075444432359,0.0018004836903858185,-0.006005113411763796,0.013693466209384525,-0.00021301875169399062
1660869515974090,-0.9953154802777142,-0.1069962615396354,0.0255741206988631,0.0262415282001397,0.0031243549572526,-0.0303678413377488,0.001389021045552,0.0691597384972694,-0.5473936179158444,0.0018731236106919707,0.0009675654734727646,0.008149251197509949,0.00013787799644403992
1660869515990070,-0.9933623254749372,-0.1126115815976196,0.0271610589761195,0.0261932768349753,0.003694594332162,-0.0305541129318694,0.0013904245027967,0.0693285805541381,-0.5473752729961385,0.0019155637861706818,0.002628648248624743,0.002280538025573181,0.0015523346463303944
1660869516006050,-0.9899443045700772,-0.1148088807507439,0.0247196154726481,0.0262299462995609,0.0042602960299694,-0.0308565583777502,0.001399540581546,0.0694183768777875,-0.5473614762421097,0.0019113456142190966,0.00544200223813629,7.491498520398321e-05,-0.0008001979714269067
1660869516022030,-0.9894560158693828,-0.1126115815976196,0.0233768215457388,0.0263551567496986,0.0046981921841492,-0.0313378726106738,0.0014166243653352,0.0695081466459004,-0.5473404244863944,0.0019148181812501076,0.005337261844947538,0.002044992724495459,-0.0019286927085025857
1660869516038009,-0.9922636758983748,-0.1150530251010911,0.0188601510643167,0.0265476440068412,0.0049058683801493,-0.0320360267946207,0.0014407733547143,0.0695962935654857,-0.5473103214125064,0.0018435465019929849,0.0022766416343600326,-0.000356805701078447,-0.005800826870932217
1660869516053989,-0.9975127794308384,-0.1160296025024796,0.0195925841153581,0.0267635601579925,0.004818513550212,-0.0329434162388253,0.0014700512287935,0.0696792234466031,-0.5472700300533385,0.0017689727652681934,-0.0026752157082932104,-0.001200044792220245,-0.004561554437901735
1660869516069969,-0.9969024185549706,-0.1166399633783475,0.0208133058670938,0.0269424204778718,0.0044214242735456,-0.0340012829387732,0.0015017084506357,0.0697521321678947,-0.5472194164622104,0.0017117700630152458,-0.0018583693491829312,-0.0016293651012793398,-0.003006749417549432
1660869516085949,-0.9978789959563592,-0.1157854581521325,0.0269169146257723,0.027015910445636,0.0037510410649829,-0.0351151715185815,0.0015325361082179,0.0698159433317991,-0.5471587989942179,0.0017347434322304782,-0.0025514520755143266,-0.0006973738875579033,0.002787173407016161
1660869516101928,-0.9978789959563592,-0.1185931181811246,0.0297245746547645,0.0269160553032153,0.0028885275449419,-0.0361680056999085,0.001559296529014,0.0698840123503658,-0.5470882563325943,0.0017657219783451192,-0.002296306867962894,-0.003154530524895019,0.0050353500924075235
1660869516117908,-0.9937285420004578,-0.1257953765163653,0.0199588006408788,0.0265808859361202,0.0019603375564909,-0.0370172695522017,0.00157915436679,0.0699588541939723,-0.5470105939377885,0.0016290020761007024,0.0016687323791446662,-0.009321109974122152,-0.004257381529330358
1660869516133888,-0.9909208819714656,-0.1288471808957046,0.0193484397650109,0.0259626509167647,0.0011319974101446,-0.0375012434408351,0.0015900822548941,0.0700390102070516,-0.5469304088462922,0.00148812748560477,0.004028753167323207,-0.011135622918115318,-0.004380968164678433
1660869516149868,-0.9958037689784084,-0.1216449225604639,0.0180056458381017,0.0250430666048525,0.0005684603958352,-0.0374773453807994,0.0015911271092644,0.0701233288797121,-0.5468532284693848,0.0013881095637632752,-0.0007687204556576788,-0.0035400281245871468,-0.0051513858824288675
1660869516165863,-0.9990997177080948,-0.1140764476997025,0.0256961928740366,0.0238496627774884,0.0003786679746269,-0.0368757480295192,0.0015823856183726,0.0702115064048626,-0.5467847378556661,0.0014394594583220885,-0.0036582022668097958,0.0036256020625568264,0.0022852450381554285
1660869516181842,-1.003616388189517,-0.1058976119630732,0.042664225223163,0.0224622586448155,0.0005876732125911,-0.0357344658389097,0.0015647574395956,0.0703113364143273,-0.5467288404761147,0.001756182360895153,-0.007357385473408806,0.01062399401926753,0.017327949648553647
1660869516197822,-1.011795223926146,-0.103700312809949,0.0540169375143051,0.0210041784458217,0.0011448673343701,-0.0341964302923416,0.0015396909986395,0.070443653735368,-0.5466859730883129,0.0022142386055655472,-0.013982599089033987,0.011539163855152551,0.02581259574572617
1660869516213802,-1.005203326466773,-0.1049210345616847,0.0507209887846187,0.0196202801412128,0.0019462442890152,-0.0324743669373708,0.0015089884115409,0.0706189163811553,-0.5466553511512173,0.002579016845152902,-0.006651631466694896,0.009286597893075163,0.02026498231443579
1660869516229782,-0.9994659342336156,-0.1105363546196689,0.0454718852521551,0.0184479668412347,0.0028566405347897,-0.0308069585439719,0.0014746029427397,0.0708356167167461,-0.5466349459314499,0.002795625685223752,-0.0008228153101837998,0.0033041500515818556,0.01351429090377497
1660869516245761,-0.9943389028763256,-0.1141985198748761,0.0410772869459066,0.017587837963304,0.0037347014240611,-0.0294167337333909,0.001438419740574,0.071085958687829,-0.5466210912373436,0.0029049108749604276,0.0038737944423955506,-0.0003222136832628092,0.008207723337773823
1660869516261741,-0.9899443045700772,-0.1126115815976196,0.0322880903334095,0.017080500321077,0.0044634493056132,-0.0284655073101843,0.00140207463535,0.0713603572401869,-0.5466087556962618,0.0028977635922711816,0.007441553473779616,0.001138252134594328,-0.0005233259472509494
1660869516277721,-0.9872587167162584,-0.1098039215686275,0.0278934920271609,0.0168969181812661,0.0049744336656529,-0.0280192290155091,0.0013668331650873,0.0716589965388673,-0.5465912438893589,0.0028574195155589197,0.00911442719483857,0.003551320947227779,-0.004426131828149594
1660869516293701,-0.9881132219424736,-0.1101701380941482,0.0261844815747309,0.0169466800894238,0.0052520313752741,-0.0280399901759495,0.0013334940902368,0.0719880934092414,-0.5465619382237564,0.0028048556026273983,0.00743392977176105,0.0028665939795363693,-0.005521628052521637
1660869516309681,-0.9929961089494164,-0.1122453650720989,0.0297245746547645,0.0171015043411508,0.0053228451274324,-0.0284058765255562,0.0013022966350812,0.0723522504389675,-0.5465163002956306,0.002787715011018672,0.0022959384883365352,0.0007122303014271136,-0.001783381475239234
1660869516325660,-0.9917753871976808,-0.1150530251010911,0.032410162508583,0.0172267827753471,0.0052388978604343,-0.0289513334325225,0.001272878655308,0.0727824034399109,-0.5464486691689365,0.0027880237681576375,0.0031649942160649758,-0.00188588675480858,0.0008119857407213396
1660869516341640,-0.9956816968032348,-0.118471046005951,0.0335088120851452,0.0172119496676831,0.0050563722550784,-0.0295114497798047,0.0012443096044849,0.0732566441626284,-0.5463626362495776,0.002775503357845859,-0.0006671838505402095,-0.004773516893701632,0.0017195717855551865
1660869516357620,-0.9947051194018464,-0.1189593347066453,0.0353398947127487,0.0169906672568461,0.0048203048940646,-0.0299499982178562,0.0012151593926488,0.0737074084665669,-0.5462697300172397,0.0027880413529797394,0.00027845419576344455,-0.004735625034956337,0.0031955889718428138
1660869516373600,-0.9983672846570536,-0.116762035553521,0.0381475547417409,0.0165476037503034,0.0045656721783604,-0.030174468916175,0.0011836409660203,0.0740758053503085,-0.5461814435602182,0.0028477211350405184,-0.0030453399534994263,-0.00228449329364884,0.005402924100751515
1660869516389579,-0.9970244907301442,-0.1134660868238346,0.0363164721141373,0.015913800975786,0.0043268349900157,-0.0301462787494488,0.0011479267795389,0.0743521803608303,-0.5461027817251988,0.0028991730252534917,-0.0015322914239310759,0.0009103098924338054,0.00321465732583312
1660869516405559,-0.9951934081025406,-0.1120012207217518,0.0368047608148316,0.0151531433405749,0.004143488459162,-0.0298752613490314,0.0011065907207417,0.0745970832276394,-0.5460284906875034,0.0029619232232372403,0.0002689120833052616,0.0021376583950649536,0.0033326514238746774
1660869516421539,-0.9956816968032348,-0.1126115815976196,0.0462043183031966,0.01434446894367,0.0040594964954933,-0.0294006868339177,0.0010589852642786,0.0748593255387455,-0.5459536491689967,0.003138437277800447,-0.00019743895565005332,0.0013745677672774431,0.011458988021015713
1660869516437519,-0.9950713359273672,-0.1152971694514382,0.0493781948577094,0.0135653272677061,0.0041132112748396,-0.0287775318022411,0.0010054127272119,0.0751326730031932,-0.5458795057627392,0.0033265545704466563,0.0003716297281958214,-0.001179918077887046,0.013169578117975658
1660869516453498,-0.9910429541466392,-0.1126115815976196,0.0454718852521551,0.0128796196902625,0.0043251498644938,-0.0280665073890936,0.0009470493730613,0.0753711010279808,-0.5458116096596677,0.003462145157257603,0.003960010358031396,0.0013551027983384062,0.008336941661179223
1660869516469478,-0.9927519645990692,-0.1112687876707104,0.042664225223163,0.0123287836101577,0.0046953607902941,-0.0273179243033815,0.0008856615606073,0.0755806338062032,-0.5457474695373509,0.0035523747832957894,0.002025899915041207,0.0024281070527228388,0.0049763534689684155
