Timestamp (microseconds),Accel X (g),Accel Y (g),Accel Z (g)
1659660187812469,-1.00337224383917,-0.0042114900434881974,0.14642557412069923
1659660187828467,-1.003616388189517,-0.010193026626993174,0.14044403753719426
1659660187844466,-1.0020294499122606,-0.015930418860151008,0.14666971847104637
1659660187860464,-1.00337224383917,-0.01886015106431671,0.15985351338979203
1659660187876463,-0.9987335011825742,-0.013000686655985305,0.1599755855649656
1659660187892461,-0.9975127794308385,0.0022583352407110624,0.1570458533607999
1659660187908459,-0.9936064698252842,0.010315098802166744,0.15094224460212136
1659660187924458,-0.9943389028763256,0.013488975356679589,0.15887693598840347
1659660187940456,-0.9943389028763256,7.934691386282111E-4,0.1599755855649656
1659660187956454,-0.9943389028763256,-0.007263294422827471,0.16034180209048632
1659660187972453,-0.9956816968032349,-4.272526131074983E-4,0.15741206988632062
1659660187988451,-0.9927519645990692,0.0061646448462653325,0.15741206988632062
1659660188004449,-0.9916533150225071,0.0036011291676203427,0.15631342030975848
1659660188020448,-0.9937285420004578,0.0014038300144960658,0.15838864728770918
1659660188036446,-0.9926298924238957,4.272526131074983E-4,0.15655756466010562
1659660188052445,-0.9948271915770199,0.002990768291752488,0.15655756466010562
1659660188068443,-0.9928740367742428,0.00579842832074462,0.14959945067521208
1659660188084441,-0.9948271915770199,0.008728160524910322,0.1511863889524685
1659660188100440,-0.9999542229343099,0.01373311970702673,0.1625391012436106
1659660188116438,-1.002761882963302,0.005432211795223907,0.16913099870298343
1659660188132446,-1.0015411612115663,-0.0021362630655374915,0.16192874036774274
1659660188148444,-0.9961699855039292,-0.0017700465400167786,0.1528953994048985
1659660188164443,-0.99140917067216,0.007873655298695326,0.15899900816357704
1659660188180441,-0.9925078202487221,0.01629663538567172,0.16510261692225559
1659660188196439,-0.9964141298542764,0.014221408407721015,0.16400396734569345
1659660188212438,-0.9998321507591363,0.006652933546959616,0.16156252384222203
1659660188228436,-0.9997100785839628,0.0022583352407110624,0.1637598229953463
1659660188244434,-0.9959258411535821,3.0518043793392735E-4,0.16192874036774274
1659660188260433,-0.9956816968032349,0.0036011291676203427,0.16498054474708201
1659660188276431,-0.9967803463797971,0.010070954451819603,0.16498054474708201
1659660188292430,-0.9948271915770199,0.01995880064087885,0.16437018387121416
1659660188308428,-0.9964141298542764,0.018249790188448856,0.16656748302433844
1659660188324426,-0.9942168307011521,0.01226825360494388,0.165835049973297
1659660188340425,-0.9982452124818799,0.009216449225604606,0.16778820477607415
1659660188356423,-1.0006866559853513,0.011657892729076025,0.166689555199512
1659660188372421,-0.9992217898832685,0.009094377050431035,0.16766613260090057
1659660188388420,-0.9938506141756314,0.006286717021438903,0.16644541084916487
1659660188404418,-0.9929961089494164,0.010193026626993174,0.16913099870298343
1659660188420416,-0.9951934081025406,0.019470511940184565,0.171816586556802
1659660188436415,-0.9950713359273671,0.015320057984283153,0.16888685435263628
1659660188452392,-0.9967803463797971,0.010193026626993174,0.170962081330587
1659660188468391,-0.9970244907301442,0.011291676203555312,0.17291523613336413
1659660188484389,-0.9959258411535821,0.014587624933241727,0.16864271000228914
1659660188500387,-0.9964141298542764,0.010559243152513886,0.16449225604638773
1659660188516386,-0.9981231403067063,0.0036011291676203427,0.16473640039673487
1659660188532384,-0.9953154802777142,7.934691386282111E-4,0.16656748302433844
1659660188548382,-0.9987335011825742,6.713969634546402E-4,0.16998550392919842
1659660188564381,-0.9990997177080949,0.007629510948348184,0.17267109178301698
1659660188580379,-0.9962920576791028,0.00982681010147246,0.16937514305333057
1659660188596377,-0.9967803463797971,0.009094377050431035,0.17145037003128127
1659660188612376,-0.9933623254749371,0.00848401617456318,0.16888685435263628
1659660188628374,-0.9944609750514992,0.010437170977340315,0.16888685435263628
1659660188644373,-0.9928740367742428,0.011413748378728883,0.16888685435263628
1659660188660371,-0.9940947585259785,0.006408789196612474,0.17108415350576056
1659660188676369,-0.9928740367742428,0.0026245517662317752,0.1730373083085377
1659660188692368,-0.9961699855039292,0.0042114900434881974,0.1730373083085377
1659660188708366,-0.9977569237811856,0.00848401617456318,0.16705577172503272
1659660188724364,-0.9907988097962921,0.007019150072480329,0.16412603952086702
1659660188740363,-0.9990997177080949,0.012634470130464592,0.170107576104372
1659660188756361,-1.0017853055619135,0.017761501487754572,0.17694361791409197
1659660188772247,-1.0009308003356985,0.011413748378728883,0.18048371099412552
1659660188788245,-0.9987335011825742,0.005920500495918191,0.1704737926298927
1659660188804243,-0.9911650263218128,0.0014038300144960658,0.16522468909742916
1659660188820241,-0.9901884489204242,0.006408789196612474,0.16559090562294987
1659660188836238,-0.9915312428473335,0.00970473792629889,0.166689555199512
1659660188852236,-0.9921416037232014,0.0015259021896696368,0.17108415350576056
1659660188868234,-0.9943389028763256,-0.00323491264209963,0.17071793698023985
1659660188884232,-0.9926298924238957,-0.0039673456931410556,0.16974135957885128
1659660188900230,-0.9947051194018464,0.010193026626993174,0.1734035248340584
1659660188916228,-0.9992217898832685,0.015930418860151008,0.17242694743266984
1659660188932226,-0.9939726863508049,0.0039673456931410556,0.16656748302433844
1659660188948224,-0.9944609750514992,-0.008239871824216038,0.16437018387121416
1659660188964222,-0.9970244907301442,-0.0016479743648432077,0.16937514305333057
1659660188980219,-0.9989776455329213,0.00982681010147246,0.17560082398718269
1659660188996217,-0.9981231403067063,0.007873655298695326,0.17669947356374482
1659660189012215,-0.9960479133287556,0.003356984817273201,0.17291523613336413
1659660189028213,-0.9951934081025406,0.0014038300144960658,0.17059586480506628
1659660189044211,-0.9921416037232014,0.0038452735179674846,0.167544060425727
1659660189060209,-0.9917753871976807,0.009582665751125319,0.16302738994430488
1659660189076207,-0.9937285420004578,0.009094377050431035,0.16693369954985915
1659660189092071,-0.9982452124818799,0.001037613488975353,0.16595712214847058
1659660189108069,-0.9994659342336156,-0.0061646448462653325,0.16534676127260273
1659660189124066,-1.0000762951094835,-9.15541313801782E-4,0.16681162737468558
1659660189140063,-0.9981231403067063,0.0012817578393224949,0.16937514305333057
1659660189156061,-0.9987335011825742,0.0025024795910582043,0.1696192874036777
1659660189172058,-0.9995880064087892,0.005920500495918191,0.168398565651942
1659660189188056,-0.9960479133287556,0.005432211795223907,0.1663233386739913
1659660189204053,-0.9966582742046235,0.005188067444876765,0.166689555199512
1659660189220050,-0.9975127794308385,0.005065995269703194,0.16778820477607415
1659660189236048,-0.9938506141756314,0.0040894178683146265,0.16864271000228914
1659660189252045,-0.9923857480735485,0.001037613488975353,0.16742198825055343
1659660189268043,-0.9931181811245899,-0.002868696116578917,0.16302738994430488
1659660189284040,-0.9898222323949035,0.0021362630655374915,0.16778820477607415
1659660189300037,-0.9909208819714657,0.010315098802166744,0.17169451438162842
1659660189316035,-0.9947051194018464,0.009338521400778177,0.17267109178301698
1659660189332032,-0.9939726863508049,1.831082627603564E-4,0.1696192874036777
1659660189348030,-0.9948271915770199,0.0023804074158846333,0.16852063782711557
1659660189364027,-0.9927519645990692,0.010315098802166744,0.1725490196078434
1659660189380025,-0.9934843976501107,0.006775005722133187,0.17279316395819055
1659660189396022,-0.9972686350804914,0.00579842832074462,0.17157244220645484
1659660189411926,-0.9948271915770199,0.0061646448462653325,0.167544060425727
1659660189427923,-0.9976348516060121,0.007751583123521755,0.16705577172503272
1659660189443920,-1.000808728160525,0.00323491264209963,0.17523460746166197
1659660189459917,-1.004226749065385,-4.272526131074983E-4,0.17755397878995982
1659660189475914,-1.001907377737087,0.002868696116578917,0.17743190661478625
1659660189491911,-0.9961699855039292,0.0042114900434881974,0.16949721522850414
1659660189507907,-0.9900663767452507,7.934691386282111E-4,0.16644541084916487
1659660189523904,-0.9873807888914321,0.0026245517662317752,0.167544060425727
1659660189539901,-0.9895780880445564,0.0060425726710917615,0.1738918135347527
1659660189555898,-0.9928740367742428,7.934691386282111E-4,0.17438010223544698
1659660189571895,-0.9970244907301442,-0.006775005722133187,0.17315938048371127
1659660189587892,-0.9962920576791028,-0.0016479743648432077,0.16913099870298343
1659660189603889,-0.9945830472266728,0.006286717021438903,0.169253070878157
1659660189619886,-0.9973907072556649,0.008606088349736751,0.16986343175402485
1659660189635883,-0.9907988097962921,0.002868696116578917,0.17120622568093413
1659660189651880,-0.99140917067216,-0.0042114900434881974,0.17315938048371127
1659660189667877,-0.9927519645990692,0.0015259021896696368,0.17438010223544698
1659660189683874,-0.9918974593728542,0.005920500495918191,0.17572289616235626
1659660189699871,-0.9990997177080949,0.007019150072480329,0.1768215457389184
1659660189715868,-0.9989776455329213,0.0022583352407110624,0.17608911268787697
1659660189731781,-1.0009308003356985,0.005310139620050336,0.16949721522850414
1659660189747777,-0.9977569237811856,0.010681315327687457,0.171816586556802
1659660189763774,-0.9933623254749371,0.0017700465400167786,0.17328145265888484
1659660189779770,-0.9939726863508049,-0.005554283970397478,0.16949721522850414
1659660189795766,-0.9954375524528878,-0.003112840466926059,0.16742198825055343
1659660189811763,-0.9933623254749371,0.007629510948348184,0.17523460746166197
1659660189827759,-0.9944609750514992,0.011413748378728883,0.1780422674906541
1659660189843756,-0.9956816968032349,0.015197985809109582,0.1801174944686048
1659660189859752,-0.9962920576791028,0.017029068436713146,0.1830472266727705
1659660189875749,-0.9944609750514992,0.014221408407721015,0.18036163881895195
1659660189891745,-0.9931181811245899,0.009338521400778177,0.17547875181200911
1659660189907742,-0.9944609750514992,0.007385366598001042,0.17584496833752983
1659660189923738,-0.9959258411535821,0.008117799649042468,0.17584496833752983
1659660189939735,-1.0000762951094835,0.012878614480811734,0.17193865873197556
1659660189955731,-0.9975127794308385,0.013122758831158876,0.17145037003128127
1659660189971727,-0.9962920576791028,0.004455634393835339,0.17816433966582768
1659660189987724,-0.9944609750514992,-0.007873655298695326,0.17694361791409197
1659660190003720,-0.9918974593728542,-0.0039673456931410556,0.17560082398718269
1659660190019717,-0.9945830472266728,0.012024109254596738,0.17645532921339768
1659660190035713,-0.9953154802777142,0.021057450217440987,0.17865262836652196
1659660190051635,-0.9959258411535821,0.016784924086366004,0.18121614404516695
1659660190067632,-0.9948271915770199,0.006286717021438903,0.17657740138857125
1659660190083628,-0.9961699855039292,0.008850232700083893,0.17987335011825767
1659660190099625,-0.9937285420004578,0.01495384145876244,0.18207064927138195
1659660190115621,-0.9917753871976807,0.005310139620050336,0.1759670405127034
1659660190131618,-0.9927519645990692,0.0023804074158846333,0.17743190661478625
1659660190147614,-0.9927519645990692,0.007507438773174613,0.1768215457389184
1659660190163611,-0.9929961089494164,0.014099336232547444,0.17547875181200911
1659660190179607,-0.9934843976501107,0.023620965896085977,0.1730373083085377
1659660190195603,-0.9965362020294499,0.015564202334630295,0.1785305561913484
1659660190211600,-1.00166323338674,0.007019150072480329,0.18341344319829123
1659660190227596,-1.0020294499122606,0.007385366598001042,0.18451209277485336
1659660190243593,-0.9983672846570535,0.008728160524910322,0.17694361791409197
1659660190259589,-0.9933623254749371,0.010070954451819603,0.17462424658579412
1659660190275586,-0.9904325932707714,0.0038452735179674846,0.17743190661478625
1659660190291582,-0.9898222323949035,0.0012817578393224949,0.1725490196078434
1659660190307579,-0.9864042114900435,0.008239871824216038,0.17657740138857125
1659660190323575,-0.9923857480735485,0.015686274509803866,0.17645532921339768
1659660190339572,-0.9958037689784085,0.011657892729076025,0.17901884489204267
1659660190355568,-0.9958037689784085,0.005920500495918191,0.17792019531548053
1659660190371490,-0.9975127794308385,0.007507438773174613,0.17560082398718269
1659660190387486,-0.9981231403067063,0.013244831006332447,0.17621118486305054
1659660190403482,-0.9918974593728542,0.01617456321049815,0.1763332570382241
1659660190419478,-0.9934843976501107,0.007263294422827471,0.17669947356374482
1659660190435474,-0.9947051194018464,5.493247882810692E-4,0.17499046311131483
1659660190451470,-0.9973907072556649,0.005920500495918191,0.1759670405127034
1659660190467466,-0.9948271915770199,0.011413748378728883,0.17828641184100125
1659660190483462,-0.9939726863508049,0.01361104753185316,0.18036163881895195
1659660190499458,-0.9937285420004578,0.009216449225604606,0.1785305561913484
1659660190515454,-0.9917753871976807,0.014221408407721015,0.17645532921339768
1659660190531450,-0.9928740367742428,0.012634470130464592,0.17450217441062055
1659660190547446,-0.9927519645990692,0.00982681010147246,0.17462424658579412
1659660190563442,-0.9937285420004578,0.0061646448462653325,0.1751125352864884
1659660190579438,-0.9962920576791028,0.005310139620050336,0.17267109178301698
1659660190595434,-0.9975127794308385,0.006286717021438903,0.17669947356374482
1659660190611430,-0.9934843976501107,0.008606088349736751,0.17743190661478625
1659660190627426,-0.9962920576791028,0.008850232700083893,0.1725490196078434
1659660190643422,-0.9965362020294499,0.011902037079423167,0.17523460746166197
1659660190659418,-0.9953154802777142,0.011779964904249596,0.17755397878995982
1659660190675414,-0.9950713359273671,0.011413748378728883,0.1747463187609677
1659660190691314,-0.9950713359273671,0.010803387502861028,0.17376974135957912
1659660190707310,-0.9934843976501107,0.009948882276646032,0.17364766918440555
1659660190723305,-0.9912870984969864,0.006286717021438903,0.17657740138857125
1659660190739301,-0.9927519645990692,0.00848401617456318,0.17450217441062055
1659660190755296,-0.9936064698252842,0.013366903181506018,0.17523460746166197
1659660190771292,-0.9926298924238957,0.014465552758068156,0.1771877622644391
1659660190787287,-0.9936064698252842,0.01617456321049815,0.17694361791409197
1659660190803283,-0.9916533150225071,0.01373311970702673,0.17560082398718269
1659660190819278,-0.9923857480735485,0.007629510948348184,0.17315938048371127
1659660190835274,-0.9934843976501107,0.004943923094529623,0.1704737926298927
1659660190851269,-0.9928740367742428,0.007873655298695326,0.17535667963683554
1659660190867265,-0.9911650263218128,0.009216449225604606,0.1763332570382241
1659660190883260,-0.9938506141756314,0.01226825360494388,0.17499046311131483
1659660190899256,-0.9943389028763256,0.02288853284504455,0.1763332570382241
1659660190915251,-0.9931181811245899,0.023132677195391693,0.17645532921339768
1659660190931247,-0.9942168307011521,0.015686274509803866,0.16815442130159486
1659660190947242,-0.9970244907301442,0.005188067444876765,0.16620126649881772
1659660190963238,-1.0014190890363928,0.0015259021896696368,0.16974135957885128
1659660190979233,-1.0004425116350042,0.0020141908903639205,0.17352559700923198
1659660190995229,-0.9969024185549706,0.002868696116578917,0.1734035248340584
1659660191011139,-0.9918974593728542,0.007995727473868897,0.17157244220645484
1659660191027134,-0.9899443045700771,0.00970473792629889,0.17120622568093413
1659660191043130,-0.9906767376211185,0.014709697108415298,0.17157244220645484
1659660191059125,-0.98970016021973,0.015442130159456724,0.1747463187609677
1659660191075121,-0.9939726863508049,0.014221408407721015,0.17657740138857125
1659660191091116,-0.9928740367742428,0.009948882276646032,0.17584496833752983
1659660191107112,-0.9982452124818799,0.008972304875257464,0.17413595788509983
1659660191123107,-0.9956816968032349,0.008239871824216038,0.171816586556802
1659660191139103,-0.9964141298542764,0.006897077897306758,0.17547875181200911
1659660191155098,-0.9938506141756314,0.0060425726710917615,0.17352559700923198
1659660191171094,-0.9907988097962921,0.004455634393835339,0.17145037003128127
1659660191187089,-0.9971465629053178,0.010559243152513886,0.1742580300602734
1659660191203085,-0.9951934081025406,0.01898222323949028,0.1751125352864884
1659660191219080,-0.9983672846570535,0.017639429312581,0.18170443274586123
1659660191235076,-0.9978789959563592,0.013855191882200302,0.17816433966582768
1659660191251071,-0.9956816968032349,0.012634470130464592,0.18023956664377838
1659660191267067,-0.9949492637521935,0.015564202334630295,0.18048371099412552
1659660191283062,-0.9928740367742428,0.015442130159456724,0.17694361791409197
1659660191299058,-0.9923857480735485,0.014221408407721015,0.17267109178301698
1659660191315053,-0.9938506141756314,0.014221408407721015,0.17291523613336413
1659660191330993,-0.9971465629053178,0.014709697108415298,0.1742580300602734
1659660191346988,-0.9951934081025406,0.010193026626993174,0.17645532921339768
1659660191362983,-0.9983672846570535,0.004943923094529623,0.17401388570992626
1659660191378978,-0.9956816968032349,0.004333562218661768,0.17352559700923198
1659660191394973,-0.9961699855039292,0.011169604028381741,0.17560082398718269
1659660191410968,-0.9962920576791028,0.01873807888914314,0.17572289616235626
1659660191426963,-0.9965362020294499,0.026062409399557396,0.17987335011825767
1659660191442958,-0.9964141298542764,0.02264438849469741,0.18109407186999338
1659660191458953,-0.9939726863508049,0.012878614480811734,0.17962920576791053
1659660191474949,-0.9917753871976807,0.005310139620050336,0.17792019531548053
1659660191490944,-0.9907988097962921,0.007263294422827471,0.17267109178301698
1659660191506939,-0.9900663767452507,0.016784924086366004,0.17572289616235626
1659660191522934,-0.9939726863508049,0.02032501716639956,0.17865262836652196
1659660191538929,-0.9971465629053178,0.02020294499122599,0.1806057831692991
1659660191554924,-0.9955596246280614,0.01495384145876244,0.17706569008926554
1659660191570919,-0.9954375524528878,0.014587624933241727,0.17755397878995982
1659660191586914,-0.9934843976501107,0.02130159456778813,0.17755397878995982
1659660191602909,-0.9920195315480278,0.019104295414663852,0.17645532921339768
1659660191618904,-0.99140917067216,0.0109254596780346,0.1771877622644391
1659660191634899,-0.9936064698252842,0.01104753185320817,0.1835355153734648
1659660191650879,-0.9916533150225071,0.018127718013275285,0.1818265049210348
1659660191666874,-0.9911650263218128,0.02386511024643312,0.17315938048371127
1659660191682869,-0.9940947585259785,0.0327763790341038,0.16998550392919842
1659660191698864,-0.9970244907301442,0.03167772945754166,0.18072785534447267
1659660191714859,-1.0023956664377813,0.020691233691920274,0.18744182497901907
1659660191730854,-1.0026398107881285,0.006897077897306758,0.18280308232242337
1659660191746849,-0.9982452124818799,0.005432211795223907,0.1780422674906541
1659660191762844,-0.99140917067216,0.011169604028381741,0.17291523613336413
1659660191778839,-0.9906767376211185,0.020691233691920274,0.17523460746166197
1659660191794834,-0.9909208819714657,0.027649347676813818,0.17816433966582768
1659660191810829,-0.9915312428473335,0.02398718242160669,0.1809719996948198
1659660191826824,-0.9936064698252842,0.014587624933241727,0.18219272144655552
1659660191842819,-0.9954375524528878,0.012146181429770309,0.17999542229343124
1659660191858814,-0.9942168307011521,0.017151140611886717,0.17730983443961268
1659660191874809,-0.9990997177080949,0.020813305867093845,0.17816433966582768
1659660191890804,-0.9978789959563592,0.021179522392614558,0.17865262836652196
1659660191906799,-0.9953154802777142,0.016784924086366004,0.1763332570382241
1659660191922794,-0.9954375524528878,0.01629663538567172,0.1759670405127034
1659660191938789,-0.9956816968032349,0.023620965896085977,0.17877470054169553
1659660191954784,-0.9948271915770199,0.022400244144350268,0.18463416495002694
1659660191970703,-0.9962920576791028,0.019348439765010994,0.18500038147554765
1659660191986697,-0.9961699855039292,0.024597543297474544,0.1797512779430841
1659660192002692,-0.9934843976501107,0.02679484245059882,0.1776760509651334
1659660192018686,-0.9916533150225071,0.024597543297474544,0.17779812314030696
1659660192034681,-0.9951934081025406,0.018371862363622427,0.17755397878995982
1659660192050675,-0.9950713359273671,0.01483176928358887,0.1806057831692991
1659660192066670,-0.9972686350804914,0.023132677195391693,0.17877470054169553
1659660192082665,-0.9971465629053178,0.02789349202716096,0.1801174944686048
1659660192098659,-0.9947051194018464,0.023010605020218122,0.18133821622034052
1659660192114654,-0.9967803463797971,0.019226367589837423,0.18243686579690266
1659660192130648,-0.9967803463797971,0.020813305867093845,0.17816433966582768
1659660192146643,-0.9955596246280614,0.023254749370565264,0.17840848401617482
1659660192162637,-0.9976348516060121,0.02655069810025168,0.18219272144655552
1659660192178632,-0.9973907072556649,0.023620965896085977,0.18109407186999338
1659660192194626,-0.9947051194018464,0.022278171969176697,0.17877470054169553
1659660192210621,-0.9936064698252842,0.02398718242160669,0.1801174944686048
1659660192226616,-0.990554665445945,0.01995880064087885,0.17694361791409197
1659660192242610,-0.9909208819714657,0.023376821545738835,0.1785305561913484
1659660192258605,-0.9964141298542764,0.02276646066987098,0.17743190661478625
1659660192274599,-0.9959258411535821,0.024841687647821686,0.17865262836652196
1659660192290527,-0.9959258411535821,0.022278171969176697,0.18194857709620837
1659660192306522,-0.9940947585259785,0.022400244144350268,0.1835355153734648
1659660192322516,-0.9934843976501107,0.02410925459678026,0.1818265049210348
1659660192338511,-0.9944609750514992,0.027283131151293105,0.18451209277485336
1659660192354505,-0.9907988097962921,0.024353398947127403,0.18121614404516695
1659660192370500,-0.9923857480735485,0.02276646066987098,0.17865262836652196
1659660192386494,-0.9929961089494164,0.02386511024643312,0.1801174944686048
1659660192402489,-0.9978789959563592,0.028503852903028815,0.1823147936217291
1659660192418483,-0.9936064698252842,0.023498893720912406,0.18170443274586123
1659660192434478,-0.9920195315480278,0.02154573891813527,0.1839017318989855
1659660192450472,-0.9923857480735485,0.02423132677195383,0.18207064927138195
1659660192466467,-0.9927519645990692,0.02532997634851597,0.18121614404516695
1659660192482462,-0.9920195315480278,0.02667277027542525,0.17572289616235626
1659660192498456,-0.9959258411535821,0.02777141985198739,0.1818265049210348
1659660192514451,-0.9990997177080949,0.026062409399557396,0.19269092851148262
1659660192530445,-1.0037384603646906,0.025574120698863112,0.19562066071564832
1659660192546440,-0.9978789959563592,0.024841687647821686,0.18219272144655552
1659660192562434,-0.9877470054169528,0.021911955443655984,0.17743190661478625
1659660192578429,-0.985427634088655,0.021179522392614558,0.17987335011825767
1659660192594423,-0.9856717784390021,0.023498893720912406,0.18207064927138195
1659660192610382,-0.9894560158693828,0.02410925459678026,0.18133821622034052
1659660192626376,-0.9945830472266728,0.02130159456778813,0.1885404745555812
1659660192642371,-0.9967803463797971,0.020447089341573133,0.1868314641031512
1659660192658365,-0.9937285420004578,0.02264438849469741,0.18158236057068766
1659660192674360,-0.9948271915770199,0.03033493553063238,0.18207064927138195
1659660192690354,-0.9929961089494164,0.023743038071259548,0.1826810101472498
1659660192706349,-0.99140917067216,0.015686274509803866,0.18280308232242337
1659660192722344,-0.9922636758983749,0.017273212787060288,0.1852445258258948
1659660192738338,-0.9923857480735485,0.024963759822995257,0.18451209277485336
1659660192754333,-0.9928740367742428,0.02923628595407024,0.1843900205996798
1659660192770327,-0.9937285420004578,0.0252079041733424,0.1860990310521098
1659660192786322,-0.9923857480735485,0.024353398947127403,0.18414587624933265
1659660192802316,-0.9918974593728542,0.02032501716639956,0.17914091706721624
1659660192818311,-0.9907988097962921,0.016784924086366004,0.1776760509651334
1659660192834305,-0.9917753871976807,0.013366903181506018,0.17865262836652196
1659660192850300,-0.9928740367742428,0.012634470130464592,0.17999542229343124
1659660192866294,-0.9958037689784085,0.014709697108415298,0.17865262836652196
1659660192882289,-0.9962920576791028,0.022400244144350268,0.18316929884794408
1659660192898284,-0.9945830472266728,0.026916914625772392,0.18451209277485336
1659660192914278,-0.9936064698252842,0.024841687647821686,0.18658731975280407
1659660192930206,-0.9938506141756314,0.021179522392614558,0.18585488670176264
1659660192946200,-0.9918974593728542,0.020569161516746703,0.18170443274586123
1659660192962194,-0.9922636758983749,0.021667811093308842,0.17914091706721624
1659660192978188,-0.9929961089494164,0.019592584115358136,0.17950713359273696
1659660192994182,-0.9917753871976807,0.017029068436713146,0.18255893797207623
1659660193010176,-0.9923857480735485,0.013366903181506018,0.18109407186999338
1659660193026170,-0.9916533150225071,0.014465552758068156,0.17608911268787697
1659660193042164,-0.9947051194018464,0.015197985809109582,0.17535667963683554
1659660193058158,-0.9964141298542764,0.011902037079423167,0.17267109178301698
1659660193074153,-0.9955596246280614,0.013244831006332447,0.17645532921339768
1659660193090147,-0.9956816968032349,0.018005645838101714,0.1797512779430841
1659660193106141,-0.9958037689784085,0.022278171969176697,0.18316929884794408
1659660193122135,-0.9953154802777142,0.01861600671396957,0.17987335011825767
1659660193138129,-0.9954375524528878,0.02008087281605242,0.17962920576791053
1659660193154123,-0.9984893568322271,0.024963759822995257,0.18170443274586123
1659660193170117,-0.9955596246280614,0.02020294499122599,0.1780422674906541
1659660193186111,-0.9976348516060121,0.01495384145876244,0.17706569008926554
1659660193202105,-0.9947051194018464,0.01483176928358887,0.17730983443961268
1659660193218099,-0.9947051194018464,0.014343480582894585,0.1734035248340584
1659660193234093,-0.9964141298542764,0.015686274509803866,0.17267109178301698
1659660193250061,-0.9940947585259785,0.013000686655985305,0.17413595788509983
1659660193266055,-0.9932402532997635,0.013488975356679589,0.17401388570992626
1659660193282049,-0.9911650263218128,0.022278171969176697,0.168398565651942
1659660193298043,-0.9918974593728542,0.03399710078583951,0.17022964827954556
1659660193314037,-0.9989776455329213,0.02679484245059882,0.1785305561913484
1659660193330031,-1.0031280994888228,0.015564202334630295,0.1797512779430841
1659660193346025,-1.0023956664377813,0.010803387502861028,0.17706569008926554
1659660193362019,-0.9983672846570535,0.013122758831158876,0.17084000915541342
1659660193378013,-0.9949492637521935,0.01104753185320817,0.1671778439002063
1659660193394007,-0.9901884489204242,0.010437170977340315,0.16534676127260273
1659660193410001,-0.9878690775921264,0.013366903181506018,0.16766613260090057
1659660193425995,-0.9915312428473335,0.020569161516746703,0.1742580300602734
1659660193441990,-0.9958037689784085,0.020691233691920274,0.17816433966582768
1659660193457984,-0.9965362020294499,0.01861600671396957,0.17499046311131483
1659660193473978,-0.9972686350804914,0.02130159456778813,0.1704737926298927
1659660193489972,-0.9981231403067063,0.025696192874036683,0.17328145265888484
1659660193505966,-0.9948271915770199,0.01617456321049815,0.17084000915541342
1659660193521960,-0.9927519645990692,0.006408789196612474,0.1696192874036777
1659660193537954,-0.9915312428473335,0.00970473792629889,0.171816586556802
1659660193553948,-0.9950713359273671,0.0214236667429617,0.17108415350576056
1659660193569915,-0.9947051194018464,0.02386511024643312,0.17438010223544698
1659660193585909,-0.9951934081025406,0.015930418860151008,0.17865262836652196
1659660193601904,-0.9940947585259785,0.010437170977340315,0.17169451438162842
1659660193617898,-0.9934843976501107,0.01641870756084529,0.17157244220645484
1659660193633892,-0.9909208819714657,0.016784924086366004,0.17169451438162842
1659660193649886,-0.9906767376211185,0.013977264057373873,0.169253070878157
1659660193665880,-0.9917753871976807,0.015686274509803866,0.17230487525749627
1659660193681874,-0.9948271915770199,0.016662851911192433,0.17535667963683554
1659660193697868,-0.9959258411535821,0.019348439765010994,0.17438010223544698
1659660193713862,-0.9944609750514992,0.015930418860151008,0.17267109178301698
1659660193729856,-0.9939726863508049,0.011902037079423167,0.1713282978561077
1659660193745850,-0.9944609750514992,0.01495384145876244,0.170107576104372
1659660193761844,-0.9942168307011521,0.01605249103532458,0.17352559700923198
1659660193777838,-0.9927519645990692,0.01226825360494388,0.17108415350576056
1659660193793832,-0.9927519645990692,0.011169604028381741,0.16827649347676843
1659660193809826,-0.9922636758983749,0.018493934538795997,0.17206073090714913
1659660193825821,-0.9910429541466392,0.019226367589837423,0.17230487525749627
1659660193841815,-0.9900663767452507,0.009094377050431035,0.17206073090714913
1659660193857809,-0.9917753871976807,0.009948882276646032,0.17193865873197556
1659660193873803,-0.9931181811245899,0.01495384145876244,0.1713282978561077
1659660193889740,-0.9950713359273671,0.016662851911192433,0.17108415350576056
1659660193905733,-0.9986114290074006,0.020813305867093845,0.17230487525749627
1659660193921727,-0.9972686350804914,0.016906996261539575,0.17840848401617482
1659660193937720,-0.9981231403067063,0.01605249103532458,0.17743190661478625
1659660193953714,-0.9999542229343099,0.02008087281605242,0.17364766918440555
1659660193969708,-0.9986114290074006,0.014587624933241727,0.1721828030823227
1659660193985701,-0.9978789959563592,0.013855191882200302,0.1742580300602734
1659660194001695,-0.9986114290074006,0.01751735713740743,0.17645532921339768
1659660194017688,-0.9975127794308385,0.014587624933241727,0.17608911268787697
1659660194033682,-0.9936064698252842,0.008728160524910322,0.17193865873197556
1659660194049676,-0.9911650263218128,0.013366903181506018,0.1696192874036777
1659660194065669,-0.9988555733577478,0.017761501487754572,0.1730373083085377
1659660194081663,-1.0020294499122606,0.016662851911192433,0.17877470054169553
1659660194097656,-1.0039826047150378,0.00970473792629889,0.1847562371252005
1659660194113650,-0.9997100785839628,0.010559243152513886,0.17669947356374482
1659660194129644,-0.9925078202487221,0.012756542305638163,0.17376974135957912
1659660194145637,-0.9907988097962921,0.01239032578011745,0.17242694743266984
1659660194161631,-0.9859159227893493,0.00836194399938961,0.17364766918440555
1659660194177624,-0.9877470054169528,0.007751583123521755,0.1734035248340584
1659660194193618,-0.9878690775921264,0.008850232700083893,0.17547875181200911
1659660194209564,-0.9898222323949035,0.016784924086366004,0.1734035248340584
1659660194225557,-0.9912870984969864,0.014709697108415298,0.16998550392919842
1659660194241551,-0.9918974593728542,0.00970473792629889,0.171816586556802
1659660194257545,-0.9938506141756314,0.008117799649042468,0.17376974135957912
1659660194273538,-0.9912870984969864,0.010070954451819603,0.17108415350576056
1659660194289532,-0.9925078202487221,0.00457770656900891,0.16986343175402485
1659660194305525,-0.9922636758983749,0.0036011291676203427,0.1713282978561077
1659660194321519,-0.99140917067216,0.004943923094529623,0.17328145265888484
1659660194337513,-0.9944609750514992,0.012146181429770309,0.1738918135347527
1659660194353506,-0.9931181811245899,0.01617456321049815,0.1747463187609677
1659660194369500,-0.9906767376211185,0.006530861371786045,0.17401388570992626
1659660194385493,-0.990554665445945,0.003479056992446772,0.17145037003128127
1659660194401487,-0.9900663767452507,0.004821850919356052,0.1721828030823227
1659660194417481,-0.9904325932707714,0.007507438773174613,0.17413595788509983
1659660194433474,-0.9922636758983749,0.00982681010147246,0.1704737926298927
1659660194449468,-0.9934843976501107,0.003112840466926059,0.171816586556802
1659660194465461,-0.9895780880445564,-7.934691386282111E-4,0.17328145265888484
1659660194481455,-0.9922636758983749,0.0026245517662317752,0.17230487525749627
1659660194497449,-0.9917753871976807,0.005188067444876765,0.17730983443961268
1659660194513442,-0.9943389028763256,0.0040894178683146265,0.1751125352864884
1659660194529419,-0.9956816968032349,0.005310139620050336,0.17962920576791053
1659660194545412,-0.9960479133287556,0.006652933546959616,0.1763332570382241
1659660194561406,-0.9943389028763256,0.007385366598001042,0.17267109178301698
1659660194577399,-0.9923857480735485,0.008606088349736751,0.17267109178301698
1659660194593393,-0.9936064698252842,0.004821850919356052,0.17413595788509983
1659660194609387,-0.9936064698252842,0.0038452735179674846,0.17315938048371127
1659660194625380,-0.9932402532997635,0.0012817578393224949,0.17157244220645484
1659660194641374,-0.9927519645990692,0.00457770656900891,0.17376974135957912
1659660194657367,-0.9966582742046235,0.005188067444876765,0.17608911268787697
1659660194673361,-0.9950713359273671,0.0040894178683146265,0.1759670405127034
1659660194689355,-0.9956816968032349,0.007019150072480329,0.17328145265888484
1659660194705348,-0.9975127794308385,0.009216449225604606,0.1725490196078434
1659660194721342,-0.9953154802777142,0.008117799649042468,0.17352559700923198
1659660194737335,-0.9945830472266728,0.008972304875257464,0.1738918135347527
1659660194753329,-0.9933623254749371,0.008972304875257464,0.17535667963683554
1659660194769322,-0.9920195315480278,0.010803387502861028,0.17364766918440555
1659660194785316,-0.9889677271686885,0.013488975356679589,0.16852063782711557
1659660194801310,-0.9910429541466392,0.015075913633936011,0.1721828030823227
1659660194817303,-0.9993438620584421,0.014709697108415298,0.1771877622644391
1659660194833297,-1.0026398107881285,0.011535820553902454,0.17914091706721624
1659660194849273,-0.9994659342336156,0.002868696116578917,0.1721828030823227
1659660194865267,-0.9940947585259785,0.001159685664148924,0.16949721522850414
1659660194881260,-0.990554665445945,0.007873655298695326,0.17059586480506628
1659660194897254,-0.9883573662928207,0.00982681010147246,0.17242694743266984
1659660194913248,-0.9907988097962921,0.01361104753185316,0.17193865873197556
1659660194929241,-0.9920195315480278,0.012634470130464592,0.17401388570992626
1659660194945235,-0.9927519645990692,0.010681315327687457,0.17669947356374482
1659660194961228,-0.9953154802777142,0.008850232700083893,0.17328145265888484
1659660194977222,-0.9954375524528878,0.011413748378728883,0.16937514305333057
1659660194993216,-0.9969024185549706,0.012878614480811734,0.170107576104372
1659660195009209,-0.9923857480735485,0.010437170977340315,0.16986343175402485
1659660195025203,-0.9921416037232014,0.006652933546959616,0.17230487525749627
1659660195041196,-0.9929961089494164,0.007263294422827471,0.1725490196078434
1659660195057190,-0.9947051194018464,0.019348439765010994,0.17462424658579412
1659660195073184,-0.9955596246280614,0.0214236667429617,0.17328145265888484
1659660195089177,-0.9972686350804914,0.019836728465705278,0.1725490196078434
1659660195105171,-0.9948271915770199,0.010315098802166744,0.17145037003128127
1659660195121164,-0.9949492637521935,0.011902037079423167,0.170962081330587
1659660195137158,-0.9943389028763256,0.017761501487754572,0.16998550392919842
1659660195153152,-0.9951934081025406,0.016662851911192433,0.169253070878157
1659660195169128,-0.9958037689784085,0.00982681010147246,0.16852063782711557
1659660195185122,-0.9975127794308385,0.014221408407721015,0.16791027695124772
1659660195201115,-0.9994659342336156,0.015930418860151008,0.16681162737468558
1659660195217109,-0.9961699855039292,0.015442130159456724,0.1671778439002063
1659660195233102,-0.9962920576791028,0.021789883268482413,0.16778820477607415
1659660195249096,-0.9948271915770199,0.02532997634851597,0.16791027695124772
1659660195265090,-0.9956816968032349,0.023254749370565264,0.17401388570992626
1659660195281083,-0.9953154802777142,0.019836728465705278,0.17145037003128127
1659660195297077,-0.9967803463797971,0.020813305867093845,0.1687647821774627
1659660195313070,-0.9960479133287556,0.01995880064087885,0.16815442130159486
1659660195329064,-0.9962920576791028,0.019470511940184565,0.1696192874036777
1659660195345058,-0.9973907072556649,0.019714656290531707,0.165835049973297
1659660195361051,-0.9971465629053178,0.02154573891813527,0.16620126649881772
1659660195377045,-0.9988555733577478,0.019226367589837423,0.16729991607537986
1659660195393038,-0.9998321507591363,0.017639429312581,0.16278324559395774
1659660195409032,-1.0012970168612192,0.017883573662928143,0.1620508125429163
1659660195425026,-0.9966582742046235,0.023010605020218122,0.16400396734569345
1659660195441019,-0.9975127794308385,0.024719615472648115,0.16388189517051988
1659660195457013,-1.0003204394598306,0.020813305867093845,0.16522468909742916
1659660195473006,-0.9980010681315328,0.018371862363622427,0.1680323491264213
1659660195488952,-0.9962920576791028,0.02020294499122599,0.1663233386739913
1659660195504945,-0.9978789959563592,0.023743038071259548,0.16095216296635417
1659660195520938,-0.9944609750514992,0.031189440756847375,0.1616845960173956
1659660195536932,-0.9954375524528878,0.029602502479590953,0.1620508125429163
1659660195552925,-1.0011749446860456,0.031189440756847375,0.16864271000228914
1659660195568918,-1.0056916151674677,0.015930418860151008,0.17450217441062055
1659660195584911,-1.0074006256198977,0.011535820553902454,0.1725490196078434
1659660195600904,-1.0077668421454185,0.010559243152513886,0.1725490196078434
1659660195616897,-1.0004425116350042,0.013488975356679589,0.16900892652780986
1659660195632890,-0.9954375524528878,0.011779964904249596,0.1738918135347527
1659660195648883,-0.990554665445945,0.012512397955291021,0.17706569008926554
1659660195664877,-0.9977569237811856,0.00982681010147246,0.18084992751964624
1659660195680870,-0.9955596246280614,-0.005310139620050336,0.17962920576791053
1659660195696863,-1.0000762951094835,-0.00982681010147246,0.18292515449759694
1659660195712856,-1.0017853055619135,-0.01104753185320817,0.18426794842450622
1659660195728849,-1.0056916151674677,-0.004333562218661768,0.1906157015335319
1659660195744842,-1.0015411612115663,-0.011535820553902454,0.19708552681773117
1659660195760835,-0.9997100785839628,-0.010803387502861028,0.19977111467154973
1659660195776828,-0.9981231403067063,-0.0214236667429617,0.20563057907988114
1659660195792822,-0.9995880064087892,-0.017151140611886717,0.21527428091859324
1659660195808807,-0.9972686350804914,-0.023010605020218122,0.22882429236285962
1659660195824800,-0.9873807888914321,-0.03704890516517878,0.23932249942778672
1659660195840793,-0.9972686350804914,-0.021057450217440987,0.24591439688715955
1659660195856786,-0.9933623254749371,-0.05511558709086728,0.25763332570382236
1659660195872779,-1.00166323338674,-0.020813305867093845,0.2561684596017395
1659660195888773,-0.9887235828183414,-0.0963759822995347,0.2743572137026016
1659660195904766,-0.9949492637521935,-0.04608224612802303,0.2680094605935759
1659660195920759,-0.9883573662928207,-0.052063782711528006,0.26520180056458376
1659660195936752,-0.9842069123369193,-0.016784924086366004,0.26813153276874946
1659660195952745,-0.9846952010376135,-0.037659266041046635,0.27533379110399014
1659660195968738,-0.9859159227893493,-0.03692683299000521,0.29169146257724865
1659660195984731,-0.9943389028763256,-0.0252079041733424,0.30939192797741644
1659660196000724,-0.9990997177080949,-0.025085831998168828,0.31903562981612854
1659660196016718,-0.9945830472266728,-0.037659266041046635,0.345647364003967
1659660196032711,-0.9833524071107043,-0.05621423666742942,0.35687800411993553
1659660196048704,-0.9719996948195622,-0.0695201037613491,0.3629816128786141
1659660196064697,-0.9694361791409172,-0.0733043411917298,0.38483253223468417
1659660196080690,-0.9729762722209507,-0.08282597085526833,0.3964293888761734
1659660196096683,-0.9568627450980394,-0.09198138399328615,0.3988708323796448
1659660196112676,-0.9532005798428322,-0.09954985885404755,0.39240100709544556
1659660196128631,-0.9611352712291144,-0.1022354467078661,0.41132219424734906
1659660196144624,-1.00166323338674,-0.10894941634241251,0.4519722285801482
1659660196160617,-1.0230258640421148,-0.13324177920195313,0.5115434500648508
1659660196176611,-1.0052033264667735,-0.13324177920195313,0.5551232166018156
1659660196192604,-0.9873807888914321,-0.132143129625391,0.5586633096818492
1659660196208597,-0.9745632104982072,-0.1299458304722667,0.5642786297398334
1659660196224590,-0.9629663538567179,-0.12396429388876173,0.5791714351110091
1659660196240583,-0.9539330128938737,-0.12335393301289388,0.6134737163347825
1659660196256576,-0.9419699397268637,-0.14056610971236738,0.6553444724193183
1659660196272569,-0.926100556954299,-0.14435034714274808,0.685008010986496
1659660196288562,-0.9212176699473562,-0.14056610971236738,0.7327382314793622
1659660196304556,-0.9256122682536048,-0.1337300679026474,0.7708247501335164
1659660196320549,-0.9132829785610741,-0.1400778210116731,0.7820553902494849
1659660196336542,-0.9024185549706263,-0.14959945067521163,0.8048828870069427
1659660196352535,-0.8816662851911192,-0.1607080186160066,0.8041504539559012
1659660196368528,-0.8651865415426871,-0.13006790264744028,0.8360112916762032
1659660196384521,-0.8400396734569315,-0.10028229190508897,0.8736095216296631
1659660196400514,-0.8100099183642326,-0.08197146562905333,0.9226825360494395
1659660196416507,-0.7753414206149385,-0.05938811322194226,0.9435568780041201
1659660196432500,-0.75043869687953,-0.04071107042038591,0.9490501258869308
1659660196448486,-0.6992904554818038,-0.06170748455024011,0.9628442816815443
1659660196464479,-0.6546120393682764,-0.07891966124971406,0.9730983443961243
1659660196480472,-0.6178683146410315,-0.09149309529259186,0.9983672846570535
1659660196496465,-0.5915007248035402,-0.08661020828564903,1.025223163195239
1659660196512458,-0.558419165331502,-0.09747463187609684,1.0280308232242312
1659660196528452,-0.5158159761959258,-0.11676203555352105,1.026688029297322
1659660196544445,-0.45929655909056244,-0.11859311818112461,1.0139925230792706
1659660196560438,-0.40607309071488507,-0.11847104600595104,1.028397039749752
1659660196576431,-0.3660334172579538,-0.11114671549553679,1.037796597238117
1659660196592424,-0.3278248264286261,-0.13678187228198668,0.9878690775921264
1659660196608417,-0.27228198672465087,-0.12506294346532387,0.9639429312581065
1659660196624410,-0.23590447852292673,-0.1220111390859846,0.9519798580910965
1659660196640403,-0.19794003204394617,-0.07660028992141621,0.9639429312581065
1659660196656396,-0.12591744869153887,0.008117799649042468,0.9838406958113985
1659660196672390,-0.047913328755626594,0.1138323033493549,0.9553978789959565
1659660196688383,0.04107728694590662,0.14874494544899708,0.9491721980621044
1659660196704376,0.10492103456168422,0.13446250095368928,0.947585259784848
1659660196720369,0.15399404898146063,0.08075074387731718,0.9427023727779051
1659660196736362,0.18426794842450622,0.011779964904249596,0.9315938048371102
1659660196752355,0.21283283741512182,-0.035095750362401645,0.902906843671321
1659660196768310,0.26276035706111234,-0.04901197833218873,0.9040054932478832
1659660196784303,0.32489509422445995,-0.038879987792782345,0.8594491493095289
1659660196800296,0.38153658350499775,-0.0042114900434881974,0.8187991149767297
1659660196816290,0.4141298542763412,0.032532234683756656,0.7627679865720607
1659660196832283,0.4490424963759825,0.04083314259555948,0.7276112001220723
1659660196848276,0.5004348821240558,0.017273212787060288,0.7051499198901352
1659660196864269,0.5347371633478293,-0.013000686655985305,0.6885481040665296
1659660196880262,0.5412069886320285,-0.023376821545738835,0.6632791638056004
1659660196896255,0.5656214236667427,-0.05426108186465228,0.6066376745250626
1659660196912248,0.6051728084229797,-0.09320210574502186,0.5534142061493856
1659660196928241,0.6431372549019612,-0.12420843823910888,0.5145952544441901
1659660196944234,0.6743877317463953,-0.16302738994430443,0.4746776531624324
1659660196960228,0.7072251468680859,-0.1832913710231172,0.4153505760280769
1659660196976221,0.7412832837415122,-0.1928130006866562,0.37409018081940903
1659660196992214,0.7909666590371556,-0.2348058289463646,0.33990997177080917
1659660197008207,0.8274662394140533,-0.2728923476005187,0.3489433127336534
1659660197024200,0.8104982070649269,-0.29376668955519936,0.37396810864423546
1659660197040193,0.789990081635767,-0.2797283894102387,0.38825055313954415
1659660197056186,0.8250247959105819,-0.28070496681162727,0.35895323109788624
1659660197072179,0.8513923857480732,-0.28363469901579297,0.3049973296711679
1659660197088165,0.8534676127260239,-0.2826581216144044,0.26068513008316163
1659660197104158,0.8590829327840082,-0.27325856412603944,0.22198825055313964
1659660197120151,0.8882581826504925,-0.30011444266422505,0.1957427328908219
1659660197136144,0.9015640497444117,-0.3312428473334861,0.17401388570992626
1659660197152137,0.8823987182421611,-0.32513923857480753,0.17450217441062055
1659660197168130,0.8646982528419924,-0.3148851758602276,0.18915083543144906
1659660197184124,0.8585946440833139,-0.32965590905622966,0.1847562371252005
1659660197200117,0.8750743877317468,-0.37164873731593806,0.16534676127260273
1659660197216110,0.8834973678187232,-0.3701838712138552,0.1494773785000385
1659660197232103,0.870801861600671,-0.32465094987411325,0.15973144121461846
1659660197248096,0.8356450751506825,-0.2960860608834972,0.1797512779430841
1659660197264089,0.8214847028305483,-0.29217975127794293,0.17865262836652196
1659660197280082,0.826123445487144,-0.2924238956282901,0.16913099870298343
1659660197296075,0.8382085908293275,-0.27277027542534515,0.1671778439002063
1659660197312069,0.8334477759975583,-0.23175402456702532,0.17572289616235626
1659660197328062,0.8163576714732583,-0.21942473487449465,0.18463416495002694
1659660197344055,0.7416495002670329,-0.2318760967421989,0.24957656214236668
1659660197360048,0.6685282673380639,-0.21527428091859324,0.3938658731975284
1659660197376041,0.6392309452964069,-0.19037155718318477,0.5093461509117265
1659660197392034,0.6652323186083775,-0.17376974135957868,0.5082475013351644
1659660197407989,0.6728007934691389,-0.15423819333180733,0.467963683527886
1659660197423982,0.6062714579995419,-0.07855344472419334,0.5193560692759593
1659660197439974,0.564400701915007,0.043030441748683756,0.6033417257953761
1659660197455967,0.5685511558709084,0.11956969558251274,0.6325169756618605
1659660197471960,0.5606164644846263,0.09100480659189714,0.5985809109636069
1659660197487952,0.5044632639047837,-0.007873655298695326,0.6275120164797441
1659660197503945,0.430121309224079,-0.05133134966048658,0.6836652170595867
1659660197519938,0.3609063859006634,-0.02008087281605242,0.6843976501106281
1659660197535930,0.32452887769893923,-0.027649347676813818,0.7735103379873349
1659660197551923,0.24701304646372169,0.023620965896085977,0.8216067750057219
1659660197567916,0.16498054474708201,0.06292820630197582,0.8152590218966962
1659660197583908,0.1401998931868471,0.06817730983443937,0.8161135271229112
1659660197599901,0.09503318837262498,0.09503318837262498,0.9228046082246131
1659660197615893,0.0017700465400167786,0.12701609826810145,1.0668497749294268
1659660197631886,-0.060852979324025114,0.16180666819256917,0.9951934081025406
1659660197647879,-0.06585793850614197,0.15082017242694779,0.8913099870298318
1659660197663871,-0.09881742580300612,0.08184939345387932,1.0100862134737163
1659660197679864,-0.19940489814602902,0.06683451590753009,1.179156176089113
1659660197695857,-0.28070496681162727,0.12738231479362216,1.1321583886472881
1659660197711849,-0.3744563973449302,0.06378271152819082,0.9406271457999544
1659660197727813,-0.42999923704890497,-0.021057450217440987,0.871656366826886
1659660197743806,-0.4072938124666208,-0.007995727473868897,1.066483558403906
1659660197759799,-0.45587853818570245,0.050598916609445155,1.0668497749294268
1659660197775791,-0.5792935072861831,0.11407644769970204,1.0106965743495842
1659660197791784,-0.6421606775005722,0.1553368429083699,0.966628519111925
1659660197807777,-0.6287327382314793,0.09185931181811213,0.9236591134508281
1659660197823769,-0.6510719462882428,-0.0042114900434881974,0.8627450980392153
1659660197839762,-0.8074464026855876,-0.06182955672541368,0.98286411841001
1659660197855754,-0.9391622796978716,0.04254215304798947,1.0633096818493932
1659660197871747,-0.8930189974822613,0.12115663385976916,0.9250019073777374
1659660197887740,-0.825391012436103,0.06585793850614152,0.7293202105745022
1659660197903732,-0.8622568093385214,-0.0017700465400167786,0.7720454718852521
1659660197919725,-0.9624780651560236,0.050720988784618726,0.9624780651560236
1659660197935718,-0.9754177157244222,0.20172426947432687,0.8810559243152518
1659660197951710,-0.9293965056839855,0.11822690165560346,0.7718013275349049
1659660197967703,-0.9331807431143662,-0.0394903486686502,0.5923552300297548
1659660197983696,-1.0626993209735258,-0.13861295490959025,0.5907682917524983
1659660197999688,-1.0889448386358436,-0.08026245517662334,0.8345464255741204
1659660198015681,-1.068070496681163,0.06659037155718295,0.825268940260929
1659660198031674,-1.027542534523537,0.016662851911192433,0.7434805828946365
1659660198047699,-1.0017853055619135,-0.07037460898756409,0.6576638437476161
1659660198063691,-1.084550240329595,-0.03717097734035235,0.6782940413519496
1659660198079684,-1.0606240939955747,0.08636606393530144,0.684153505760281
1659660198095677,-1.0291294728007934,0.022400244144350268,0.6040741588464176
1659660198111669,-1.0204623483634698,-0.0567025253681237,0.5673304341191727
1659660198127662,-1.047440299076829,-0.08343633173113618,0.6211642633707175
1659660198143654,-1.0720988784618908,-0.057190814068817986,0.6461890592813004
1659660198159647,-1.0786907759212636,-0.05145342183566015,0.6343480582894641
1659660198175640,-1.0752727550164036,-0.03399710078583951,0.6424048218509197
1659660198191632,-1.0724650949874115,4.272526131074983E-4,0.6588845654993518
1659660198207625,-1.0662394140535594,-0.03045700770580595,0.6723125047684446
1659660198223618,-1.050858319981689,-0.09539940489814613,0.7067368581673916
1659660198239610,-1.0536659800106811,-0.08624399176012831,0.7287098496986344
1659660198255603,-1.057694361791409,-0.06268406195162912,0.7270008392462044
1659660198271596,-1.0595254444190125,-0.0715953307392998,0.7165026321812773
1659660198287588,-1.0441443503471426,-0.04095521477073305,0.7235828183413444
1659660198303581,-1.051712825207904,-0.004821850919356052,0.7710688944838635
1659660198319574,-1.032913710231174,0.04827954528114731,0.7824216067750056
1659660198335566,-1.0041046768902113,0.0919813839932857,0.7964599069199663
1659660198351559,-0.9821316853589686,0.08392462043183002,0.826977950713359
1659660198367523,-0.9746852826733807,0.0327763790341038,0.892652780956741
1659660198383515,-0.949294270237278,0.005554283970397478,0.9173113603418024
1659660198399508,-0.9149919890135041,-0.010803387502861028,0.9230487525749602
1659660198415501,-0.8603036545357443,-0.01751735713740743,0.9190203707942324
1659660198431493,-0.8107423514152741,0.0038452735179674846,0.9530785076676587
1659660198447486,-0.7694819562066071,0.02545204852368954,0.98286411841001
1659660198463479,-0.7388418402380408,0.02911421377889667,1.0131380178530556
1659660198479471,-0.7009994659342338,0.05133134966048658,1.0127718013275349
1659660198495464,-0.6380102235446707,0.031189440756847375,1.0056916151674677
1659660198511457,-0.5784390020599681,0.023743038071259548,1.0006866559853513
1659660198527449,-0.5329060807202257,0.013366903181506018,1.034378576333257
1659660198543442,-0.48493171587701234,0.033752956435492365,1.041458762493324
1659660198559435,-0.42328526741435857,0.047913328755626594,1.013870450904097
1659660198575427,-0.3455252918287939,0.04205386434729519,0.9857938506141757
1659660198591420,-0.2661783779659723,0.05767910276951227,0.9617456321049822
1659660198607412,-0.201968413824674,0.05682459754329727,0.9877470054169528
1659660198623405,-0.14874494544899663,0.06659037155718295,0.9816433966582743
1659660198639398,-0.07281605249103551,0.07428091859311792,0.9494163424124515
1659660198655390,0.016662851911192433,0.059876401922636546,0.9412375066758223
1659660198671383,0.09979400320439424,0.06256198977645511,0.8649423971923396
1659660198687347,0.167544060425727,0.021179522392614558,0.8416266117341875
1659660198703340,0.2179598687724118,0.004333562218661768,0.8081788357366291
1659660198719332,0.2998702983138779,0.007995727473868897,0.7019760433356224
1659660198735325,0.383733882658122,-0.017151140611886717,0.6021210040436404
1659660198751318,0.43830014496070824,-0.0669565880827041,0.573800259403372
1659660198767310,0.44452582589456036,-0.10785076676585037,0.7050278477149616
1659660198783303,0.421576256961929,-0.012756542305638163,0.6946517128252081
1659660198799296,0.45636682688639674,0.0015259021896696368,0.6165255207141218
1659660198815288,0.5261921110856793,-0.1535057602807659,0.5095902952620737
1659660198831281,0.5897917143511098,-0.3108567940794993,0.5225299458304722
1659660198847273,0.6413061722743576,-0.35284962233920814,0.5425497825589378
1659660198863266,0.6819562066071567,-0.3211108567940797,0.5203326466773479
1659660198879259,0.7251697566186008,-0.21026932173647683,0.46210421911955457
1659660198895251,0.7827878233005263,-0.10235751888303968,0.3594415197985805
1659660198911244,0.8212405584802012,-0.09381246662088971,0.2234531166552225
1659660198927237,0.8130617227435719,-0.10894941634241251,0.14435034714274853
1659660198943229,0.7654535744258792,-0.08221560997940047,0.1461814297703521
1659660198959222,0.7659418631265735,-0.18158236057068722,0.13482871747921
1659660198975215,0.8219729915312426,-0.2976729991607536,0.10760662241550278
1659660198991207,0.855420767528801,-0.31744869153887256,0.08490119783321859
1659660199007202,0.8448004882887004,-0.3037766079194322,0.11078049897001563
1659660199023194,0.8463874265659568,-0.28876173037308295,0.1494773785000385
1659660199039187,0.8964370183871218,-0.27777523460746156,0.14435034714274853
1659660199055180,0.947585259784848,-0.24628061341268026,0.10540932326237851
1659660199071172,0.9633325703822386,-0.2503089951934081,0.060975051499198685
1659660199087165,0.930495155260548,-0.22113374532692465,0.04254215304798947
1659660199103158,0.8809338521400782,-0.24139772640573742,0.04852368963149445
1659660199119150,0.8766613260090033,-0.3374685282673382,0.06622415503166224
1659660199135143,0.8783703364614333,-0.3933775844968337,0.08551155870908644
1659660199151136,0.8800793469138632,-0.3353933012893875,0.07342641336690292
1659660199167128,0.8826428625925082,-0.2890058747234301,0.05767910276951227
1659660199183121,0.857984283207446,-0.2583657587548638,0.055848020141908705
1659660199199113,0.8233157854581519,-0.241519798580911,0.09015030136568214
1659660199215106,0.803662165255207,-0.24213015945677885,0.13714808880750784
1659660199231099,0.7930418860151063,-0.28412298771648725,0.18072785534447267
1659660199247091,0.7731441214618142,-0.30438696879530003,0.2499427786678874
1659660199263084,0.7658197909514,-0.28668650339513224,0.3419851987487599
1659660199279077,0.7617914091706721,-0.24847791256580454,0.4245059891660947
1659660199295069,0.7554436560616464,-0.19794003204394617,0.46601052872510884
1659660199311062,0.7468986037994965,-0.1455710688944838,0.4997024490730144
1659660199327026,0.7183337148088809,-0.1359273670557717,0.493842984664683
1659660199343019,0.6880598153658353,-0.15777828641184088,0.5296101319905393
1659660199359011,0.6729228656443125,-0.1707179369802394,0.603952086671244
1659660199375004,0.6452124818799119,-0.15704585336079946,0.6248264286259246
1659660199390997,0.5853971160448612,-0.049256122682535874,0.5775844968337527
1659660199406989,0.466254673075456,0.1423971923399714,0.5254596780346379
1659660199422982,0.431830319676509,0.19354543373769761,0.6021210040436404
1659660199438974,0.4612497138933396,0.11248950942244562,0.648020141908904
1659660199454967,0.459418631265736,0.013488975356679589,0.7356679636835279
1659660199470960,0.41474021515220905,-0.047913328755626594,0.8166018158236055
1659660199486952,0.3367360952162963,0.01873807888914314,0.7996337834744791
1659660199502945,0.2687418936446173,0.09503318837262498,0.8488288700694282
1659660199518938,0.17669947356374482,0.17962920576791053,0.8944838635843446
1659660199534930,0.10150301365682424,0.19415579461356547,0.9323262378881516
1659660199550923,0.059632257572289404,0.19794003204394617,0.9612573434042879
1659660199566916,0.029968719005111666,0.15643549248493205,1.0139925230792706
1659660199582908,-0.011779964904249596,0.14312962539101282,1.034378576333257
1659660199598901,-0.06890974288548124,0.18292515449759694,0.973464560921645
1659660199614894,-0.11248950942244607,0.2158846417944611,0.8556649118791482
1659660199630886,-0.17779812314030652,0.16119630731670131,0.9270771343556881
1659660199646850,-0.27582207980468443,0.1575341420614942,1.0819867246509496
1659660199662843,-0.382757305256733,0.2200350957503625,1.0779583428702217
1659660199678835,-0.3882505531395437,0.21356527046616325,0.8917982757305261
1659660199694828,-0.35370412756542313,0.0869764248111693,0.831250476844434
1659660199710821,-0.4834668497749295,0.10211337453269209,1.0126497291523613
1659660199726813,-0.6409399557488364,0.26056305790798806,1.0888227664606696
1659660199742806,-0.6317845426108186,0.34711223010604986,1.034622720683604
1659660199758799,-0.5604943923094527,0.26263828488593877,0.8479743648432132
1659660199774791,-0.6381322957198443,0.09137102311741785,0.8480964370183868
1659660199790784,-0.787426565957122,0.14703593499656709,1.0047150377660792
1659660199806777,-0.801098649576562,0.26813153276874946,0.9346456092164495
1659660199822769,-0.8034180209048598,0.2621499961852445,0.865674830243381
1659660199838762,-0.8593270771343557,0.21637293049515538,0.715159838254368
1659660199854755,-1.0098420691233692,0.17669947356374482,0.8339360646982525
1659660199870747,-1.0552529182879375,0.14007782101167354,0.9856717784390021
1659660199886740,-0.97261005569543,0.13446250095368928,0.909742885481041
1659660199902732,-0.946730754558633,0.027161058976119534,0.680735484855421
1659660199918725,-1.0106965743495842,-0.10040436408026254,0.5480430304417485
1659660199934718,-1.0968795300221257,-0.0800183108262762,0.7754634927901121
1659660199950710,-1.0606240939955747,0.238101777676051,0.7836423285267413
1659660199966705,-1.0276646066987105,0.28082703898680084,0.7056382085908295
1659660199982698,-1.0102082856488899,0.08197146562905289,0.5518272678721292
1659660199998690,-1.0814984359502557,-0.12188906691081103,0.6381322957198448
1659660200014683,-1.0951705195696957,-0.161440451667048,0.8542000457770653
1659660200030676,-1.0443884946974897,-0.018127718013275285,0.7042954146639202
1659660200046668,-1.021560997940032,0.046814679179064456,0.5675745784695199
1659660200062661,-1.0117952239261463,0.09100480659189714,0.5108110170138094
1659660200078653,-1.036331731136034,0.06671244373235652,0.572091248950942
1659660200094646,-1.0512245365072097,0.027649347676813818,0.609079118028534
1659660200110639,-1.0489051651789119,0.05279621576256943,0.6033417257953761
1659660200126631,-1.0606240939955747,0.06024261844815726,0.6282444495307855
1659660200142624,-1.0805218585488672,0.04083314259555948,0.6651102464332039
1659660200158617,-1.0893110551613643,0.033630884260318794,0.7089341573205159
1659660200174609,-1.091386282139315,-0.015320057984283153,0.7365224689097429
1659660200190602,-1.0755168993667508,-0.0707408255130848,0.7158922713054094
1659660200206595,-1.076005188067445,-0.11163500419623107,0.7400625619897765
1659660200222587,-1.0803997863736936,-0.015320057984283153,0.7365224689097429
1659660200238580,-1.080033569848173,0.036316472114137355,0.7826657511253527
1659660200254572,-1.1055466544594492,0.06073090714885154,0.784008545052262
1659660200270565,-1.1072556649118792,0.0613412680247194,0.8128175783932248
1659660200286560,-1.0822308690012972,0.07489127946898577,0.8134279392690926
1659660200302552,-1.059647516594186,0.1024795910582128,0.8390630960555425
1659660200318545,-1.0148470283054856,0.15741206988632062,0.8616464484626531
1659660200334538,-0.9564965285725187,0.22626077668421463,0.8856946669718475
1659660200350530,-0.8991226062409399,0.24249637598229956,0.9309834439612423
1659660200366523,-0.8498054474708172,0.17279316395819055,0.9452658884565501
1659660200382516,-0.8115968566414891,0.09991607537956781,0.9715114061188679
1659660200398508,-0.7709468223086899,0.06268406195162868,0.990554665445945
1659660200414501,-0.7326161593041887,0.06939803158617508,0.9921416037232014
1659660200430493,-0.6885481040665296,0.10540932326237851,1.0116731517509727
1659660200446486,-0.63764400701915,0.11920347905699202,1.0203402761882963
1659660200462479,-0.5593957427328906,0.1281147478446636,1.0032501716639963
1659660200478471,-0.48578622110322733,0.1566796368352792,0.9801785305561914
1659660200494464,-0.4323186083772028,0.15362783245593992,0.98286411841001
1659660200510457,-0.38312352178225373,0.1629053177691313,0.9638208590829329
1659660200526449,-0.3230640115968568,0.1558251316090642,0.954421301594568
1659660200542442,-0.23273060196841389,0.15680170901045276,0.9575951781490808
1659660200558435,-0.16009765774013873,0.18121614404516695,0.914869916838331
1659660200574427,-0.09491111619745185,0.1814602883955141,0.9008316166933703
1659660200590420,-0.01751735713740743,0.1520408941786835,0.9138933394369424
1659660200606384,0.044007019150072324,0.15265125505455135,0.839795529106584
1659660200622377,0.11663996337834703,0.14203097581445068,0.7855954833295185
1659660200638369,0.1965972381170369,0.15143053330281564,0.7774166475928892
1659660200654362,0.2583657587548638,0.12860303654535787,0.7501945525291829
1659660200670354,0.2986495765621422,0.12750438696879574,0.7410391393911651
1659660200686347,0.34833295185778557,0.10443274586098994,0.6763408865491725
1659660200702340,0.4212100404364083,0.06317235065232296,0.5537804226749063
1659660200718332,0.49628442816815443,-0.007385366598001042,0.5116655222400244
1659660200734325,0.520576791027695,-0.010803387502861028,0.47138170443274596
1659660200750318,0.5443808651865414,-4.272526131074983E-4,0.42902265964751685
1659660200766310,0.5913786526283662,-0.017761501487754572,0.3817807278553449
1659660200782303,0.6356908522163733,-0.006408789196612474,0.3486991683833063
1659660200798296,0.7089341573205159,0.011291676203555312,0.30939192797741644
1659660200814288,0.8390630960555425,-0.01861600671396957,0.23334096284428174
1659660200830281,0.8974135957885103,-0.018493934538795997,0.20965896086060898
1659660200846274,0.8828870069428554,0.028503852903028815,0.22626077668421463
1659660200862266,0.8357671473258561,0.025696192874036683,0.24347295338368813
1659660200878259,0.8347905699244675,-0.12628366521705958,0.23358510719462888
1659660200894251,0.8578622110322724,-0.28253604943923083,0.2188143739986268
1659660200910244,0.8623788815136946,-0.3579766536964981,0.18915083543144906
1659660200926208,0.8987563897154196,-0.37848477912565803,0.14728007934691423
1659660200942201,0.9606469825284201,-0.31329823758297115,0.13031204699778787
1659660200958193,0.9765163653009843,-0.17218280308232226,0.15851071946288275
1659660200974186,0.9621118486305029,-0.08575570305943403,0.1582665751125356
1659660200990179,0.9787136644541086,-0.07379262989242408,0.11371023117418133
1659660201006171,0.9788357366292821,-0.14117647058823524,0.017639429312581
1659660201022164,0.9579613946746015,-0.2833905546654458,-0.005310139620050336
1659660201038157,0.939894712748913,-0.3677424277103838,0.0038452735179674846
1659660201054149,0.9463645380331123,-0.344060425726711,-0.00982681010147246
1659660201070142,0.9378194857709623,-0.30218966964217575,-0.01873807888914314
1659660201086135,0.9055924315251396,-0.24603646906233312,-0.0039673456931410556
1659660201102127,0.8694590676737617,-0.21490806439307253,0.03314259555962451
1659660201118120,0.8822766460669875,-0.2310215915159839,0.055848020141908705
1659660201134112,0.883009079118029,-0.23883421072709243,0.06878767071030722
1659660201150105,0.8635996032654303,-0.2175936522468911,0.09796292057679068
1659660201166098,0.8477302204928661,-0.19708552681773117,0.13006790264744073
1659660201182090,0.8566414892805367,-0.18072785534447222,0.15252918287937778
1659660201198083,0.8570077058060575,-0.1421530479896238,0.16656748302433844
1659660201214076,0.8364995803768975,-0.08233768215457404,0.21869230182345323
1659660201230068,0.7963378347447927,-0.043030441748683756,0.27570000762951086
1659660201246063,0.7809567406729228,-0.051941710536354435,0.2952315556572822
1659660201262055,0.7497062638284886,-0.051941710536354435,0.32281986724650924
1659660201278048,0.6836652170595867,-0.02252231631952384,0.4077821011673155
1659660201294041,0.6868390936140996,0.024475471122300974,0.46564431219958813
1659660201310033,0.7614251926451514,0.004455634393835339,0.4846875715266652
1659660201326026,0.7777828641184099,-0.0631723506523234,0.4956740672922866
1659660201342019,0.7500724803540093,0.04864576180666802,0.42523842221713615
1659660201358011,0.7298084992751965,0.18158236057068766,0.3892271305409327
1659660201374004,0.6946517128252081,0.22601663233386748,0.4888380254825666
1659660201389997,0.652292668039979,0.2091706721599147,0.6182345311665518
1659660201405989,0.5792935072861827,0.19293507286182976,0.6835431448844131
1659660201421982,0.5204547188525215,0.16437018387121416,0.764965285725185
1659660201437975,0.4540474555580989,0.14227512016479782,0.7964599069199663
1659660201453967,0.3544365606164641,0.132265201800565,0.7532463569085222
1659660201469960,0.26056305790798806,0.15265125505455135,0.6822003509575039
1659660201485952,0.21686121919584966,0.21576256961928753,0.7824216067750056
1659660201501945,0.20794995040817899,0.31647211413748355,0.903761348897536
1659660201517938,0.18963912413214334,0.4166933699549862,0.8642099641412981
1659660201533930,0.15692378118562633,0.420721751735714,0.7658197909514
1659660201549923,0.09393453879606284,0.312077515831235,0.8251468680857554
1659660201565918,0.03302052338445094,0.2914473182269015,0.98457312886244
1659660201581910,0.005920500495918191,0.36102845807583694,1.1273975738155189
1659660201597903,-0.04193179217212162,0.3822690165560392,1.002761882963302
1659660201613896,-0.10797283894102394,0.2571450370031281,0.8607919432364382
1659660201629888,-0.20099183642328544,0.22272068360418107,0.8992446784161139
1659660201645881,-0.3211108567940797,0.2948653391317615,0.9075455863279167
1659660201661873,-0.3643244068055238,0.3125658045319293,0.8836194399938968
1659660201677866,-0.3886167696650644,0.30475318532082074,0.9353780422674909
1659660201693859,-0.506660563057908,0.3478446631570913,1.0060578316929885
1659660201709851,-0.5880827038986802,0.40216678110933124,1.0445105668726633
1659660201725844,-0.5808804455634395,0.39252307927061914,0.8704356450751503
1659660201741837,-0.6131074998092623,0.2301670862897689,0.8677500572213317
1659660201757829,-0.6859845883878841,0.1725490196078434,0.951857785915923
1659660201773822,-0.7150377660791944,0.32611581597619566,0.9103532463569088
1659660201789815,-0.754711223010605,0.45343709468223103,0.8711680781261917
1659660201805807,-0.8542000457770658,0.32281986724650924,0.7929198138399327
1659660201821800,-0.9281757839322498,0.165835049973297,0.9579613946746015
1659660201837792,-0.8722667277027543,0.2289463645380332,0.9784695201037614
1659660201853785,-0.8678721293965057,0.21747158007171752,0.829541466392004
1659660201869778,-0.9568627450980394,0.168398565651942,0.6112764171816583
1659660201885742,-1.0711223010605022,0.2225986114290075,0.695262073701076
1659660201901734,-1.130937666895552,0.3141527428091857,0.9534447241931794
1659660201917727,-1.099931334401465,0.36054016937514266,0.826977950713359
1659660201933720,-1.047440299076829,0.10736247806515564,0.6182345311665518
1659660201949712,-1.038651102464332,0.014221408407721015,0.5298542763408864
1659660201965705,-1.0705119401846344,0.09674219882505497,0.6903791866941331
1659660201981698,-1.0546425574120697,0.3267261768520635,0.7685053788052185
1659660201997690,-1.0272983901731898,0.3725032425421526,0.6989242389562831
1659660202013683,-1.0169222552834363,0.14850080109864994,0.6736552986953539
1659660202029676,-1.0000762951094835,0.0021362630655374915,0.5951628900587469
1659660202045668,-0.9724879835202564,0.0726939803158615,0.5645227740901806
1659660202061661,-0.9853055619134814,0.08795300221255786,0.5103227283131151
1659660202077654,-1.0132600900282291,0.043030441748683756,0.5463340199893185
1659660202093646,-1.019851987487602,0.12652780956740717,0.5912565804531926
1659660202109639,-1.0265659571221484,0.165835049973297,0.5821011673151748
1659660202125631,-1.0458533607995726,0.15814450293736204,0.5822232394903484
1659660202141624,-1.0608682383459218,0.1524071107042042,0.6442359044785233
1659660202157617,-1.0617227435721368,0.1205462729839013,0.6828107118333717
1659660202173609,-1.050003814755474,0.05609216449225585,0.696971084153506
1659660202189602,-1.0530556191348133,-0.02008087281605242,0.7064927138170445
1659660202205566,-1.0449988555733576,-0.02008087281605242,0.7320057984283208
1659660202221558,-1.038895246814679,0.07830930037384576,0.7561760891126879
1659660202237550,-1.039749752040894,0.14007782101167354,0.7465323872739758
1659660202253543,-1.0573281452658883,0.20672922865644328,0.7837644007019149
1659660202269535,-1.0399938963912412,0.23260852979324032,0.8178225375753412
1659660202285527,-1.0178988326848248,0.19501029983978047,0.8180666819256883
1659660202301519,-0.9970244907301442,0.18158236057068766,0.8240482185091933
1659660202317511,-0.9750514991989014,0.275944151979858,0.8767833981841768
1659660202333503,-0.9529564354924851,0.34833295185778557,0.9585717555504694
1659660202349496,-0.9066910811017013,0.37494468604562403,0.9735866330968186
1659660202365488,-0.8673838406958114,0.3096360723277636,0.978591592278935
1659660202381480,-0.8230716411078052,0.19964904249637616,0.9715114061188679
1659660202397472,-0.7670405127031357,0.12457465476462914,0.9766384374761579
1659660202413464,-0.7227283131151294,0.170107576104372,0.9788357366292821
1659660202429456,-0.6886701762417031,0.20782787823300541,1.027542534523537
1659660202445449,-0.6199435416189822,0.19085984588387905,1.0109407186999313
1659660202461441,-0.5336385137712671,0.16949721522850414,0.954421301594568
1659660202477433,-0.4492866407263296,0.13800259403372284,0.9558861676966508
1659660202493425,-0.39056992446784156,0.16266117341878417,0.9557640955214772
1659660202509417,-0.3529716945143817,0.20050354772259116,0.9690699626153965
1659660202525421,-0.2947432669565879,0.22784771496147105,0.9601586938277258
1659660202541413,-0.21991302357518894,0.21356527046616325,0.9188982986190588
1659660202557406,-0.13409628442816812,0.20123598077363258,0.9121843289845124
1659660202573399,-0.05157549401083372,0.19623102159151617,0.9112077515831238
1659660202589391,-0.012024109254596738,0.17706569008926554,0.9248798352025638
1659660202605384,0.03839169909208806,0.1948882276646069,0.8660410467689017
1659660202621377,0.11273365377279276,0.16302738994430488,0.8642099641412981
1659660202637369,0.1713282978561077,0.11920347905699202,0.8023193713282977
1659660202653362,0.2171053635461968,0.06256198977645511,0.7986572060730905
1659660202669355,0.28839551384756223,0.053772793163958,0.7302967879758908
1659660202685347,0.3747005416952769,0.06622415503166224,0.6842755779354546
1659660202701340,0.4279240100709547,0.062195773250934394,0.6735332265201803
1659660202717332,0.46552224002441456,0.06952010376134865,0.5801480125123977
1659660202733325,0.5139848935683222,0.09466697184710426,0.5808804455634391
1659660202749318,0.5731898985275041,0.06390478370336439,0.5722133211261156
1659660202765310,0.609933623254749,0.03546196688792236,0.5152056153200579
1659660202781303,0.6579079880979632,-0.018005645838101714,0.44538033112077535
1659660202797296,0.6959945067521174,-0.06439307240405912,0.41351949340047334
1659660202813288,0.730540932326238,-0.10150301365682468,0.3770199130235756
1659660202829281,0.751293202105745,-0.08770885786221116,0.3552910658426791
1659660202845245,0.7500724803540093,-0.10589761196307323,0.3003585870145722
1659660202861237,0.7671625848783092,-0.1841458762493322,0.26947432669565874
1659660202877229,0.8018310826276034,-0.20990310521095612,0.26654459449149304
1659660202893221,0.8241702906843669,-0.18719768062867148,0.25140764476997024
1659660202909214,0.8432135500114439,-0.18353551537346435,0.24029907682917528
1659660202925206,0.8542000457770653,-0.20233463035019472,0.21368734264133682
1659660202941198,0.8872816052491039,-0.2263828488593882,0.19647516594186332
1659660202957190,0.9041275654230567,-0.21954680704966822,0.201113908598459
1659660202973182,0.9024185549706267,-0.24408331425955598,0.2007476920729383
1659660202989174,0.8852063782711532,-0.2755779354543373,0.1973296711680783
1659660203005167,0.9021744106202796,-0.2590981918059052,0.1923247119859619
1659660203021159,0.9215838864728774,-0.22748149843595034,0.17535667963683554
1659660203037151,0.9309834439612423,-0.21405355916685753,0.15045395590142707
1659660203053143,0.9258564126039524,-0.2213778896772718,0.1423971923399714
1659660203069135,0.8919203479056996,-0.20526436255436042,0.15436026550698134
1659660203085127,0.8653086137178603,-0.22125581750209822,0.1381246662088964
1659660203101120,0.8655527580682074,-0.23382925154497602,0.12506294346532432
1659660203117112,0.875318532082094,-0.21100175478751826,0.15631342030975848
1659660203133104,0.8577401388570989,-0.1928130006866562,0.19671931029221046
1659660203149096,0.8124513618677041,-0.18439002059967935,0.23163195239185175
1659660203165100,0.7896238651102463,-0.16766613260090013,0.24261844815747313
1659660203181092,0.8047608148317691,-0.18793011367971335,0.25506981002517737
1659660203197084,0.8100099183642326,-0.18182650492103436,0.3192797741664757
1659660203213076,0.7703364614328221,-0.13116655222400242,0.38654154268711416
1659660203229068,0.7420157167925536,-0.10357824063477539,0.4094911116197455
1659660203245061,0.7371328297856108,-0.08087281605249119,0.4153505760280769
1659660203261053,0.7320057984283208,-0.07879758907454049,0.49921416037232014
1659660203277045,0.6931868467231252,-0.09942778667887398,0.5615930418860149
1659660203293037,0.6319066147859926,-0.10931563286793322,0.5467002365148392
1659660203309029,0.5958953231097883,-0.09088273441672401,0.5215533684290836
1659660203325021,0.5841763942931255,-0.03204394598306237,0.5425497825589378
1659660203341014,0.5279011215381093,0.020447089341573133,0.5548790722514685
1659660203357006,0.4459906919966432,0.09478904402227784,0.5388876173037307
1659660203372998,0.42304112306401187,0.15045395590142707,0.6072480354009304
1659660203388990,0.3994811932555127,0.1965972381170369,0.7846189059281299
1659660203404982,0.2659342336156252,0.27911802853437084,0.9190203707942324
1659660203420974,0.17621118486305054,0.2533607995727474,0.8183108262760355
1659660203436967,0.21893644617380037,0.0040894178683146265,0.8142824444953076
1659660203452959,0.1768215457389184,-0.12420843823910888,0.8441901274128325
1659660203468951,0.02020294499122599,-0.07562371252002764,0.9409933623254751
1659660203484954,-0.02801556420233453,0.01873807888914314,0.9711451895933472
1659660203500947,-0.0470588235294116,0.06756694895857152,0.9289082169832916
1659660203516940,-0.12518501564049744,0.06451514457923224,0.9676050965133136
1659660203532932,-0.22162203402761893,0.09893949797817925,0.980300602731365
1659660203548925,-0.29120317387655437,0.13849088273441712,0.9893339436942092
1659660203564918,-0.321599145494774,0.09185931181811213,0.9678492408636608
1659660203580910,-0.39728389410238796,0.040344853894865196,0.982009613183795
1659660203596903,-0.5209430075532158,0.044007019150072324,1.0202182040131227
1659660203612896,-0.5750209811551081,0.062195773250934394,1.0093537804226749
1659660203628888,-0.5292439154650186,0.11322194247348705,0.9584496833752958
1659660203644881,-0.5801480125123981,0.17206073090714913,0.9358663309681852
1659660203660874,-0.7820553902494849,0.1671778439002063,0.9821316853589686
1659660203676866,-0.8324711985961701,0.23260852979324032,1.006179903868162
1659660203692859,-0.7653315022507057,0.20148012512397973,0.9479514763103687
1659660203708851,-0.709178301670863,0.089906157015335,0.822705424582284
1659660203724844,-0.8301518272678723,0.0642710002288851,0.8491950865949489
1659660203740837,-0.9757839322499429,0.055848020141908705,0.9489280537117573
1659660203756829,-0.9997100785839628,0.14752422369726137,0.8686045624475467
1659660203772822,-0.9588158999008165,0.0701304646372165,0.8159914549477376
1659660203788815,-0.9091325246051727,-0.049256122682535874,0.7040512703135731
1659660203804779,-0.9318379491874569,-0.017639429312581,0.7511711299305714
1659660203820771,-0.978591592278935,0.15741206988632062,0.839795529106584
1659660203836763,-1.1122606240939956,0.3867856870374613,0.8203860532539862
1659660203852755,-1.1038376440070192,0.28070496681162727,0.7603265430685893
1659660203868747,-1.08369573510338,0.00836194399938961,0.5727016098268098
1659660203884740,-1.051712825207904,-0.15240711070420376,0.5684290836957349
1659660203900732,-1.0771038376440072,-0.09686427100022899,0.642893110551614
1659660203916724,-1.1532768749523155,0.029846646829938095,0.732249942778668
1659660203932716,-1.1227588311589227,0.06659037155718295,0.6853742275120167
1659660203948708,-1.0630655374990465,0.04486152437628732,0.5543907835507742
1659660203964700,-1.016433966582742,0.08355840390630931,0.5446250095368885
1659660203980692,-1.0222934309910734,0.12420843823910843,0.5871061264972912
1659660203996685,-1.0681925688563365,0.1310444800488293,0.5525597009231706
1659660204012677,-1.0473182269016554,0.09356832227054213,0.5564660105287249
1659660204028669,-1.0186312657358663,0.08514534218356573,0.5409628442816814
1659660204044661,-1.0150911726558327,0.07293812466620864,0.5226520180056458
1659660204060653,-1.0412146181429769,0.05230792706187515,0.53510337987335
1659660204076645,-1.0609903105210954,0.03338673990997165,0.5757534142061491
1659660204092638,-1.0630655374990465,-0.0018921187151903496,0.6322728313115134
1659660204108630,-1.0606240939955747,-0.0394903486686502,0.6624246585793854
1659660204124603,-1.0490272373540854,-0.06622415503166268,0.6876935988403146
1659660204140595,-1.048294804303044,-0.0657358663309684,0.688426031891356
1659660204156587,-1.0788128480964372,0.0014038300144960658,0.7057602807660031
1659660204172579,-1.0991989013504235,0.06500343327992653,0.7144274052033266
1659660204188572,-1.1139696345464256,0.12249942778667844,0.7884031433585106
1659660204204564,-1.0895551995117114,0.14373998626688067,0.7979247730220491
1659660204220556,-1.0639200427252615,0.13531700617990428,0.7847409781033035
1659660204236548,-1.0435339894712747,0.016540779736018862,0.8552986953536275
1659660204252540,-1.0000762951094835,-0.05389486533913157,0.874219882505531
1659660204268532,-0.9711451895933472,0.017639429312581,0.9298847943846802
1659660204284525,-0.946730754558633,0.16510261692225559,0.9466086823834594
1659660204300517,-0.9064469367513541,0.308659494926375,0.9293965056839859
1659660204316509,-0.8374761577782865,0.33112077515831206,0.9796902418554971
1659660204332501,-0.7688715953307392,0.26398107881284805,0.9550316624704358
1659660204348493,-0.7434805828946365,0.17401388570992626,0.9943389028763256
1659660204364485,-0.7232166018158237,0.13849088273441712,1.0021515220874342
1659660204380478,-0.6735332265201799,0.17267109178301698,1.030350194552529
1659660204396470,-0.6029755092698559,0.18048371099412552,1.0180209048599984
1659660204412462,-0.5250934615091172,0.14850080109864994,1.002517738612955
1659660204428454,-0.455146105134661,0.1687647821774627,0.9744411383230336
1659660204444458,-0.3967956054016937,0.21698329137102323,0.9973907072556649
1659660204460450,-0.32928969253070894,0.23492790112153816,0.97944609750515
1659660204476442,-0.2553139543755245,0.22394140535591678,0.9668726634622722
1659660204492434,-0.17767605096513295,0.20648508430609613,0.9491721980621044
1659660204508426,-0.10162508583199825,0.19244678416113548,0.9334248874647137
1659660204524418,-0.048035400930800165,0.22442969405661106,0.8853284504463268
1659660204540411,0.0039673456931410556,0.20343327992675686,0.8634775310902567
1659660204556403,0.05035477225909801,0.13531700617990428,0.8194094758525976
1659660204572395,0.10577553978789922,0.11053635461966849,0.8139162279697869
1659660204588387,0.17987335011825767,0.11956969558251274,0.7812008850232699
1659660204604379,0.25421530479896237,0.1372701609826814,0.7085679407949952
1659660204620371,0.3234302281223771,0.16742198825055343,0.6757305256733046
1659660204636364,0.4043640802624555,0.13202105745021786,0.6349584191653319
1659660204652356,0.46771953917753883,0.1214007782101163,0.5553673609521628
1659660204668348,0.49628442816815443,0.10016021972991496,0.539375906004425
1659660204684340,0.5531700617990385,0.06610208285648866,0.495551995117113
1659660204700332,0.6267795834287027,0.07745479514763076,0.47687495231555665
1659660204716324,0.6759746700236517,0.06976424811169579,0.4108339055466548
1659660204732317,0.7072251468680859,0.03826962691691449,0.3892271305409327
1659660204748309,0.7196765087357901,-0.010803387502861028,0.3716487373159376
1659660204764312,0.7517814908064393,-0.09039444571602973,0.3225757228961621
1659660204780305,0.7815671015487906,-0.13226520180056456,0.2780193789578087
1659660204796297,0.8118410009918362,-0.12530708781567101,0.2621499961852445
1659660204812289,0.829541466392004,-0.15973144121461802,0.24408331425955598
1659660204828281,0.8433356221866175,-0.1837796597238115,0.22540627145799963
1659660204844273,0.877882047760739,-0.21283283741512182,0.18719768062867193
1659660204860265,0.8991226062409403,-0.2213778896772718,0.16656748302433844
1659660204876258,0.9234149691004809,-0.1914702067597469,0.1730373083085377
1659660204892250,0.9147478446631574,-0.1707179369802394,0.16595712214847058
1659660204908242,0.8897230487525754,-0.17608911268787653,0.13080033569848215
1659660204924234,0.8803234912642104,-0.17804226749065366,0.10370031280994851
1659660204940226,0.951003280689708,-0.1724269474326694,0.09027237354085571
1659660204956218,0.9696803234912643,-0.15863279163805588,0.10821698329137064
1659660204972211,0.9285420004577709,-0.16205081254291587,0.1276264591439693
1659660204988203,0.9276874952315559,-0.2091706721599147,0.11725032425421489
1659660205004195,0.9668726634622722,-0.22284275577935464,0.08746471351186358
1659660205020187,0.9757839322499429,-0.2016021972991533,0.06060883497367797
1659660205036179,0.9442893110551616,-0.19049362935835834,0.06036469062333083
1659660205052171,0.8863050278477154,-0.17181658655680154,0.08294804303044145
1659660205068163,0.8810559243152518,-0.1919584954604412,0.0861219195849543
1659660205084137,0.8837415121690704,-0.20050354772259116,0.08294804303044145
1659660205100129,0.8827649347676818,-0.17804226749065366,0.10479896238651065
1659660205116121,0.8488288700694282,-0.163149462119478,0.13165484092469715
1659660205132113,0.8213626306553747,-0.18646524757763006,0.18158236057068766
1659660205148105,0.8159914549477376,-0.20807202258335256,0.2465247577630274
1659660205164097,0.7945067521171891,-0.15387197680628661,0.31024643320363143
1659660205180090,0.7924315251392384,-0.11383230334935535,0.3167162584878307
1659660205196082,0.7963378347447927,-0.0905165178912033,0.3444266422522313
1659660205212074,0.7707026779583428,-0.09442282749675757,0.37689784084840205
1659660205228066,0.7285877775234608,-0.10894941634241251,0.4557564660105289
1659660205244058,0.6958724345769438,-0.14483863584344236,0.5413290608072021
1659660205260050,0.6654764629587246,-0.12396429388876173,0.5578088044556342
1659660205276043,0.6525368123903261,-0.009338521400778177,0.558419165331502
1659660205292035,0.6078583962767983,0.08392462043183002,0.5852750438696877
1659660205308027,0.5593957427328906,0.1050431067368578,0.6426489662012669
1659660205324019,0.5078812848096437,0.1456931410696578,0.645456626230259
1659660205340011,0.47516594186312666,0.2310215915159839,0.5573205157549399
1659660205356003,0.44965285725185034,0.2562905317769131,0.5425497825589378
1659660205371996,0.3847104600595106,0.19073777370870548,0.6183566033417254
1659660205387988,0.21185626001373326,0.10992599374380063,0.7338368810559244
1659660205403961,0.054383154039825854,0.11517509727626418,0.8583504997329667
1659660205419953,0.04046692607003877,0.02789349202716096,0.9569848172732129
1659660205435945,0.08050659952697004,-0.11749446860456247,0.98115510795758
1659660205451937,0.01898222323949028,-0.12164492256046389,0.9943389028763256
1659660205467929,-0.07403677424277122,0.001159685664148924,0.9967803463797971
1659660205483922,-0.05365072098878443,0.10809491111619707,1.0199740596627755
1659660205499914,-0.02398718242160669,0.18658731975280407,1.029251544975967
1659660205515906,-0.17730983443961224,0.21515220874341967,1.0590371557183182
1659660205531898,-0.36456855115587095,0.2343175402456703,0.9954375524528878
1659660205547890,-0.3463797970550089,0.14081025406271497,0.9444113832303351
1659660205563882,-0.26178377965972377,0.0289921416037231,0.9938506141756314
1659660205579875,-0.37543297474631876,0.016662851911192433,1.1282520790417339
1659660205595867,-0.5665980010681317,0.16791027695124772,1.0939497978179595
1659660205611859,-0.5725795376516367,0.26947432669565874,0.951857785915923
1659660205627851,-0.5017776760509651,0.1591210803387506,0.838941023880369
1659660205643843,-0.5831998168917374,0.049378194857709445,0.9585717555504694
1659660205659835,-0.7541008621347371,0.10980392156862706,1.093827725642786
1659660205675828,-0.7703364614328221,0.2628824292362859,1.0357213702601662
1659660205691820,-0.6516823071641107,0.19708552681773117,0.8886243991760132
1659660205707812,-0.64960708018616,0.044007019150072324,0.7954833295185777
1659660205723816,-0.8489509422446022,0.024353398947127403,0.9086442359044788
1659660205739808,-0.9201190203707941,0.17145037003128127,0.9053482871747924
1659660205755800,-0.8772716868848707,0.22394140535591678,0.8485847257190811
1659660205771792,-0.8953383688105592,0.15130846112764207,0.7002670328831924
1659660205787784,-0.9696803234912643,0.0327763790341038,0.7334706645304037
1659660205803776,-0.9499046311131458,0.11358815899900776,0.7912108033875027
1659660205819769,-0.9188982986190584,0.15484855420767563,0.8256351567864497
1659660205835761,-0.9557640955214772,0.10211337453269209,0.751293202105745
1659660205851753,-1.0012970168612192,0.024353398947127403,0.7112535286488137
1659660205867745,-1.0298619058518348,0.022156099794003126,0.727122911421378
1659660205883737,-1.0677042801556422,0.13324177920195357,0.768383306630045
1659660205899729,-1.0365758754863812,0.25140764476997024,0.7374990463111315
1659660205915722,-0.9954375524528878,0.13556115053025142,0.7457999542229343
1659660205931714,-1.013870450904097,0.05865568017090084,0.7051499198901352
1659660205947706,-0.9921416037232014,0.05133134966048658,0.6593728542000461
1659660205963698,-1.0020294499122606,0.06854352635996008,0.6486305027847719
1659660205979690,-1.0341344319829098,0.1251850156404979,0.5950408178835733
1659660205995682,-1.0229037918669412,0.10687418936446136,0.6001678492408633
1659660206011675,-0.9922636758983749,0.0747692072938122,0.5829556725413898
1659660206027667,-1.0137483787289234,0.08099488822766432,0.6112764171816583
1659660206043640,-1.0216830701152055,0.09076066224155,0.5984588387884333
1659660206059632,-1.0348668650339512,0.05621423666742942,0.6205539024948497
1659660206075624,-1.0297398336766612,0.03973449301899734,0.6361791409170676
1659660206091616,-1.0219272144655527,0.013977264057373873,0.6771953917753875
1659660206107608,-1.0338902876325626,-0.013488975356679589,0.7171129930571452
1659660206123601,-1.035477225909819,-0.02252231631952384,0.7365224689097429
1659660206139593,-1.0634317540245672,0.03314259555962451,0.7283436331731137
1659660206155585,-1.0578164339665825,0.06842145418478651,0.7699702449073014
1659660206171577,-1.0511024643320361,0.06280613412680225,0.7672846570534828
1659660206187569,-1.0355992980849926,0.05096513313496587,0.7764400701915006
1659660206203561,-1.0353551537346455,0.08722056916151644,0.7733882658121614
1659660206219554,-1.0417029068436712,0.1423971923399714,0.8628671702143889
1659660206235546,-1.0071564812695506,0.1444724193179221,0.9529564354924851
1659660206251538,-0.9594262607766844,0.10858319981689135,0.971755550469215
1659660206267530,-0.9188982986190584,0.11187914854657777,0.9259784847791259
1659660206283522,-0.8886243991760128,0.13263141832608571,0.9265888456549938
1659660206299514,-0.8601815823605707,0.17169451438162842,0.9444113832303351
1659660206315507,-0.8124513618677041,0.18084992751964624,0.9878690775921264
1659660206331499,-0.7697261005569542,0.17145037003128127,1.0037384603646906
1659660206347491,-0.753002212558175,0.17950713359273696,0.9984893568322271
1659660206363494,-0.6835431448844127,0.17267109178301698,1.0004425116350042
1659660206379487,-0.614328221560998,0.167544060425727,1.033524071107042
1659660206395479,-0.5602502479591056,0.22186617837796607,1.0099641412985427
1659660206411471,-0.4669871061264974,0.23382925154497602,1.0110627908751049
1659660206427463,-0.38519874876020443,0.20526436255436042,0.9567406729228658
1659660206443455,-0.3374685282673382,0.16522468909742916,0.9940947585259785
1659660206459447,-0.2730144197756923,0.13592736705577213,1.0055695429922942
1659660206475440,-0.21527428091859324,0.1461814297703521,0.9955596246280614
1659660206491432,-0.14239719233997095,0.1788967727168691,0.940749217975128
1659660206507424,-0.07379262989242408,0.207095445181964,0.8953383688105596
1659660206523416,-0.007995727473868897,0.23993286030365457,0.8499275196459903
1659660206539408,0.0499885557335773,0.20062561989776473,0.8229495689326312
1659660206555400,0.09527733272297212,0.11712825207904132,0.8292973220416568
1659660206571393,0.17328145265888484,0.07891966124971361,0.8296635385671776
1659660206587385,0.2633707179369802,0.09686427100022854,0.8057373922331577
1659660206603377,0.313786526283665,0.1109025711451892,0.7012436102845809
1659660206619369,0.3537041275654227,0.1109025711451892,0.6236057068741889
1659660206635361,0.39545281147478484,0.07672236209658934,0.6258030060273141
1659660206651353,0.43744563973449324,0.033630884260318794,0.5775844968337527
1659660206667346,0.4860303654535745,-0.016784924086366004,0.5369344625009536
1659660206683349,0.5526817730983442,-0.034973678187228074,0.4898146028839552
1659660206699341,0.6179903868162047,-0.03997863736934448,0.4766308079652095
1659660206715334,0.6629129472800797,-0.029968719005111666,0.4408636606393532
1659660206731326,0.6751201647974368,-0.011657892729076025,0.3969176775768677
1659660206747318,0.7223620965896087,-0.0289921416037231,0.3704280155642019
1659660206763310,0.7842526894026092,-0.09149309529259186,0.3733577477683676
1659660206779302,0.8104982070649269,-0.13409628442816812,0.3830014496070806
1659660206795294,0.8284428168154419,-0.17315938048371082,0.3943541618982227
1659660206811287,0.8524910353246353,-0.1690089265278094,0.3847104600595106
1659660206827279,0.8595712214847024,-0.1736476691844051,0.32233157854581496
1659660206843271,0.840650034332799,-0.2728923476005187,0.2503089951934081
1659660206859263,0.8104982070649269,-0.4018005645838101,0.20440985732814543
1659660206875255,0.8362554360265504,-0.3858091096360723,0.19476615548943332
1659660206891247,0.8839856565194175,-0.30682841229877145,0.16400396734569345
1659660206907240,0.9280537117570766,-0.24701304646372169,0.11615167467765275
1659660206923232,0.9275654230563823,-0.1712062256809337,0.08404669260700359
1659660206939224,0.9049820706492717,-0.12713817044327458,0.08746471351186358
1659660206955216,0.918287937743191,-0.19562066071564832,0.08941786831464071
1659660206971208,0.9367208361944002,-0.2775310902571144,0.08905165178912
1659660206987200,0.9259784847791259,-0.3320973525597011,0.09344625009536855
1659660207003173,0.908033875028611,-0.32465094987411325,0.13238727397573857
1659660207019166,0.8769054703593504,-0.2897383077744715,0.15460440985732848
1659660207035158,0.8936293583581296,-0.2764324406805523,0.13763637750820212
1659660207051150,0.9179217212176702,-0.23749141680018315,0.1129777981231399
1659660207067142,0.9120622568093388,-0.19171435111009405,0.10077058060578281
1659660207083134,0.8942397192339975,-0.18780804150453978,0.1167620355535206
1659660207099126,0.897779812314031,-0.2133211261158161,0.13617151140611927
1659660207115119,0.8646982528419924,-0.20636301213092256,0.16900892652780986
1659660207131111,0.8300297550926983,-0.1832913710231172,0.17816433966582768
1659660207147103,0.7920653086137177,-0.18683146410315077,0.18805218585488692
1659660207163095,0.7921873807888913,-0.164858472571908,0.22235446707866036
1659660207179087,0.8129396505683983,-0.16180666819256873,0.2859540703440908
1659660207195079,0.8035400930800334,-0.15362783245593947,0.3518730449378191
1659660207211072,0.7663080796520942,-0.1392233157854581,0.3851987487602049
1659660207227064,0.763256275272755,-0.15790035858701446,0.4099794003204398
1659660207243056,0.7744869153887235,-0.14776836804760807,0.45709925993743816
1659660207259048,0.7190661478599223,-0.11004806591897465,0.5059281300068665
1659660207275040,0.6924544136720838,-0.0820935378042269,0.5281452658884564
1659660207291032,0.7067368581673916,-0.06744487678339839,0.6100556954299226
1659660207307025,0.6464332036316476,0.0214236667429617,0.6690165560387582
1659660207322998,0.5475547417410542,0.16607919432364415,0.6337376974135962
1659660207338990,0.532539864194705,0.1776760509651334,0.5869840543221176
1659660207354982,0.47809567406729236,0.10675211718928779,0.596261539635309
1659660207370974,0.3838559548332956,0.05535973144121442,0.6769512474250403
1659660207386966,0.3132982375829707,0.0386358434424352,0.6605935759517818
1659660207402958,0.2876630807965208,-0.06195162890058725,0.7700923170824749
1659660207418951,0.22406347753109035,-0.0867322804608226,0.8008545052262148
1659660207434943,0.12457465476462914,0.019226367589837423,0.803662165255207
1659660207450935,0.04644846265354374,0.1482566567483028,0.9530785076676587
1659660207466927,0.06585793850614152,0.24347295338368813,1.0045929655909056
1659660207482919,0.07525749599450648,0.2533607995727474,0.9511253528648815
1659660207498911,-0.02667277027542525,0.1873197528038455,0.858838788433661
1659660207514904,-0.16754406042572656,0.11139085984588348,0.9059586480506603
1659660207530896,-0.23126573586633103,0.03533989471274879,1.1252002746623946
1659660207546888,-0.23651483939879459,0.09332417792019498,1.137895780880446
1659660207562880,-0.3087815671015486,0.20428778515297186,1.0192416266117341
1659660207578872,-0.36957351033798735,0.201113908598459,0.9409933623254751
1659660207594864,-0.3655451285572595,0.133974212252995,0.9755397878995957
1659660207610857,-0.3753109025711452,0.06610208285648866,1.0762493324177917
1659660207626849,-0.4805371175707638,0.08892957961394643,1.1359426260776688
1659660207642822,-0.5805142290379188,0.2108796826123447,0.9980010681315328
1659660207658814,-0.5652552071412225,0.2418860151064317,0.8775158312352183
1659660207674806,-0.5094682230869001,0.14728007934691423,0.7937743190661477
1659660207690798,-0.6331273365377279,0.0823376821545736,0.9043717097734039
1659660207706791,-0.8787365529869535,0.10370031280994851,1.0349889372091248
1659660207722783,-0.9369649805447469,0.1582665751125356,0.9960479133287556
1659660207738775,-0.7914549477378499,0.1809719996948198,0.8386968795300218
1659660207754767,-0.7542229343099107,0.10748455024032921,0.7866941329060806
1659660207770759,-0.8987563897154192,0.0432745860990309,0.8800793469138632
1659660207786751,-0.970901045243,0.11981383993285988,0.9605249103532465
1659660207802744,-0.955275806820783,0.25726710917830165,0.8468757152666511
1659660207818736,-0.9507591363393608,0.2284580758373389,0.7277332722972458
1659660207834728,-0.9589379720759901,0.11663996337834703,0.7251697566186008
1659660207850720,-1.0022735942626078,0.0651255054551001,0.7910887312123291
1659660207866712,-1.059647516594186,0.14142061493858282,0.8042725261310748
1659660207882704,-1.0447547112230104,0.17755397878995982,0.7482413977264057
1659660207898697,-0.9721217669947357,0.13885709925993783,0.6682841229877168
1659660207914689,-0.9267109178301669,0.09686427100022854,0.6413061722743576
1659660207930681,-0.9899443045700771,0.09979400320439424,0.6802471961547267
1659660207946673,-0.9872587167162585,0.10370031280994851,0.726268406195163
1659660207962707,-0.971755550469215,0.12835889219501073,0.7284657053482873
1659660207978699,-1.0203402761882963,0.06756694895857152,0.6408178835736633
1659660207994691,-1.037796597238117,0.05145342183566015,0.6278782330052648
1659660208010684,-1.0460975051499197,0.022400244144350268,0.6492408636606397
1659660208026676,-1.0519569695582511,0.0327763790341038,0.6671854734111546
1659660208042668,-1.0459754329747462,0.06414892805371153,0.6679179064621961
1659660208058660,-1.0374303807125962,0.0945448996719307,0.6590066376745254
1659660208074652,-1.0399938963912412,0.08136110475318503,0.6630350194552532
1659660208090644,-1.0473182269016554,0.05511558709086728,0.6974593728542002
1659660208106637,-1.0404821850919355,0.004821850919356052,0.7176012817578394
1659660208122629,-1.0564736400396733,0.0015259021896696368,0.7423819333180743
1659660208138621,-1.0481727321278704,0.02655069810025168,0.781445029373617
1659660208154613,-1.0591592278934918,0.07086289768825793,0.7779049362935835
1659660208170605,-1.0523231860837718,0.10016021972991496,0.7807125963225756
1659660208186597,-1.0445105668726633,0.07379262989242363,0.8102540627145798
1659660208202590,-1.0316929884794384,0.09161516746776499,0.8378423743038068
1659660208218582,-1.0340123598077362,0.19586480506599546,0.8792248416876483
1659660208234574,-1.0603799496452275,0.2623941405355916,0.8891126878767075
1659660208250566,-1.0188754100862134,0.18463416495002694,0.8859388113221947
1659660208266558,-0.9436789501792937,0.06024261844815726,0.8836194399938968
1659660208282531,-0.8844739452201114,0.006897077897306758,0.9103532463569088
1659660208298524,-0.8740978103303578,0.04388494697489875,0.9883573662928207
1659660208314516,-0.8350347142748151,0.1868314641031512,1.0150911726558327
1659660208330508,-0.7617914091706721,0.30267795834287003,1.0174105439841306
1659660208346500,-0.6873273823147934,0.3132982375829707,0.9964141298542764
1659660208362492,-0.6214084077210651,0.19635309376668975,0.9978789959563592
1659660208378484,-0.5530479896238649,0.08136110475318503,0.9821316853589686
1659660208394477,-0.5094682230869001,0.05548180361638799,0.9577172503242544
1659660208410469,-0.4749217975127795,0.09246967269397999,0.975173571374075
1659660208426461,-0.4293888761730371,0.10406652933546923,0.9685816739147022
1659660208442453,-0.37042801556420235,0.10736247806515564,0.9599145494773786
1659660208458445,-0.2953536278324558,0.10284580758373352,0.97602807660029
1659660208474437,-0.22198825055313964,0.13653772793163999,0.9805447470817121
1659660208490430,-0.15008773937590592,0.16766613260090057,0.913160906385901
1659660208506422,-0.0888075074387733,0.1616845960173956,0.8870374608987568
1659660208522414,-0.017761501487754572,0.15899900816357704,0.840650034332799
1659660208538406,0.05267414358739586,0.13336385137712714,0.8750743877317468
1659660208554398,0.11773861295490917,0.08795300221255786,0.8749523155565724
1659660208570390,0.19977111467154973,0.07684443427176291,0.7892576485847256
1659660208586382,0.27606622415503157,0.12201113908598415,0.7324940871290151
1659660208602356,0.3314869916838328,0.16302738994430488,0.7210193026626994
1659660208618348,0.3692072938124662,0.14056610971236783,0.6749980926222632
1659660208634340,0.39166857404440414,0.07086289768825793,0.6742656595712218
1659660208650332,0.44660105287251106,-0.0023804074158846333,0.6559548332951861
1659660208666324,0.49042496375982303,-0.02777141985198739,0.5985809109636069
1659660208682316,0.5386434729533836,-0.02679484245059882,0.571236743724727
1659660208698309,0.5562218661783778,0.014465552758068156,0.5725795376516363
1659660208714301,0.5878385595483326,0.03680476081483164,0.53681239032578
1659660208730293,0.6477759975585569,0.034973678187228074,0.5070267795834287
1659660208746285,0.7060044251163502,-0.002868696116578917,0.4893263141832609
1659660208762277,0.7257801174944687,-0.07306019684138265,0.46466773479819956
1659660208778269,0.7562981612878614,-0.08050659952697048,0.44367132066834536
1659660208794262,0.7720454718852521,-0.08575570305943403,0.4041199359121084
1659660208810254,0.8057373922331577,-0.14166475928892952,0.3755550469214928
1659660208826246,0.8228274967574576,-0.17254901960784297,0.3565117875944148
1659660208842238,0.8532234683756768,-0.17010757610437155,0.3317311360341799
1659660208858230,0.8745860990310517,-0.15509269855802232,0.310368505378805
1659660208874222,0.8676279850461581,-0.1876859693293662,0.2957198443579765
1659660208890215,0.863965819790951,-0.2490882734416724,0.26446936751354233
1659660208906207,0.8828870069428554,-0.2986495765621422,0.20025940337224402
1659660208922210,0.9113298237582974,-0.27985046158541227,0.1797512779430841
1659660208938202,0.915724422064546,-0.25140764476997024,0.2033112077515833
1659660208954195,0.902052338445106,-0.22357518883039607,0.20843823910887327
1659660208970187,0.9108415350576031,-0.2507972838941024,0.1948882276646069
1659660208986179,0.9129167620355538,-0.2494544899671931,0.17486839093614126
1659660209002171,0.9231708247501338,-0.25690089265278093,0.14459449149309567
1659660209018163,0.9242694743266959,-0.27496757457846943,0.1289692530708786
1659660209034155,0.9109636072327767,-0.28925001907377723,0.1079728389410235
1659660209050148,0.8941176470588239,-0.2935225452048522,0.11505302510109061
1659660209066140,0.8744640268558781,-0.277653162432288,0.1386129549095907
1659660209082132,0.8634775310902567,-0.2705729762722209,0.14508278019378995
1659660209098124,0.8638437476157774,-0.24689097428854812,0.13995574883649997
1659660209114116,0.8561532005798425,-0.2246738384069582,0.15082017242694779
1659660209130108,0.8515144579232468,-0.21368734264133682,0.17914091706721624
1659660209146101,0.8284428168154419,-0.1978179598687726,0.1981841763942933
1659660209162093,0.803662165255207,-0.18976119630731692,0.22320897230487535
1659660209178085,0.8063477531090255,-0.19427786678873904,0.2611734187838559
1659660209194077,0.7921873807888913,-0.18646524757763006,0.31598382543678927
1659660209210069,0.76411078049897,-0.19806210421911974,0.35309376668955483
1659660209226061,0.7410391393911651,-0.1841458762493322,0.37897306782635276
1659660209242035,0.729686427100023,-0.16998550392919798,0.3757991912718399
1659660209258027,0.717723353933013,-0.1636377508201723,0.42389562829022687
1659660209274019,0.6864728770885788,-0.12628366521705958,0.5053177691309987
1659660209290011,0.6555886167696654,0.002868696116578917,0.5630579079880977
1659660209306003,0.6012664988174254,0.13324177920195357,0.5668421454184784
1659660209321995,0.558419165331502,0.1616845960173956,0.5701380941481649
1659660209337988,0.5707484550240327,0.10553139543755208,0.6010223544670783
1659660209353980,0.5792935072861827,0.01104753185320817,0.6660868238345925
1659660209369972,0.5110551613641565,-0.06610208285648911,0.7687495231555657
1659660209385964,0.44330510414282465,-0.1010147249561304,0.8104982070649269
1659660209401956,0.3452811474784463,-0.05169756618600729,0.7339589532310979
1659660209417948,0.30890363927672215,-0.05023270008392444,0.7825436789501792
1659660209433941,0.2566567483024338,0.04486152437628732,0.8487067978942546
1659660209449933,0.14691386282139351,0.11688410772869418,0.831250476844434
1659660209465925,0.07904173342488718,0.1024795910582128,0.8452887769893946
1659660209481917,0.06829938200961294,0.1381246662088964,0.8646982528419924
1659660209497909,-0.005188067444876765,0.167544060425727,0.9444113832303351
1659660209513901,-0.09759670405127041,0.19256885633630905,1.008743419546807
1659660209529894,-0.131288624399176,0.24090943770504314,0.9779812314030671
1659660209545886,-0.1442282749675745,0.2625162127107652,0.9547875181200887
1659660209561889,-0.21173418783855968,0.25128557259479667,0.9781033035782407
1659660209577881,-0.3010910200656136,0.24115358205539028,1.0347447928587776
1659660209593874,-0.3828793774319066,0.23456168459601745,1.001052872510872
1659660209609866,-0.4122987716487372,0.1952544441901276,0.97431906614786
1659660209625858,-0.46759746700236526,0.10992599374380063,0.9948271915770199
1659660209641850,-0.4997024490730144,0.1343404287785157,0.8806897077897311
1659660209657842,-0.5365682459754328,0.133974212252995,0.9468528267338066
1659660209673834,-0.6421606775005722,0.18048371099412552,0.9716334782940415
1659660209689827,-0.6920881971465631,0.20807202258335256,0.9898222323949035
1659660209705819,-0.6282444495307851,0.21222247653925397,1.0150911726558327
1659660209721811,-0.6214084077210651,0.19391165026321833,0.896070801861601
1659660209737803,-0.7619134813458457,0.1587548638132299,0.8911879148546582
1659660209753795,-0.9055924315251391,0.15765621423666776,0.8548104066529332
1659660209769787,-1.0059357595178149,0.0806286717021436,0.7582513160906386
1659660209785780,-1.0253452353704127,0.09600976577401354,0.75727473868925
1659660209801772,-1.0298619058518348,0.1873197528038455,0.8740978103303574
1659660209817764,-1.093095292591745,0.26105134660868234,0.8827649347676818
1659660209833756,-1.1195849546044099,0.29291218432898436,0.875318532082094
1659660209849748,-1.075761043717098,0.24371709773403527,0.8495613031204696
1659660209865740,-0.9744411383230336,0.11212329289692491,0.8292973220416568
1659660209881744,-0.97602807660029,0.04779125658045302,0.6762188143739989
1659660209897736,-1.0479285877775233,0.024719615472648115,0.5947966735332262
1659660209913728,-1.0780804150453958,0.004333562218661768,0.6502174410620283
1659660209929721,-1.0421911955443655,0.09356832227054213,0.6670634012359811
1659660209945713,-1.00337224383917,0.12372014953841415,0.6693827725642789
1659660209961705,-1.0056916151674677,0.10455481803616351,0.6046845197222854
1659660209977697,-1.0259555962462805,0.032532234683756656,0.6344701304646376
1659660209993689,-1.0338902876325626,0.047913328755626594,0.6854962996871903
1659660210009681,-1.0125276569771877,0.08453498130769788,0.6316624704356455
1659660210025673,-0.9964141298542764,0.11371023117418133,0.6010223544670783
1659660210041666,-1.0034943160143435,0.05108720531013944,0.5813687342641334
1659660210057658,-1.0259555962462805,0.003356984817273201,0.6173800259403368
1659660210073650,-1.0240024414435034,-0.03155565728236809,0.6642557412069889
1659660210089642,-1.030106050202182,-0.07293812466620908,0.7012436102845809
1659660210105634,-1.0451209277485312,-0.045471885252155175,0.7088120851453423
1659660210121626,-1.0600137331197068,0.08294804303044145,0.689280537117571
1659660210137619,-1.0658731975280387,0.1050431067368578,0.7362783245593958
1659660210153611,-1.0695353627832458,0.09246967269397999,0.7494621194781415
1659660210169603,-1.0830853742275122,0.032532234683756656,0.802807660028992
1659660210185595,-1.08711375600824,0.06903181506065437,0.7711909666590371
1659660210201568,-1.0601358052948804,0.1214007782101163,0.7781490806439306
1659660210217560,-1.005325398641947,0.1272602426184486,0.8205081254291597
1659660210233553,-0.9900663767452507,0.09137102311741785,0.892652780956741
1659660210249545,-0.9923857480735485,0.07074082551308436,0.9259784847791259
1659660210265537,-0.9626001373311972,0.08758678568703715,0.9280537117570766
1659660210281529,-0.9137712672617684,0.11578545815213204,0.9218280308232245
1659660210297521,-0.8787365529869535,0.1432516975661864,0.9375753414206152
1659660210313513,-0.8225833524071109,0.14227512016479782,0.9607690547035936
1659660210329506,-0.7927977416647591,0.1360494392309457,0.9886015106431678
1659660210345498,-0.7794918745708399,0.13543907835507785,0.9921416037232014
1659660210361490,-0.7208972304875259,0.11883726253147131,1.009597924773022
1659660210377482,-0.6310521095597772,0.12835889219501073,0.9711451895933472
1659660210393474,-0.5894254978255895,0.11944762340733917,0.9784695201037614
1659660210409466,-0.5535362783245592,0.14093232623788854,0.9982452124818799
1659660210425459,-0.4893263141832609,0.17120622568093413,0.9920195315480278
1659660210441451,-0.4071717402914472,0.16705577172503272,0.9816433966582743
1659660210457443,-0.3281910429541468,0.16485847257190844,0.9383077744716566
1659660210473435,-0.2578774700541695,0.16009765774013918,0.9524681467917908
1659660210489427,-0.2103913939116504,0.17035172045471914,0.9590600442511636
1659660210505419,-0.14410620279240094,0.22919050888838033,0.9589379720759901
1659660210521392,-0.05621423666742942,0.23114366369115746,0.9204852368963152
1659660210537385,0.01995880064087885,0.1415426871137564,0.8867933165484096
1659660210553377,0.08087281605249075,0.05548180361638799,0.8421149004348818
1659660210569369,0.13006790264744073,0.017883573662928143,0.8015869382772562
1659660210585361,0.17840848401617482,0.05767910276951227,0.7747310597390706
1659660210601353,0.21905851834897394,0.08661020828564858,0.7592278934920271
1659660210617345,0.29510948348210864,0.1088273441672385,0.6963607232776381
1659660210633338,0.38495460440985774,0.10943770504310635,0.6466773479819947
1659660210649330,0.4402532997634854,0.06939803158617508,0.6311741817349512
1659660210665322,0.45917448691538887,0.041443503471427334,0.6410620279240105
1659660210681314,0.47443350881208524,0.026916914625772392,0.591134508278019
1659660210697306,0.5180132753490501,0.005065995269703194,0.5116655222400244
1659660210713298,0.5938200961318376,0.0026245517662317752,0.44794384679942034
1659660210729291,0.6654764629587246,0.0021362630655374915,0.42780193789578114
1659660210745283,0.6885481040665296,0.023498893720912406,0.3875181200885027
1659660210761275,0.7085679407949952,-7.934691386282111E-4,0.36054016937514266
1659660210777267,0.7517814908064393,-0.07147325856412623,0.33282978561074206
1659660210793259,0.7859616998550392,-0.14435034714274808,0.29425497825589364
1659660210809251,0.8089112687876705,-0.18963912413214334,0.27496757457846943
1659660210825244,0.8251468680857554,-0.17303730830853725,0.28070496681162727
1659660210841217,0.863111314564736,-0.18023956664377794,0.269108110170138
1659660210857209,0.9099870298313881,-0.22626077668421463,0.25311665522240023
1659660210873201,0.9436789501792937,-0.23248645761806674,0.2752117189288166
1659660210889193,0.9267109178301673,-0.20148012512397973,0.2932784008545051
1659660210905185,0.9143816281376367,-0.18561074235141506,0.2705729762722209
1659660210921177,0.9169451438162817,-0.25470359349965666,0.18121614404516695
1659660210937170,0.9060807202258339,-0.2886396581979094,0.1251850156404979
1659660210953162,0.9021744106202796,-0.238101777676051,0.14471656366826924
1659660210969154,0.9193865873197531,-0.23382925154497602,0.17022964827954556
1659660210985146,0.9317158770122838,-0.2632486457618066,0.18695353627832478
1659660211001138,0.9082780193789581,-0.26898603799496446,0.1646143282215613
1659660211017130,0.8899671931029225,-0.2511635004196231,0.14178683146410354
1659660211033123,0.8927748531319146,-0.2604409857328145,0.1264057373922336
1659660211049115,0.8921644922560468,-0.26861982146944374,0.12994583047226715
1659660211065107,0.8849622339208061,-0.2565346761272602,0.15558098725871705
1659660211081099,0.8604257267109174,-0.2510414282444495,0.16107423514152774
1659660211097091,0.8241702906843669,-0.25128557259479667,0.16107423514152774
1659660211113083,0.7978027008468755,-0.24090943770504314,0.16107423514152774
1659660211129076,0.7971923399710077,-0.23041123064011604,0.16778820477607415
1659660211145068,0.7843747615777827,-0.20184634164950044,0.19720759899290474
1659660211161102,0.7544670786602579,-0.16437018387121372,0.23492790112153816
1659660211177094,0.7107652399481195,-0.1572899977111466,0.28656443121995867
1659660211193086,0.7023422598611431,-0.16717784390020585,0.35590142671854696
1659660211209078,0.7135728999771116,-0.17340352483405796,0.3955748836499584
1659660211225071,0.6908674753948274,-0.1543602655069809,0.43610284580758396
1659660211241063,0.6098115510795754,-0.10138094148165111,0.5163042648966201
1659660211257055,0.5366903181506064,-0.0386358434424352,0.6032196536202026
1659660211273047,0.5020218204013123,0.04644846265354374,0.6209201190203704
1659660211289039,0.5028763256275273,0.10138094148165067,0.6144502937361711
1659660211305031,0.5078812848096437,0.12372014953841415,0.652292668039979
1659660211321024,0.44196231021591537,0.09430075532158355,0.7135728999771116
1659660211337016,0.3067063401235979,0.12664988174258074,0.7753414206149385
1659660211353008,0.19256885633630905,0.2974288548104065,0.6962386511024645
1659660211369000,0.1830472266727705,0.3444266422522313,0.823559929808499
1659660211384992,0.17499046311131483,0.2804608224612801,0.803662165255207
1659660211400984,0.09613183794918712,0.1482566567483028,0.8070801861600669
1659660211416977,0.02789349202716096,0.002868696116578917,0.8799572747386897
1659660211432969,-0.04180971999694805,-0.07586785687037478,0.9284199282825973
1659660211448961,-0.14691386282139307,-0.04388494697489875,0.9660181582360572
1659660211464953,-0.240665293354696,0.08380254825665645,0.9156023498893724
1659660211480926,-0.29132524605172794,0.19012741283283763,0.9124284733348595
1659660211496918,-0.34808880750743887,0.21564049744411395,0.9901884489204242
1659660211512910,-0.4446478980697339,0.20587472343022828,1.0595254444190125
1659660211528903,-0.570504310673686,0.1981841763942933,1.0821087968261232
1659660211544895,-0.5896696421759366,0.23907835507743957,1.1004196231021588
1659660211560887,-0.5481651026169221,0.23834592202639815,0.9755397878995957
1659660211576879,-0.5729457541771574,0.10138094148165067,0.8592050049591817
1659660211592871,-0.7243152513923858,0.03607232776379021,0.9085221637293053
1659660211608863,-0.8870374608987563,0.08624399176012787,1.069047074082551
1659660211624856,-0.9040054932478827,0.2121004043640804,1.0729533836881053
1659660211640848,-0.7982909895475698,0.24982070649271382,0.8515144579232468
1659660211656840,-0.8124513618677041,0.10955977721827992,0.7713130388342107
1659660211672832,-0.9275654230563819,-0.004455634393835339,0.9744411383230336
1659660211688824,-0.9466086823834594,0.08709849698634287,1.0259555962462805
1659660211704816,-0.9134050507362477,0.08258182650492074,0.9261005569542995
1659660211720809,-0.9165789272907605,0.09149309529259142,0.5995574883649955
1659660211736801,-1.0290074006256198,-0.0015259021896696368,0.5799038681620505
1659660211752793,-1.139482719157702,0.03204394598306237,0.7655756466010528
1659660211768785,-1.101640344853895,0.271671625848783,0.8216067750057219
1659660211784777,-1.1171435111009385,0.1998931868467233,0.8455329213397418
1659660211800781,-1.0799114976729993,0.0039673456931410556,0.7379873350118258
1659660211816773,-1.0161898222323948,-0.13946746013580524,0.6955062180514231
1659660211832765,-1.0271763179980162,-0.16473640039673443,0.6825665674830246
1659660211848757,-1.064652475776303,0.03326466773479808,0.5925993743801019
1659660211864750,-1.0686808575570308,0.09808499275196425,0.5939421683070112
1659660211880742,-1.0586709391927975,-0.03338673990997165,0.611642633707179
1659660211896734,-1.0442664225223162,-0.0879530022125583,0.6259250782024877
1659660211912726,-1.0299839780270084,-0.06890974288548124,0.6113984893568318
1659660211928718,-1.0518348973830776,0.014099336232547444,0.5901579308766305
1659660211944710,-1.059647516594186,0.03851377126726163,0.6023651483939876
1659660211960703,-1.0436560616464483,0.009216449225604606,0.603097581445029
1659660211976695,-1.0321812771801326,-0.029602502479590953,0.6295872434576948
1659660211992687,-1.0257114518959334,-0.09112687876707115,0.6546120393682768
1659660212008679,-1.0338902876325626,-0.094300755321584,0.6472877088578626
1659660212024671,-1.0624551766231782,-0.01751735713740743,0.6829327840085453
1659660212040663,-1.0552529182879375,-0.025574120698863112,0.7019760433356224
1659660212056656,-1.0528114747844661,-1.831082627603564E-4,0.690989547570001
1659660212072648,-1.0647745479514765,-0.029602502479590953,0.7401846341649501
1659660212088640,-1.0514686808575568,-0.05169756618600729,0.7556878004119936
1659660212104632,-1.0548867017624168,-0.01873807888914314,0.7886472877088577
1659660212120605,-1.0639200427252615,-0.01373311970702673,0.8173342488746469
1659660212136597,-1.0136263065537499,-0.042786297398336615,0.8418707560845347
1659660212152589,-0.9478294041351951,0.01898222323949028,0.8499275196459903
1659660212168582,-0.9495384145876251,0.06268406195162868,0.8803234912642104
1659660212184574,-0.9489280537117573,0.08111696040283789,0.9567406729228658
1659660212200566,-0.9409933623254751,0.09173723964293856,0.9706569008926529
1659660212216558,-0.8913099870298313,0.057312886243991557,0.9694361791409172
1659660212232550,-0.8311284046692609,-0.0214236667429617,0.9762722209506371
1659660212248542,-0.8129396505683988,-0.06988632028686981,1.0103303578240634
1659660212264535,-0.7871824216067749,-0.030090791180285237,1.0220492866407263
1659660212280527,-0.731395437552453,0.03436331731136022,1.0126497291523613
1659660212296519,-0.6533913176165407,0.055848020141908705,0.9931181811245899
1659660212312511,-0.5750209811551081,0.04229800869764233,0.9816433966582743
1659660212328503,-0.5263141832608529,0.05889982452124798,1.011306935225452
1659660212344495,-0.4771190966659038,0.08880750743877286,1.0039826047150378
1659660212360488,-0.3978942549782558,0.09332417792019498,0.9792019531548029
1659660212376480,-0.32086671244373255,0.06842145418478651,0.9766384374761579
1659660212392472,-0.25006485084306096,0.01898222323949028,0.9652857251850158
1659660212408464,-0.20636301213092256,-0.0037232013427939137,0.9522240024414437
1659660212424456,-0.16083009079118016,0.06622415503166224,0.880445563439384
1659660212440429,-0.08551155870908689,0.14471656366826924,0.9051041428244453
1659660212456421,-0.001037613488975353,0.11566338597695847,0.8800793469138632
1659660212472414,0.07708857862211005,0.0936903944457157,0.8178225375753412
1659660212488406,0.14300755321583924,0.10089265278095638,0.7782711528191042
1659660212504398,0.21173418783855968,0.13665980010681356,0.7343251697566187
1659660212520390,0.274235141527428,0.15509269855802277,0.7042954146639202
1659660212536382,0.346501869230182,0.16351567864499916,0.6530251010910204
1659660212552374,0.41181048294804334,0.1461814297703521,0.6312962539101248
1659660212568367,0.45709925993743816,0.11798275730525631,0.5479209582665749
1659660212584359,0.5043411917296101,0.07782101167315147,0.4881055924315252
1659660212600351,0.5642786297398334,0.03314259555962451,0.4778515297169452
1659660212616343,0.6115205615320054,0.017029068436713146,0.4501411459525446
1659660212632335,0.647165636682689,0.04205386434729519,0.426703288319219
1659660212648327,0.7184557869840544,0.05792324711985941,0.3721370260166319
1659660212664320,0.7699702449073014,0.06683451590753009,0.34589150835431415
1659660212680312,0.7769283588921949,0.07074082551308436,0.3382009613183792
1659660212696304,0.780590524147402,0.03985656519417091,0.32318608377202995
1659660212712296,0.817578393224994,-0.004333562218661768,0.33282978561074206
1659660212728288,0.8341802090485997,-0.03350881208514522,0.35431448844129054
1659660212744280,0.8677500572213317,-0.11859311818112461,0.3489433127336534
1659660212760284,0.9109636072327767,-0.14398413061722737,0.3423514152742806
1659660212776276,0.9290302891584652,-0.15704585336079946,0.3115892271305407
1659660212792268,0.9167009994659345,-0.1488670176241702,0.3300221255817499
1659660212808261,0.8947280079346918,-0.14581521324483093,0.2986495765621422
1659660212824253,0.9149919890135045,-0.18573281452658863,0.20941481651026184
1659660212840245,0.9588158999008165,-0.20294499122606258,0.12408636606393486
1659660212856237,0.9561303120469979,-0.10797283894102394,0.1146868085755699
1659660212872229,0.9397726405737394,-0.07806515602349906,0.1406881818875414
1659660212888221,0.9309834439612423,-0.0980849927519647,0.14764629587243494
1659660212904214,0.9328145265888459,-0.16058594644083302,0.13482871747921
1659660212920206,0.9300068665598538,-0.22308690012970178,0.11810482948042988
1659660212936198,0.9400167849240866,-0.21942473487449465,0.13153276874952358
1659660212952190,0.9486839093614101,-0.18731975280384505,0.14227512016479782
1659660212968182,0.9419699397268637,-0.15826657511253517,0.14410620279240138
1659660212984174,0.9300068665598538,-0.14227512016479738,0.14337376974135996
1659660213000167,0.9203631647211417,-0.13910124361028453,0.13238727397573857
1659660213016159,0.9036392767223624,-0.13678187228198668,0.14007782101167354
1659660213032151,0.8933852140077825,-0.14630350194552522,0.1579003585870149
1659660213048143,0.8897230487525754,-0.16046387426565945,0.18170443274586123
1659660213064135,0.8876478217746246,-0.14740215152208735,0.2108796826123447
1659660213080108,0.8664072632944224,-0.13311970702677955,0.22992294193942175
1659660213096100,0.8334477759975583,-0.14459449149309522,0.21063553826199755
1659660213112093,0.8223392080567633,-0.16290531776913086,0.20404364080262472
1659660213128085,0.8471198596169982,-0.13775844968337525,0.24701304646372169
1659660213144077,0.8140383001449605,-0.07306019684138265,0.31635004196231
1659660213160069,0.7448233768215458,-0.05877775234607441,0.32489509422445995
1659660213176061,0.6995345998321509,-0.06121919584954583,0.32538338292515423
1659660213192053,0.674753948271916,-0.06073090714885154,0.3754329747463192
1659660213208046,0.6399633783474483,-0.05743495841916513,0.49250019073777374
1659660213224038,0.5800259403372241,-0.010559243152513886,0.5886930647745476
1659660213240030,0.525703822384985,0.006286717021438903,0.6693827725642789
1659660213256022,0.5166704814221408,-0.041565575646600905,0.7071030746929123
1659660213272014,0.5347371633478293,-0.08526741435873975,0.74360265506981
1659660213288006,0.4935988403143359,-0.03741512169069949,0.7259021896696423
1659660213303999,0.41803616388189546,0.046692607003890885,0.764965285725185
1659660213319991,0.35516899366750554,0.13275349050125929,0.7376211184863051
1659660213335983,0.3335622186617835,0.1062638284885935,0.7654535744258792
1659660213351975,0.2876630807965208,0.037781338216220206,0.8013427939269091
1659660213367967,0.14373998626688067,0.00323491264209963,0.8271000228885326
1659660213383959,0.055970092317082276,0.03155565728236809,0.8849622339208061
1659660213399963,0.04852368963149445,0.07794308384832505,0.939040207522698
1659660213415955,0.03704890516517878,0.11920347905699202,0.8896009765774018
1659660213431947,-0.022034027618829555,0.1398336766613264,0.9387960631723509
1659660213447939,-0.09356832227054257,0.16815442130159486,1.0000762951094835
1659660213463932,-0.18219272144655507,0.12689402609292788,0.9850614175631343
1659660213479924,-0.24579232471198598,0.09515526054779855,0.9142595559624631
1659660213495916,-0.2848554207675287,0.09686427100022854,0.9434348058289466
1659660213511908,-0.37421225299458305,0.08099488822766432,1.002761882963302
1659660213527900,-0.4973830777447166,0.11615167467765275,1.0381628137636376
1659660213543892,-0.5226520180056458,0.20880445563439398,0.98457312886244
1659660213559885,-0.5056839856565194,0.18805218585488692,0.9967803463797971
1659660213575877,-0.5734340428778517,0.13482871747921,1.0952925917448688
1659660213591869,-0.6593728542000457,0.18377965972381194,1.1090867475394823
1659660213607861,-0.6861066605630577,0.1620508125429163,0.9894560158693828
1659660213623853,-0.6067597467002366,0.09600976577401354,0.7854734111543449
1659660213639845,-0.6784161135271227,0.04596017395284946,0.7273670557717251
1659660213655838,-0.842481116960403,0.0949111161974514,0.8578622110322724
1659660213671830,-0.9960479133287556,0.23163195239185175,1.0497596704051269
1659660213687822,-0.950148775463493,0.39533073929961127,0.9823758297093157
1659660213703814,-0.9135271229114212,0.2511635004196231,0.9446555275806823
1659660213719787,-0.8842298008697642,0.10724040588998207,0.7622796978713664
1659660213735779,-0.9264667734798198,0.03338673990997165,0.793408102540627
1659660213751772,-1.0220492866407263,0.11529716945143775,0.8957045853360803
1659660213767764,-1.0432898451209276,0.1776760509651334,0.8606698710612646
1659660213783756,-1.0108186465247577,0.12957961394674644,0.7835202563515677
1659660213799748,-0.9843289845120928,0.04693675135423803,0.6111543450064847
1659660213815740,-1.0017853055619135,-0.010681315327687457,0.6361791409170676
1659660213831732,-1.0373083085374226,0.029480430304417382,0.7654535744258792
1659660213847725,-1.032913710231174,0.16021972991531275,0.7431143663691158
1659660213863717,-1.0358434424353398,0.16559090562294987,0.6883039597161824
1659660213879709,-0.9936064698252842,0.13702601663233427,0.5759975585564963
1659660213895701,-0.9915312428473335,0.09308003356984784,0.5673304341191727
1659660213911693,-1.0225375753414205,0.07916380560006075,0.6177462424658575
1659660213927685,-1.0271763179980162,0.08563363088426001,0.6745098039215689
1659660213943678,-1.0047150377660792,0.06170748455024011,0.7012436102845809
1659660213959670,-0.987136644541085,0.08966201266498786,0.6487525749599454
1659660213975662,-0.985427634088655,0.12420843823910843,0.6024872205691612
1659660213991654,-1.003616388189517,0.0689097428854808,0.5790493629358355
1659660214007646,-1.0131380178530556,-0.00579842832074462,0.5934538796063169
1659660214023638,-1.002517738612955,-0.04473945220111375,0.6203097581445025
1659660214039611,-1.0137483787289234,-0.049256122682535874,0.6410620279240105
1659660214055604,-1.034378576333257,-0.025574120698863112,0.6759746700236517
1659660214071596,-1.0591592278934918,0.032532234683756656,0.727977416647593
1659660214087588,-1.0904097047379264,0.03936827649347663,0.7525139238574807
1659660214103580,-1.09224078736553,0.08429083695735073,0.7532463569085222
1659660214119572,-1.0874799725337607,0.07086289768825793,0.7798580910963606
1659660214135564,-1.0957808804455635,0.034973678187228074,0.7583733882658121
1659660214151557,-1.0950484473945221,0.029724574654764524,0.7809567406729228
1659660214167549,-1.075761043717098,0.013977264057373873,0.8473640039673453
1659660214183541,-1.0486610208285647,0.02801556420233453,0.882154573891814
1659660214199533,-1.013015945677882,0.044129091325245895,0.9164568551155874
1659660214215525,-0.9795681696803236,0.07806515602349862,0.9478294041351951
1659660214231517,-0.9235370412756541,0.08599984740978073,0.9508812085145344
1659660214247510,-0.8721446555275807,0.0776989394979779,0.9466086823834594
1659660214263502,-0.8451667048142215,0.049500267032883016,0.9619897764553293
1659660214279494,-0.803662165255207,0.03558403906309593,0.9860379949645228
1659660214295486,-0.7663080796520942,0.05658045319295013,0.9978789959563592
1659660214311478,-0.731395437552453,0.09515526054779855,0.9943389028763256
1659660214327470,-0.6670634012359806,0.11346608682383419,1.0059357595178149
1659660214343463,-0.597238117036698,0.0823376821545736,1.0049591821164263
1659660214359497,-0.5249713893339436,0.04693675135423803,0.9954375524528878
1659660214375489,-0.45294880598153675,0.049378194857709445,0.9715114061188679
1659660214391481,-0.4063172350652322,0.035095750362401645,0.9676050965133136
1659660214407473,-0.3488212405584803,0.06402685587853796,0.9500267032883194
1659660214423465,-0.2788738841840237,0.10113679713130352,0.9258564126039524
1659660214439458,-0.2150301365682461,0.06414892805371153,0.9201190203707945
1659660214455450,-0.1362935835812924,0.059632257572289404,0.9286640726329445
1659660214471442,-0.053162432288090145,0.07196154726482007,0.9053482871747924
1659660214487434,0.00970473792629889,0.12970168612192,0.8135500114442662
1659660214503426,0.09210345616845927,0.13739223315785498,0.8157473105973905
1659660214519418,0.15777828641184133,0.1255512321660186,0.7920653086137177
1659660214535411,0.24200808728160528,0.14850080109864994,0.7809567406729228
1659660214551403,0.2850995651178758,0.07403677424277078,0.7824216067750056
1659660214567395,0.3183031967650871,0.017761501487754572,0.7370107576104372
1659660214583387,0.3571221484702827,-0.010070954451819603,0.7501945525291829
1659660214599379,0.40119020370794267,-0.029480430304417382,0.6880598153658353
1659660214615371,0.4729686427100024,-0.022400244144350268,0.5801480125123977
1659660214631363,0.5474326695658807,0.009338521400778177,0.5014114595254444
1659660214647356,0.599679560540169,0.0747692072938122,0.47528801403830023
1659660214663348,0.6275120164797441,0.10894941634241206,0.45050736247806533
1659660214679321,0.6553444724193183,0.05011062790875087,0.388006408789197
1659660214695313,0.7124742504005495,-0.03741512169069949,0.3389333943694206
1659660214711305,0.7505607690547036,-0.06805523765926624,0.29681849393453863
1659660214727297,0.7541008621347371,-0.0715953307392998,0.2857099259937437
1659660214743290,0.7803463797970549,-0.09527733272297256,0.2730144197756923
1659660214759282,0.8524910353246353,-0.17840848401617437,0.23932249942778672
1659660214775274,0.8992446784161139,-0.242374303807126,0.1990386816205083
1659660214791266,0.9058365758754867,-0.24493781948577098,0.1642481116960406
1659660214807258,0.8976577401388575,-0.2377355611505303,0.15472648203250206
1659660214823250,0.9142595559624631,-0.1854886701762415,0.170107576104372
1659660214839243,0.933058670939193,-0.17926298924238937,0.1642481116960406
1659660214855235,0.9047379262989246,-0.2536049439230945,0.12579537651636574
1659660214871227,0.853711757076371,-0.2594644083314259,0.1155413138017849
1659660214887219,0.8383306630045011,-0.2267490653849089,0.11041428244449492
1659660214903211,0.8925307087815675,-0.22565041580834677,0.10308995193408066
1659660214919203,0.9259784847791259,-0.23846799420157172,0.06390478370336439
1659660214935196,0.9289082169832916,-0.2573891813534752,0.058533607995727266
1659660214951188,0.9213397421225302,-0.2859540703440908,0.09137102311741785
1659660214967180,0.9099870298313881,-0.30646219577325073,0.12018005645838059
1659660214983172,0.9186541542687117,-0.30926985580224287,0.11151293202105705
1659660214999145,0.9250019073777374,-0.28912794689860366,0.10455481803616351
1659660215015137,0.9119401846341653,-0.25519188220035094,0.13409628442816857
1659660215031129,0.8710460059510181,-0.23993286030365457,0.16473640039673487
1659660215047122,0.834668497749294,-0.24676890211337454,0.1864652475776305
1659660215063114,0.8164797436484319,-0.26105134660868234,0.17914091706721624
1659660215079106,0.8191653315022505,-0.27399099717708086,0.20392156862745114
1659660215095098,0.8023193713282977,-0.2783855954833294,0.2418860151064317
1659660215111090,0.7599603265430686,-0.26153963530937663,0.2995040817883572
1659660215127082,0.7244373235675594,-0.23822384985122458,0.33588158999008133
1659660215143075,0.7256580453192951,-0.2590981918059052,0.39411001754787556
1659660215159067,0.7392080567635615,-0.26068513008316163,0.4461127641718168
1659660215175059,0.674753948271916,-0.14544899671931022,0.47260242618448167
1659660215191051,0.6378881513694976,-0.06256198977645555,0.47724116884107737
1659660215207043,0.7139391165026323,0.009338521400778177,0.501533531700618
1659660215223035,0.7385976958876936,0.12945754177157287,0.578072785534447
1659660215239028,0.6735332265201803,0.201113908598459,0.5355916685740443
1659660215255020,0.6111543450064847,0.14166475928892996,0.5509727626459142
1659660215271012,0.5786831464103148,0.10394445716029566,0.6328831921873812
1659660215287004,0.492988479438468,0.14166475928892996,0.6387426565957126
1659660215302996,0.40009155413138053,0.11688410772869418,0.6861066605630581
1659660215318969,0.3554131380178527,0.053284504463263715,0.764965285725185
1659660215334962,0.31781490806439283,0.015686274509803866,0.8113527122911419
1659660215350954,0.23297474631876103,0.0394903486686502,0.8388189517051954
1659660215366946,0.14666971847104637,0.08087281605249075,0.8399176012817575
1659660215382938,0.12982375829709358,0.09735255970092282,0.9066910811017017
1659660215398930,0.1205462729839013,0.1680323491264213,0.9273212787060352
1659660215414922,0.0039673456931410556,0.3239185168230714,0.8789806973373011
1659660215430915,-0.12542915999084459,0.3519951171129927,0.9488059815365837
1659660215446907,-0.14703593499656664,0.27484550240329586,0.8780041199359125
1659660215462899,-0.1686427100022887,0.16974135957885128,0.9512474250400551
1659660215478891,-0.26398107881284805,0.2057526512550547,0.9738307774471657
1659660215494883,-0.3710383764400702,0.24371709773403527,0.9676050965133136
1659660215510875,-0.3371023117418175,0.17779812314030696,0.9031509880216682
1659660215526867,-0.3416189822232396,0.12457465476462914,0.8993667505912875
1659660215542860,-0.4566109712367439,0.18805218585488692,0.9119401846341653
1659660215558852,-0.6182345311665522,0.24261844815747313,0.9898222323949035
1659660215574844,-0.682322423132677,0.22735942626077676,1.0658731975280382
1659660215590836,-0.6095674067292287,0.23077744716563675,0.9035172045471889
1659660215606828,-0.6420386053253986,0.1620508125429163,0.96919203479057
1659660215622820,-0.76069275959411,0.13421835660334214,0.9109636072327767
1659660215638824,-0.9333028152895397,0.10467689021133708,0.9448996719310294
1659660215654816,-0.9218280308232241,0.1818265049210348,1.0351110093842983
1659660215670808,-0.8831311512932021,0.2738689250019073,1.0255893797207598
1659660215686801,-0.9173113603418019,0.27313649195086587,1.0364538033112076
1659660215702793,-0.895948729686427,0.22479591058213177,0.8407721065079725
1659660215718785,-0.9502708476386665,0.133974212252995,0.6905012588693067
1659660215734777,-1.0115510795757992,0.05951018539711583,0.6876935988403146
1659660215750769,-0.9793240253299764,0.08502327000839216,0.7548332951857786
1659660215766761,-1.00166323338674,0.16827649347676843,0.721995880064088
1659660215782754,-1.0370641641870755,0.07953002212558147,0.7549553673609521
1659660215798746,-1.0082551308461127,-0.004333562218661768,0.7420157167925536
1659660215814738,-1.0437781338216219,0.0016479743648432077,0.7353017471580072
1659660215830730,-1.0647745479514765,0.08490119783321859,0.7328603036545358
1659660215846722,-1.0573281452658883,0.1184710460059506,0.7127183947508966
1659660215862714,-1.0298619058518348,0.09332417792019498,0.7199206530861373
1659660215878707,-1.0420691233691919,0.09930571450369996,0.7389639124132144
1659660215894699,-1.0467078660257876,0.15228503852903064,0.6894026092927446
1659660215910691,-1.047440299076829,0.14520485236896352,0.6614480811779968
1659660215926683,-1.0254673075455862,0.05816739147020655,0.6354467078660262
1659660215942675,-1.0135042343785763,-0.015442130159456724,0.6195773250934611
1659660215958679,-1.0213168535896848,-0.023010605020218122,0.6549782558937975
1659660215974671,-1.022415503166247,0.011902037079423167,0.6885481040665296
1659660215990663,-1.0188754100862134,0.032410162508583085,0.6994125276569774
1659660216006655,-1.0285191119249255,0.03680476081483164,0.7183337148088809
1659660216022647,-1.035477225909819,0.048035400930800165,0.7351796749828337
1659660216038640,-1.0305943389028762,0.057312886243991557,0.756420233463035
1659660216054632,-1.0341344319829098,0.03167772945754166,0.7947508964675363
1659660216070624,-1.0716105897611965,-0.006652933546959616,0.8498054474708168
1659660216086616,-1.0771038376440072,-0.05560387579156156,0.8810559243152518
1659660216102608,-1.0561074235141525,-0.026306553749904538,0.8499275196459903
1659660216118600,-1.0522011139085983,0.130556191348135,0.8135500114442662
1659660216134593,-1.061966887922484,0.23370717936980245,0.8820325017166404
1659660216150585,-1.0296177615014876,0.26446936751354233,0.9442893110551616
1659660216166577,-0.9889677271686885,0.24762340733958954,0.9523460746166172
1659660216182569,-0.9594262607766844,0.20880445563439398,0.9555199511711301
1659660216198561,-0.8903334096284428,0.1222552834363313,0.9677271686884872
1659660216214553,-0.8239261463340202,0.05609216449225585,0.9821316853589686
1659660216230546,-0.7654535744258792,0.046814679179064456,0.9767605096513314
1659660216246538,-0.7235828183413444,0.06854352635996008,1.001052872510872
1659660216262530,-0.673777370870527,0.13958953231097926,0.9879911497673
1659660216278503,-0.6315403982604715,0.21893644617380037,0.9929961089494164
1659660216294495,-0.5571984435797663,0.2625162127107652,0.9960479133287556
1659660216310487,-0.45722133211261173,0.19452201113908618,1.0049591821164263
1659660216326480,-0.3991149767299915,0.11651789120317346,1.0003204394598306
1659660216342472,-0.35700007629510955,0.05242999923704872,0.9729762722209507
1659660216358464,-0.29169146257724865,0.06878767071030722,0.9503929198138401
1659660216374456,-0.21857022964827966,0.11602960250247918,0.9297627222095066
1659660216390448,-0.1607080186160066,0.13739223315785498,0.8906996261539639
1659660216406440,-0.10528725108720538,0.09930571450369996,0.881300068665599
1659660216422433,-0.031311512932020946,0.11334401464866062,0.8695811398489353
1659660216438425,0.049500267032883016,0.15399404898146063,0.854566262302586
1659660216454417,0.11432059205004919,0.19427786678873904,0.823559929808499
1659660216470409,0.17108415350576056,0.20050354772259116,0.7661860074769207
1659660216486401,0.2263828488593882,0.135683222705425,0.709178301670863
1659660216502393,0.281925688563363,0.07049668116273722,0.679026474402991
1659660216518386,0.3301441977569235,0.058533607995727266,0.6322728313115134
1659660216534378,0.3793392843518735,0.07061875333791079,0.5879606317235062
1659660216550370,0.44574654764629607,0.07025253681239008,0.5665980010681313
1659660216566362,0.5292439154650186,0.060852979324025114,0.54193942168307
1659660216582354,0.5912565804531926,0.01751735713740743,0.4661326009002824
1659660216598358,0.6286106660563062,0.022156099794003126,0.4380560006103611
1659660216614350,0.6919661249713895,0.04718089570458517,0.429266803997864
1659660216630342,0.7422598611429008,0.07147325856412579,0.4064393072404062
1659660216646334,0.7523918516823072,0.08087281605249075,0.34088654917219774
1659660216662326,0.7726558327611199,0.03179980163271523,0.31219958800640857
1659660216678319,0.8030518043793391,-0.05938811322194226,0.2965743495841915
1659660216694311,0.8007324330510412,-0.07696650644693692,0.315495536736095
1659660216710303,0.8345464255741204,-0.1165178912031739,0.35223926146333984
1659660216726295,0.8921644922560468,-0.15326161593041876,0.34918745708400056
1659660216742287,0.9246356908522166,-0.16473640039673443,0.3855649652857256
1659660216758279,0.8894789044022282,-0.20013733119707044,0.30304417486839075
1659660216774272,0.932204165712978,-0.22992294193942175,0.20025940337224402
1659660216790264,0.9667505912870986,-0.19049362935835834,0.12103456168459559
1659660216806256,0.9542992294193944,-0.161440451667048,0.08856336308842572
1659660216822248,0.9179217212176702,-0.15680170901045232,0.08392462043183002
1659660216838240,0.8867933165484096,-0.19940489814602902,0.11285572594796633
1659660216854232,0.8633554589150831,-0.22540627145799963,0.11432059205004919
1659660216870225,0.8985122453650725,-0.26947432669565874,0.11309987029831348
1659660216886217,0.9153582055390252,-0.2649576562142366,0.13470664530403642
1659660216902209,0.9043717097734039,-0.23468375677119102,0.1389791714351114
1659660216918182,0.9187762264438852,-0.201113908598459,0.14251926451514496
1659660216934174,0.9284199282825973,-0.18426794842450578,0.13495078965438356
1659660216950166,0.9181658655680174,-0.1940337224383919,0.12713817044327502
1659660216966158,0.9025406271458003,-0.2272373540856032,0.16388189517051988
1659660216982151,0.8863050278477154,-0.25726710917830165,0.20587472343022828
1659660216998143,0.8670176241702903,-0.22284275577935464,0.2213778896772718
1659660217014135,0.8676279850461581,-0.22626077668421463,0.23956664377813386
1659660217030127,0.8576180666819253,-0.2339513237201496,0.27606622415503157
1659660217046119,0.8327153429465168,-0.238101777676051,0.26019684138246735
1659660217062111,0.8317387655451283,-0.2263828488593882,0.27826352330815585
1659660217078104,0.8131837949187455,-0.17108415350576012,0.32831311512931993
1659660217094096,0.7838864728770885,-0.08661020828564903,0.37860685130083205
1659660217110088,0.7652094300755321,-0.037537193865873064,0.3960631723506527
1659660217126080,0.753002212558175,-0.05145342183566015,0.4022888532845048
1659660217142072,0.7093003738460366,-0.06646829938200982,0.41303120469977905
1659660217158064,0.6415503166247047,-0.031189440756847375,0.46564431219958813
1659660217174057,0.6055390249485004,0.02423132677195383,0.5495078965438314
1659660217190049,0.6359349965667205,0.06463721675440581,0.6563210498207068
1659660217206041,0.6316624704356455,0.13214312962539143,0.681589990081636
1659660217222033,0.5579308766308078,0.18512245365072122,0.6359349965667205
1659660217238006,0.48102540627145807,0.15594720378423776,0.6111543450064847
1659660217253998,0.4557564660105289,0.11737239642938846,0.6406958113984897
1659660217269991,0.422430762188144,0.08783093003738429,0.6256809338521405
1659660217285983,0.2763103685053787,0.09332417792019498,0.5866178377965969
1659660217301975,0.17486839093614126,0.09930571450369996,0.6940413519493402
1659660217317967,0.18133821622034052,0.130556191348135,0.8039063096055541
1659660217333959,0.13763637750820212,0.17291523613336413,0.8661631189440753
1659660217349951,0.032532234683756656,0.1596093690394449,0.9047379262989246
1659660217365944,-0.016662851911192433,0.13373006790264785,0.913160906385901
1659660217381936,-0.00970473792629889,0.16437018387121416,0.9021744106202796
1659660217397928,-0.08465705348287189,0.19745174334325188,0.947585259784848
1659660217413920,-0.23663691157396816,0.2229648279545282,1.0038605325398642
1659660217429912,-0.306950484473945,0.21893644617380037,1.1010299839780266
1659660217445904,-0.33014419775692394,0.2263828488593882,1.0441443503471426
1659660217461897,-0.4110780498970015,0.22577248798352034,1.0330357824063476
1659660217477889,-0.47687495231555665,0.24286259250782027,0.9774929427023729
1659660217493881,-0.456855115587091,0.20025940337224402,0.9425803006027316
1659660217509873,-0.49152361333638517,0.14544899671931066,0.9776150148775464
1659660217525865,-0.6171358815899901,0.18036163881895195,1.0788128480964367
1659660217541857,-0.7072251468680859,0.25677882047760736,1.0890669108110167
1659660217557891,-0.6582742046234835,0.3410086213473713,0.9744411383230336
1659660217573884,-0.5977264057373923,0.24469367513542384,0.9082780193789581
1659660217589876,-0.6792706187533377,0.1401998931868471,0.8283207446402683
1659660217605868,-0.8722667277027543,0.10650797283894065,0.9219501029983981
1659660217621860,-0.9444113832303351,0.17206073090714913,0.9342793926909287
1659660217637852,-0.8839856565194171,0.2632486457618066,0.8539559014267182
1659660217653844,-0.8415045395590144,0.23175402456702532,0.8156252384222169
1659660217669837,-0.906202792401007,0.14300755321583924,0.7879148546578163
1659660217685829,-1.0187533379110398,0.11322194247348705,0.8245365072098876
1659660217701821,-1.0351110093842983,0.167544060425727,0.8253910124361026
1659660217717813,-1.00166323338674,0.27154955367360945,0.7770504310673685
1659660217733805,-0.9319600213626305,0.2813153276874951,0.727977416647593
1659660217749797,-0.9209735255970091,0.241519798580911,0.660837720302129
1659660217765790,-0.9909208819714657,0.16363775082017273,0.6763408865491725
1659660217781782,-1.0203402761882963,0.16729991607537986,0.6959945067521174
1659660217797774,-0.9728542000457772,0.15362783245593992,0.6708476386663618
1659660217813766,-0.9737087052719922,0.009094377050431035,0.6532692454413676
1659660217829758,-1.0408484016174562,0.046692607003890885,0.6006561379415576
1659660217845750,-1.0485389486533911,0.14886701762417065,0.6597390707255668
1659660217861743,-1.0257114518959334,0.14349584191653353,0.6795147631036853
1659660217877716,-1.006179903868162,0.032532234683756656,0.6731670099946596
1659660217893708,-1.0125276569771877,0.03741512169069949,0.5957732509346148
1659660217909700,-1.037796597238117,0.13739223315785498,0.604806591897459
1659660217925692,-1.0511024643320361,0.05401693751430514,0.6137178606851297
1659660217941684,-1.0392614633401998,-0.0604867627985044,0.5960173952849619
1659660217957677,-1.0402380407415883,-0.0604867627985044,0.6310521095597776
1659660217973669,-1.0507362478065154,-0.010559243152513886,0.6811017013809417
1659660217989661,-1.078324559395743,0.024353398947127403,0.7267566948958573
1659660218005653,-1.070634012359808,0.04376287479972518,0.7381094071869994
1659660218021645,-1.060257877470054,-1.831082627603564E-4,0.7500724803540093
1659660218037637,-1.0435339894712747,0.01373311970702673,0.7475089646753643
1659660218053630,-1.033768215457389,0.06622415503166224,0.7747310597390706
1659660218069622,-1.0340123598077362,0.1088273441672385,0.7804684519722285
1659660218085614,-1.024979018844892,0.12542915999084503,0.8119630731670098
1659660218101606,-1.0196078431372548,0.10113679713130352,0.8476081483176925
1659660218117598,-1.0009308003356985,0.08404669260700359,0.867383840695811
1659660218133590,-0.9823758297093157,0.09527733272297212,0.872510872053101
1659660218149582,-0.9695582513160907,0.13885709925993783,0.9024185549706267
1659660218165575,-0.9376974135957887,0.18878461890592835,0.9401388570992602
1659660218181567,-0.8964370183871213,0.20758373388265827,0.97944609750515
1659660218197540,-0.8516365300984208,0.1734035248340584,0.9654077973601893
1659660218213532,-0.7903562981612877,0.12481879911497629,0.9400167849240866
1659660218229524,-0.7609369039444571,0.15313954375524563,0.9582055390249486
1659660218245516,-0.7382314793621729,0.2103913939116504,0.9993438620584421
1659660218261509,-0.6696269169146256,0.21258869306477468,1.0187533379110398
1659660218277501,-0.5779507133592738,0.17901884489204267,0.9701686121919586
1659660218293493,-0.4721141374837874,0.14471656366826924,0.9704127565423057
1659660218309485,-0.4049744411383229,0.15216296635385707,0.9838406958113985
1659660218325477,-0.3617608911268788,0.21564049744411395,0.9923857480735485
1659660218341469,-0.30255588616769646,0.19000534065766406,0.9281757839322502
1659660218357462,-0.2138094148165104,0.10785076676584993,0.9506370641641873
1659660218373454,-0.16546883344777585,0.03411917296101308,0.9583276112001222
1659660218389446,-0.16644541084916442,0.010193026626993174,0.9926298924238957
1659660218405438,-0.13495078965438312,0.035095750362401645,0.9444113832303351
1659660218421430,-0.04754711223010588,0.06463721675440581,0.8983901731898989
1659660218437422,0.05157549401083372,0.11627374685282632,0.829541466392004
1659660218453415,0.13373006790264785,0.12750438696879574,0.7941405355916684
1659660218469407,0.19256885633630905,0.11895933470664488,0.7647211413748378
1659660218485399,0.23834592202639815,0.12652780956740717,0.7561760891126879
1659660218501391,0.2628824292362859,0.04852368963149445,0.7737544823376821
1659660218517364,0.2993820096131836,-0.04180971999694805,0.6959945067521174
1659660218533356,0.35883115892271267,-0.04876783398184159,0.6684061951628903
1659660218549348,0.4148622873273826,-0.049500267032883016,0.6304417486839098
1659660218565341,0.4514839398794539,0.0036011291676203427,0.6187228198672461
1659660218581333,0.5130083161669337,0.03448538948653379,0.5940642404821848
1659660218597325,0.6011444266422519,0.11114671549553634,0.5127641718165865
1659660218613317,0.7277332722972458,0.1687647821774627,0.4251163500419626
1659660218629309,0.7999999999999998,0.13324177920195357,0.3927672236209663
1659660218645301,0.7776607919432363,0.03302052338445094,0.3997253376058598
1659660218661294,0.7404287785152972,-0.029968719005111666,0.3822690165560392
1659660218677286,0.7484855420767529,-0.04852368963149445,0.36932936598763977
1659660218693278,0.7953612573434041,-0.07293812466620908,0.385442893110552
1659660218709270,0.8194094758525976,-0.07574578469520121,0.40094605935759553
1659660218725262,0.8417486839093611,-0.08245975432974761,0.3867856870374613
1659660218741254,0.8886243991760132,-0.12445258258945602,0.3599298084992748
1659660218757247,0.9014419775692382,-0.14312962539101237,0.3506523231860834
1659660218773239,0.8827649347676818,-0.13482871747920955,0.33575951781490776
1659660218789231,0.8819104295414668,-0.1257953765163653,0.3272144655527578
1659660218805223,0.9099870298313881,-0.15863279163805588,0.2647135118638895
1659660218821215,0.9147478446631574,-0.1940337224383919,0.2549477378500038
1659660218837219,0.9218280308232245,-0.23065537499046318,0.25299458304722666
1659660218853211,0.939894712748913,-0.25433737697413594,0.24139772640573742
1659660218869203,0.9247577630273902,-0.23614862287327387,0.21515220874341967
1659660218885195,0.9188982986190588,-0.2561684596017395,0.17755397878995982
1659660218901188,0.9087663080796524,-0.2632486457618066,0.16266117341878417
1659660218917180,0.9021744106202796,-0.2638590066376745,0.17169451438162842
1659660218933172,0.8955825131609068,-0.28290226596475154,0.207095445181964
1659660218949164,0.8678721293965053,-0.2728923476005187,0.2146639200427254
1659660218965156,0.8649423971923396,-0.26056305790798806,0.20062561989776473
1659660218981148,0.8780041199359125,-0.26654459449149304,0.17206073090714913
1659660218997141,0.8722667277027538,-0.27777523460746156,0.18207064927138195
1659660219013133,0.8504158083466846,-0.2653238727397573,0.21686121919584966
1659660219029125,0.8290531776913097,-0.23492790112153816,0.28461127641718154
1659660219045117,0.8139162279697869,-0.205386434729534,0.3098802166781107
1659660219061109,0.8007324330510412,-0.20733958953231113,0.31464103150988
1659660219077101,0.7866941329060806,-0.20172426947432687,0.31769283588921926
1659660219093093,0.7807125963225756,-0.2150301365682461,0.34833295185778557
1659660219109086,0.7727779049362935,-0.21844815747310609,0.4140077821011676
1659660219125078,0.7705806057831692,-0.19464408331425975,0.4778515297169452
1659660219141070,0.7490959029526207,-0.15326161593041876,0.4876173037308309
1659660219157074,0.7155260547798887,-0.09076066224155044,0.48029297322041664
1659660219173066,0.7000228885328452,-0.043030441748683756,0.5154497596704051
1659660219189058,0.6515602349889376,0.036316472114137355,0.5203326466773479
1659660219205050,0.604806591897459,0.05389486533913157,0.5554894331273363
1659660219221042,0.5864957656214234,0.04888990615701516,0.5984588387884333
1659660219237034,0.5690394445716027,0.08245975432974717,0.6364232852674148
1659660219253027,0.5473105973907071,0.06878767071030722,0.6829327840085453
1659660219269019,0.5033646143282215,0.06829938200961294,0.6962386511024645
1659660219285011,0.4165712977798126,0.10809491111619707,0.678171969176776
1659660219301003,0.34076447699702417,0.11456473640039633,0.7028305485618374
1659660219316995,0.2763103685053787,0.06695658808270366,0.6843976501106281
1659660219332987,0.21258869306477468,-0.005554283970397478,0.7218738078889144
1659660219348980,0.20135805294880615,0.0365606164644845,0.8172121766994733
1659660219364972,0.16681162737468558,0.18036163881895195,0.9160906385900667
1659660219380964,0.07696650644693648,0.29596398870832363,0.9574731059739072
1659660219396956,0.02020294499122599,0.2528725108720531,0.9464866102082858
1659660219412948,0.010681315327687457,0.1591210803387506,1.0152132448310063
1659660219428940,-0.008972304875257464,0.11371023117418133,1.0023956664377813
1659660219444933,-0.05865568017090084,0.1372701609826814,1.0066681925688563
1659660219460925,-0.14923323414969092,0.15167467765316278,1.0308384832532234
1659660219476898,-0.24933241779201953,0.1372701609826814,1.0402380407415883
1659660219492890,-0.2805828946364537,0.13031204699778787,1.0519569695582511
1659660219508882,-0.2847333485923551,0.11261158159761919,1.0264438849469748
1659660219524874,-0.3328297856107425,0.12689402609292788,0.9812771801327536
1659660219540866,-0.4312199588006407,0.17035172045471914,0.9732204165712979
1659660219556859,-0.5279011215381093,0.21454184786755182,1.0194857709620813
1659660219572851,-0.5828336003662167,0.21527428091859324,0.9423361562523844
1659660219588843,-0.5777065690089267,0.18744182497901907,0.9215838864728774
1659660219604835,-0.6019989318684673,0.18280308232242337,0.9208514534218359
1659660219620827,-0.7415274280918593,0.17621118486305054,0.9806668192568857
1659660219636819,-0.8605477988860915,0.15509269855802277,0.9982452124818799
1659660219652812,-0.8015869382772562,0.16607919432364415,0.8932631418326089
1659660219668804,-0.7244373235675594,0.16131837949187489,0.8872816052491039
1659660219684796,-0.7847409781033035,0.1830472266727705,0.8489509422446018
1659660219700788,-0.9556420233463037,0.19269092851148262,0.867383840695811
1659660219716780,-1.0183871213855191,0.1629053177691313,0.9643091477836272
1659660219732772,-0.9383077744716566,0.12396429388876129,0.862256809338521
1659660219748765,-0.9159685664148927,0.03582818341344307,0.7373769741359579
1659660219764757,-0.9015640497444113,-0.0037232013427939137,0.6232394903486682
1659660219780749,-0.9663843747615779,-0.020691233691920274,0.7178454261081866
1659660219796753,-0.9735866330968186,0.1155413138017849,0.768383306630045
1659660219812745,-0.9798123140306707,0.23248645761806674,0.778881513694972
1659660219828737,-1.0071564812695506,0.18170443274586123,0.7078355077439538
1659660219844729,-1.0092317082475013,0.06793316548409223,0.688426031891356
1659660219860721,-1.0160677500572213,0.025085831998168828,0.6862287327382317
1659660219876713,-1.033524071107042,0.05535973144121442,0.6691386282139318
1659660219892706,-1.0126497291523613,0.037781338216220206,0.6342259861142905
1659660219908698,-1.0208285648889905,-0.034851606012054503,0.6416723887998783
1659660219924690,-1.0251010910200655,0.009338521400778177,0.6397192339971012
1659660219940682,-1.0092317082475013,0.08465705348287145,0.6249485008010982
1659660219956674,-1.0098420691233692,0.11602960250247918,0.5967498283360033
1659660219972666,-1.0003204394598306,0.051819638361180864,0.5987029831387805
1659660219988659,-0.9909208819714657,0.00579842832074462,0.615915159838254
1659660220004651,-0.9995880064087892,0.007629510948348184,0.6317845426108191
1659660220020643,-1.0166781109330891,0.05218585488670158,0.6594949263752197
1659660220036635,-1.025223163195239,0.040222781719691625,0.6878156710154881
1659660220052627,-1.0219272144655527,0.03558403906309593,0.7123521782253759
1659660220068619,-0.9998321507591363,0.01751735713740743,0.7246814679179066
1659660220084612,-1.0126497291523613,0.05682459754329727,0.7248035400930801
1659660220100604,-1.0168001831082627,0.08795300221255786,0.7299305714503701
1659660220116577,-1.015579461356527,0.09076066224155,0.7437247272449836
1659660220132569,-1.0225375753414205,0.07354848554207649,0.7835202563515677
1659660220148561,-1.0006866559853513,0.04766918440527945,0.788281071183337
1659660220164553,-1.0049591821164263,0.04339665827420447,0.798535133897917
1659660220180545,-1.0011749446860456,0.0764782177462422,0.826123445487144
1659660220196538,-0.9749294270237279,0.15436026550698134,0.8957045853360803
1659660220212530,-0.9345235370412754,0.1860990310521098,0.8865491721980625
1659660220228522,-0.8728770885786221,0.16095216296635417,0.8720225833524067
1659660220244514,-0.8059815365835048,0.12127870603494273,0.8825207904173347
1659660220260506,-0.792553597314412,0.1369039444571607,0.8992446784161139
1659660220276498,-0.7616693369954985,0.15924315251392418,0.9494163424124515
1659660220292491,-0.7149156939040209,0.15008773937590636,0.9783474479285879
1659660220308483,-0.6671854734111542,0.1117570763714042,0.9881132219424735
1659660220324475,-0.6093232623788816,0.08905165178912,0.9628442816815443
1659660220340467,-0.5394979781795985,0.10479896238651065,0.9560082398718244
1659660220356459,-0.492988479438468,0.133974212252995,0.9767605096513314
1659660220372451,-0.46723125047684455,0.12872510872053144,1.048294804303044
1659660220388444,-0.4210879682612343,0.15167467765316278,0.9868925001907378
1659660220404436,-0.34564736400396745,0.1255512321660186,0.9427023727779051
1659660220420428,-0.2818036163881894,0.0957656214236664,0.9556420233463037
1659660220436401,-0.2461585412375067,0.08551155870908644,1.0200961318379491
1659660220452393,-0.2150301365682461,0.1491111619745178,1.0102082856488899
1659660220468385,-0.15716792553597303,0.2007476920729383,0.9890897993438621
1659660220484377,-0.062317845426107965,0.16522468909742916,0.9706569008926529
1659660220500370,0.023498893720912406,0.12860303654535787,0.9606469825284201
1659660220516362,0.0642710002288851,0.11078049897001563,0.9069352254520489
1659660220532354,0.08941786831464071,0.10736247806515564,0.9040054932478832
1659660220548346,0.1276264591439693,0.1415426871137564,0.8764171816586561
1659660220564338,0.18707560845349835,0.1351949340047307,0.8250247959105819
1659660220580330,0.2499427786678874,0.08099488822766432,0.7992675669489584
1659660220596323,0.30951400015259,0.03533989471274879,0.7483634699015793
1659660220612315,0.3830014496070806,0.0919813839932857,0.7040512703135731
1659660220628307,0.4531929503318839,0.15680170901045276,0.6770733196002139
1659660220644299,0.48993667505912875,0.13482871747921,0.6493629358358133
1659660220660291,0.5196002136263065,0.08087281605249075,0.5963836118104826
1659660220676283,0.5509727626459142,0.07122911421377864,0.5905241474021512
1659660220692276,0.5933318074311433,0.11590753032730561,0.5701380941481649
1659660220708268,0.6286106660563062,0.11639581902799989,0.5029983978027008
1659660220724260,0.6453345540550854,0.029480430304417382,0.45380331120775175
1659660220740252,0.6690165560387582,-0.06463721675440626,0.4153505760280769
1659660220756225,0.7161364156557566,-0.07684443427176335,0.4716258487830931
1659660220772217,0.7559319447623407,-0.011657892729076025,0.4884718089570459
1659660220788210,0.8085450522621498,0.04132143129625376,0.43659113450827824
1659660220804202,0.8194094758525976,0.018371862363622427,0.3985046158541241
1659660220820194,0.8090333409628441,-0.046692607003890885,0.38580910963607273
1659660220836186,0.8230716411078047,-0.11090257114518964,0.3595635919737541
1659660220852178,0.8668955519951167,-0.13092240787365528,0.3036545357442586
1659660220868170,0.9201190203707945,-0.1552147707331959,0.23700312809948887
1659660220884163,0.9470969710841537,-0.22833600366216533,0.206240939955749
1659660220900155,0.9282978561074238,-0.2258945601586939,0.22235446707866036
1659660220916147,0.9081559472037846,-0.1923247119859619,0.24798962386511025
1659660220932139,0.9104753185320824,-0.19134813458457334,0.2714274814984359
1659660220948131,0.9337911039902345,-0.21014724956130326,0.2582436865796902
1659660220964123,0.9464866102082858,-0.22479591058213177,0.20782787823300541
1659660220980116,0.9534447241931794,-0.22491798275730535,0.16095216296635417
1659660220996108,0.9566186007476922,-0.22540627145799963,0.13043411917296144
1659660221012100,0.9524681467917908,-0.2348058289463646,0.13824673838406998
1659660221028092,0.9384298466468302,-0.24689097428854812,0.14605935759517852
1659660221044084,0.9434348058289466,-0.2717936980239566,0.13849088273441712
1659660221060076,0.9392843518730452,-0.28925001907377723,0.15728999771114704
1659660221076110,0.8976577401388575,-0.26691081101701375,0.18316929884794408
1659660221092103,0.8869153887235832,-0.24335088120851456,0.17523460746166197
1659660221108095,0.8892347600518811,-0.28619821469443796,0.13336385137712714
1659660221124087,0.8924086366063939,-0.281071183337148,0.14813458457312922
1659660221140079,0.883863584344244,-0.23712520027466244,0.19415579461356547
1659660221156071,0.8627450980392153,-0.19476615548943332,0.23492790112153816
1659660221172063,0.849439230945296,-0.1770656900892651,0.24176394293125814
1659660221188056,0.8428473334859232,-0.17962920576791008,0.2322423132677196
1659660221204048,0.8142824444953076,-0.1677882047760737,0.277653162432288
1659660221220040,0.7633783474479285,-0.1547264820325016,0.3313649195086592
1659660221236032,0.7456778820477608,-0.1598535133897916,0.3402761882963299
1659660221252024,0.7522697795071336,-0.17804226749065366,0.34503700312809915
1659660221268016,0.75214770733196,-0.15387197680628661,0.3502861066605627
1659660221284009,0.7364003967345694,-0.11725032425421533,0.32574959945067494
1659660221300001,0.6714579995422296,-0.05804531929503298,0.44623483634699035
1659660221315993,0.6260471503776612,0.001159685664148924,0.5503624017700464
1659660221331985,0.6371557183184562,0.04254215304798947,0.6101777676050961
1659660221347977,0.609079118028534,0.03692683299000521,0.6644998855573361
1659660221363969,0.5612268253604942,0.06622415503166224,0.7318837262531472
1659660221379962,0.5552452887769892,0.16070801861600703,0.7442130159456779
1659660221395935,0.53510337987335,0.21576256961928753,0.6997787441824981
1659660221411927,0.48407721065079734,0.2108796826123447,0.7764400701915006
1659660221427919,0.40631723506523265,0.1482566567483028,0.8151369497215226
1659660221443911,0.35419241626611697,0.1184710460059506,0.766674296177615
1659660221459903,0.3201342793926907,0.0764782177462422,0.7876707103074692
1659660221475896,0.2859540703440908,0.07122911421377864,0.8100099183642326
1659660221491888,0.20343327992675686,0.09564354924849283,0.8566414892805367
1659660221507880,0.13824673838406998,0.16729991607537986,0.8695811398489353
1659660221523872,0.09503318837262498,0.25006485084306096,0.8556649118791482
1659660221539864,0.05816739147020655,0.24933241779201953,0.8559090562294953
1659660221555856,0.01361104753185316,0.2129549095902954,0.9326924544136723
1659660221571848,-0.05816739147020655,0.20318913557640972,1.0418249790188447
1659660221587841,-0.12433051041428245,0.2377355611505303,1.0672159914549475
1659660221603833,-0.15973144121461802,0.2600747692072938,1.035477225909819
1659660221619825,-0.19476615548943332,0.21258869306477468,1.0166781109330891
1659660221635817,-0.2663004501411459,0.1680323491264213,0.964919508659495
1659660221651809,-0.3028000305180436,0.1860990310521098,1.0032501716639963
1659660221667801,-0.30890363927672215,0.21771572442206466,0.9506370641641873
1659660221683794,-0.3761654077973602,0.2213778896772718,0.9394064240482187
1659660221699786,-0.48322270542458234,0.20611886778057542,0.9774929427023729
1659660221715759,-0.579903868162051,0.2103913939116504,0.9756618600747693
1659660221731751,-0.5838101777676052,0.19684138246738403,0.911451895933471
1659660221747743,-0.5363241016250857,0.1582665751125356,0.8443121995880061
1659660221763735,-0.5805142290379188,0.16473640039673487,0.8888685435263604
1659660221779728,-0.7136949721522852,0.1864652475776305,0.9497825589379723
1659660221795720,-0.8069581139848934,0.25848783093003735,0.9555199511711301
1659660221811712,-0.8137941557946138,0.21429770351720467,0.9342793926909287
1659660221827704,-0.8435797665369651,0.13849088273441712,0.9022964827954532
1659660221843696,-0.8885023270008392,0.045471885252155175,0.8694590676737617
1659660221859688,-0.899366750591287,0.07537956816968006,0.8478522926680396
1659660221875681,-0.9127946898603798,0.16119630731670131,0.8593270771343553
1659660221891673,-0.9352559700923169,0.19269092851148262,0.8357671473258561
1659660221907665,-0.9551537346456094,0.18573281452658907,0.8212405584802012
1659660221923657,-0.9633325703822386,0.1604638742656599,0.7901121538109406
1659660221939649,-0.9804226749065386,0.11651789120317346,0.7726558327611199
1659660221955641,-0.9931181811245899,0.06146334019989297,0.7462882429236286
1659660221971634,-1.0015411612115663,0.03839169909208806,0.7252918287937744
1659660221987626,-0.9969024185549706,0.07696650644693648,0.6966048676279852
1659660222003618,-1.001052872510872,0.16266117341878417,0.6736552986953539
1659660222019610,-1.0166781109330891,0.17157244220645484,0.674753948271916
1659660222035614,-1.0229037918669412,0.0823376821545736,0.7097886625467309
1659660222051606,-1.0196078431372548,0.06939803158617508,0.7357900358587015
1659660222067598,-1.0069123369192035,0.06622415503166224,0.7259021896696423
1659660222083590,-0.9851834897383078,0.11700617990386775,0.6800030518043796
1659660222099582,-0.9812771801327536,0.09466697184710426,0.6590066376745254
1659660222115574,-0.9763942931258107,0.008239871824216038,0.6598611429007404
1659660222131567,-0.9790798809796293,-0.028137636377508102,0.6682841229877168
1659660222147559,-0.9861600671396964,-0.019104295414663852,0.6883039597161824
1659660222163551,-0.987136644541085,0.033875028610665936,0.6923323414969103
1659660222179543,-1.0110627908751049,0.08465705348287145,0.7409170672159915
1659660222195535,-1.0158236057068741,0.15313954375524563,0.7764400701915006
1659660222211527,-1.0180209048599984,0.14874494544899708,0.8069581139848934
1659660222227520,-1.0069123369192035,0.11725032425421489,0.8126955062180512
1659660222243512,-0.9933623254749371,0.09942778667887353,0.8114747844663155
1659660222259504,-1.009597924773022,0.08075074387731718,0.8533455405508503
1659660222275496,-1.0176546883344777,0.12042420080872773,0.855420767528801
1659660222291488,-0.9975127794308385,0.11139085984588348,0.8587167162584874
1659660222307480,-0.9667505912870986,0.05743495841916513,0.8560311284046689
1659660222323473,-0.9385519188220037,0.0327763790341038,0.8456549935149154
1659660222339465,-0.9085221637293048,0.06292820630197582,0.8256351567864497
1659660222355438,-0.8721446555275807,0.15143053330281564,0.8333257038223847
1659660222371430,-0.8683604180972,0.27655451285572585,0.8637216754406039
1659660222387422,-0.8498054474708172,0.3510185397116041,0.9290302891584652
1659660222403414,-0.7929198138399327,0.3301441977569235,0.9851834897383078
1659660222419407,-0.7212634470130466,0.2780193789578087,0.9732204165712979
1659660222435399,-0.6691386282139313,0.18194857709620837,0.9920195315480278
1659660222451391,-0.6331273365377279,0.10650797283894065,0.9792019531548029
1659660222467383,-0.5945525291828795,0.1167620355535206,0.9677271686884872
1659660222483375,-0.5413290608072021,0.16009765774013918,0.9575951781490808
1659660222499367,-0.4754100862134738,0.14752422369726137,0.951857785915923
1659660222515360,-0.39642938887617296,0.12042420080872773,0.9579613946746015
1659660222531352,-0.3306324864576182,0.10748455024032921,0.9800564583810178
1659660222547344,-0.28839551384756223,0.10467689021133708,0.9682154573891815
1659660222563336,-0.2713054093232623,0.14703593499656709,0.9412375066758223
1659660222579328,-0.23382925154497602,0.14752422369726137,0.9701686121919586
1659660222595320,-0.17596704051270295,0.1193255512321656,0.9792019531548029
1659660222611312,-0.09869535362783255,0.09124895094224428,0.9507591363393608
1659660222627305,-0.012756542305638163,0.12701609826810145,0.9276874952315559
1659660222643297,0.033875028610665936,0.14642557412069923,0.9394064240482187
1659660222659289,0.05889982452124798,0.12237735561150487,0.9427023727779051
1659660222675293,0.11993591210803345,0.07953002212558147,0.871656366826886
1659660222691285,0.21075761043717112,0.05487144274052014,0.8504158083466846
1659660222707277,0.281925688563363,0.03143358510719452,0.839795529106584
1659660222723269,0.32367437247272424,0.07049668116273722,0.7881589990081634
1659660222739261,0.38861676966506487,0.10272373540855995,0.7775387197680628
1659660222755253,0.4299992370489054,0.052063782711528006,0.6657206073090718
1659660222771246,0.4690623331044481,0.030945296406500233,0.6299534599832155
1659660222787238,0.4898146028839552,0.015075913633936011,0.5811245899137862
1659660222803230,0.5149614709697108,-0.023498893720912406,0.5467002365148392
1659660222819222,0.5829556725413898,-0.05474937056534657,0.537666895551995
1659660222835214,0.6474097810330361,-0.007751583123521755,0.5264362554360265
1659660222851206,0.696116578927291,0.12188906691081058,0.43317311360341826
1659660222867199,0.7472648203250172,0.17523460746166197,0.3884946974898913
1659660222883191,0.7754634927901121,0.06207370107576082,0.3544365606164641
1659660222899183,0.7830319676508735,-0.1152971694514382,0.2763103685053787
1659660222915175,0.792553597314412,-0.2016021972991533,0.2743572137026016
1659660222931167,0.8156252384222169,-0.204531929503319,0.2796063172350651
1659660222947159,0.8394293125810632,-0.18316929884794364,0.2575112535286488
1659660222963152,0.8678721293965053,-0.1497215228503852,0.18329137102311766
1659660222979144,0.9152361333638517,-0.06256198977645555,0.13080033569848215
1659660222995147,0.9374532692454416,-0.0470588235294116,0.11969176775768631
1659660223011139,0.9274433508812088,-0.08905165178912045,0.13067826352330858
1659660223027132,0.9254901960784316,-0.1741359578850994,0.09723048752574925
1659660223043124,0.9412375066758223,-0.21564049744411395,0.09625391012436069
1659660223059116,0.9303730830853745,-0.2124666208896011,0.12628366521706003
1659660223075108,0.9268329900053409,-0.18976119630731692,0.16473640039673487
1659660223091100,0.9556420233463037,-0.15716792553597303,0.1222552834363313
1659660223107092,0.9715114061188679,-0.1555809872587166,0.06305027847714939
1659660223123085,0.9541771572442208,-0.15118638895246805,0.02386511024643312
1659660223139077,0.9242694743266959,-0.13739223315785454,0.024719615472648115
1659660223155069,0.9173113603418024,-0.1514305333028152,0.04608224612802303
1659660223171061,0.9130388342107274,-0.19794003204394617,0.05889982452124798
1659660223187053,0.9022964827954532,-0.22479591058213177,0.06866559853513365
1659660223203045,0.8933852140077825,-0.20135805294880615,0.08136110475318503
1659660223219038,0.8842298008697647,-0.15484855420767518,0.10272373540855995
1659660223235030,0.8695811398489353,-0.11663996337834748,0.11822690165560346
1659660223251022,0.8479743648432132,-0.11395437552452892,0.13751430533302855
1659660223267014,0.832959487296864,-0.1421530479896238,0.17730983443961268
1659660223283006,0.8291752498664833,-0.17389181353475225,0.2628824292362859
1659660223298998,0.8145265888456548,-0.18316929884794364,0.3435721370260163
1659660223314972,0.7903562981612877,-0.14239719233997095,0.41144426642252263
1659660223330964,0.7416495002670329,-0.09271381704432757,0.4158388647287712
1659660223346956,0.7316395819028001,-0.07733272297245763,0.42096589608606116
1659660223362948,0.7472648203250172,-0.09027237354085615,0.5112993057145037
1659660223378940,0.7359121080338751,-0.11688410772869462,0.5563439383535513
1659660223394932,0.7003891050583659,-0.09503318837262542,0.5681849393453877
1659660223410925,0.6714579995422296,-0.004943923094529623,0.5701380941481649
1659660223426917,0.6063935301747154,0.11969176775768631,0.5134966048676279
1659660223442909,0.563546196688792,0.2494544899671931,0.43109788662546755
1659660223458901,0.560982681010147,0.239810788128481,0.4784618905928131
1659660223474893,0.5198443579766536,0.15130846112764207,0.5872281986724648
1659660223490885,0.38410009918364274,0.10016021972991496,0.7259021896696423
1659660223506878,0.22577248798352034,-0.017273212787060288,0.7898680094605934
1659660223522870,0.16498054474708201,-0.166567483024338,0.8224612802319369
1659660223538862,0.1730373083085377,-0.1607080186160066,0.8322270542458226
1659660223554854,0.14264133669031853,-0.0015259021896696368,0.8916762035553525
1659660223570846,0.06195162890058725,0.17877470054169553,0.936476691844053
1659660223586838,0.01629663538567172,0.2772869459067673,1.0393835355153733
1659660223602831,-0.025085831998168828,0.29877164873731576,1.0486610208285647
1659660223618823,-0.038879987792782345,0.2683756771190966,1.0625772487983518
1659660223634796,-0.06451514457923269,0.2121004043640804,1.0139925230792706
1659660223650788,-0.13812466620889596,0.20306706340123615,1.0133821622034027
1659660223666780,-0.2435950255588617,0.1948882276646069,0.9981231403067063
1659660223682772,-0.33978789959563604,0.22064545662623036,1.0152132448310063
1659660223698764,-0.3744563973449302,0.27618829633020514,0.9997100785839628
1659660223714757,-0.391302357518883,0.26276035706111234,0.97602807660029
1659660223730749,-0.4530708781567103,0.22308690012970178,1.0075226977950713
1659660223746741,-0.5448691538872357,0.23907835507743957,0.9853055619134814
1659660223762733,-0.5667200732433053,0.2351720454718853,0.9530785076676587
1659660223778725,-0.5689173723964296,0.21893644617380037,0.9015640497444117
1659660223794717,-0.668650339513237,0.20025940337224402,0.9892118715190357
1659660223810710,-0.7537346456092164,0.2910811017013808,1.0058136873426413
1659660223826702,-0.721141374837873,0.36017395284962195,0.9400167849240866
1659660223842694,-0.684885938811322,0.3167162584878307,0.8289311055161361
1659660223858686,-0.7659418631265735,0.1923247119859619,0.8104982070649269
1659660223874678,-0.8872816052491035,0.1876859693293662,0.8999771114671553
1659660223890670,-0.9230487525749598,0.2650797283894102,0.9224383916990924
1659660223906663,-0.8616464484626536,0.2625162127107652,0.8339360646982525
1659660223922655,-0.8738536659800107,0.18744182497901907,0.7266346227206837
1659660223938647,-0.952712291142138,0.15936522468909775,0.7738765545128556
1659660223954620,-1.0592813000686654,0.18500038147554765,0.8598153658350496
1659660223970612,-1.0658731975280387,0.2141756313420311,0.8195315480277712
1659660223986604,-1.0168001831082627,0.18377965972381194,0.751293202105745
1659660224002596,-1.001052872510872,0.15680170901045276,0.7182116426337073
1659660224018589,-1.0188754100862134,0.20807202258335256,0.7326161593041887
1659660224034581,-1.0463416495002669,0.19964904249637616,0.7763179980163271
1659660224050573,-1.023514152742809,0.15216296635385707,0.7497062638284886
1659660224066565,-0.9796902418554971,0.07537956816968006,0.6992904554818038
1659660224082557,-0.9762722209506371,0.06695658808270366,0.7069810025177388
1659660224098549,-0.9815213244831007,0.123476005188067,0.6874494544899674
1659660224114542,-0.9890897993438621,0.1343404287785157,0.6754863813229575
1659660224130534,-0.9866483558403907,0.10992599374380063,0.6536354619668883
1659660224146526,-0.9899443045700771,0.11969176775768631,0.6736552986953539
1659660224162518,-1.0108186465247577,0.1276264591439693,0.7157701991302359
1659660224178510,-1.0280308232242312,0.10772869459067635,0.7383535515373465
1659660224194502,-1.039505607690547,0.08258182650492074,0.7614251926451514
1659660224210495,-1.0452429999237047,0.06939803158617508,0.7760738536659799
1659660224226487,-1.048294804303044,0.09735255970092282,0.8146486610208283
1659660224242479,-1.0336461432822155,0.11029221026932134,0.8211184863050276
1659660224258471,-1.0254673075455862,0.1369039444571607,0.815014877546349
1659660224274505,-1.0124055848020141,0.12860303654535787,0.830395971618219
1659660224290497,-1.0214389257648584,0.13287556267643286,0.861402304112306
1659660224306490,-1.0187533379110398,0.16278324559395774,0.8971694514381632
1659660224322482,-1.018997482261387,0.16217288471808988,0.9617456321049822
1659660224338474,-0.978591592278935,0.1642481116960406,0.939040207522698
1659660224354466,-0.9494163424124515,0.18048371099412552,0.9104753185320824
1659660224370458,-0.9132829785610741,0.1893949797817962,0.9511253528648815
1659660224386450,-0.8651865415426871,0.21930266269932108,0.9816433966582743
1659660224402443,-0.8327153429465173,0.23785763332570387,1.003616388189517
1659660224418435,-0.781445029373617,0.23456168459601745,1.0047150377660792
1659660224434427,-0.7232166018158237,0.24921034561684596,0.9964141298542764
1659660224450419,-0.6492408636606393,0.22284275577935464,0.9612573434042879
1659660224466411,-0.5944304570077059,0.19330128938735047,0.9311055161364159
1659660224482403,-0.5587853818570228,0.14874494544899708,0.9727321278706036
1659660224498396,-0.49445334554055087,0.16278324559395774,0.9658960860608836
1659660224514388,-0.4133974212252993,0.19769588769359903,0.9440451667048144
1659660224530380,-0.3513847562371253,0.23321889066910817,0.9324483100633252
1659660224546372,-0.29413290608072007,0.2515297169451438,0.9636987869077593
1659660224562364,-0.23675898374914173,0.20965896086060898,0.9085221637293053
1659660224578356,-0.15082017242694734,0.19501029983978047,0.8294193942168304
1659660224594329,-0.07037460898756409,0.17901884489204267,0.837232013427939
1659660224610322,-0.004699778744182481,0.1725490196078434,0.816723887998779
1659660224626314,0.04229800869764233,0.1969634546425576,0.8031738765545127
1659660224642306,0.10394445716029566,0.17608911268787697,0.7766842145418478
1659660224658298,0.17816433966582768,0.13495078965438356,0.7879148546578163
1659660224674290,0.2573891813534752,0.1680323491264213,0.7722896162355992
1659660224690282,0.3270923933775842,0.20782787823300541,0.7645990691996642
1659660224706275,0.39411001754787556,0.1725490196078434,0.6787823300526439
1659660224722267,0.46173800259403386,0.13250934615091214,0.6410620279240105
1659660224738259,0.5070267795834287,0.12274357213702558,0.6066376745250626
1659660224754251,0.5298542763408864,0.12835889219501073,0.5904020752269776
1659660224770243,0.5503624017700464,0.07330434119172935,0.5901579308766305
1659660224786235,0.5969939726863505,0.03350881208514522,0.542793926909285
1659660224802228,0.6267795834287027,0.008850232700083893,0.5120317387655451
1659660224818220,0.6648661020828568,-0.0109254596780346,0.4707713435568781
1659660224834212,0.7240711070420387,-0.007019150072480329,0.423285267414359
1659660224850204,0.7671625848783092,-4.272526131074983E-4,0.37238117036697904
1659660224866196,0.7799801632715342,-0.020813305867093845,0.3506523231860834
1659660224882188,0.7837644007019149,-0.08490119783321903,0.33881132219424703
1659660224898181,0.7920653086137177,-0.16473640039673443,0.3224536507209885
1659660224914154,0.8104982070649269,-0.25299458304722666,0.29291218432898436
1659660224930146,0.8288090333409626,-0.305241474021515,0.29974822613870433
1659660224946138,0.8643320363164717,-0.32001220721751755,0.2558022430762188
1659660224962130,0.9064469367513546,-0.29596398870832363,0.23590447852292673
1659660224978122,0.915724422064546,-0.23297474631876103,0.25763332570382236
1659660224994115,0.918287937743191,-0.24603646906233312,0.24676890211337454
1659660225010107,0.9132829785610745,-0.26312657358663305,0.20611886778057542
1659660225026099,0.9057145037003131,-0.28912794689860366,0.18023956664377838
1659660225042091,0.8992446784161139,-0.3151293202105747,0.2016021972991533
1659660225058083,0.9015640497444117,-0.32672617685206395,0.2003814755474176
1659660225074075,0.9276874952315559,-0.3335622186617839,0.17279316395819055
1659660225090067,0.9324483100633252,-0.35187304493781957,0.16229495689326345
1659660225106060,0.8979018844892046,-0.34149691004806604,0.16705577172503272
1659660225122052,0.8866712443732361,-0.2999923704890515,0.1687647821774627
1659660225138044,0.8997329671168082,-0.32501716639963396,0.14117647058823568
1659660225154036,0.8919203479056996,-0.3382009613183796,0.13714808880750784
1659660225170028,0.8620126649881739,-0.3189135576409554,0.14764629587243494
1659660225186020,0.8706797894254974,-0.32587167162584896,0.1629053177691313
1659660225202013,0.8611581597619589,-0.3100022888532843,0.18756389715419264
1659660225218005,0.819287403677424,-0.27240405889982444,0.21283283741512182
1659660225234008,0.7997558556496527,-0.21808194094758537,0.2263828488593882
1659660225250001,0.7992675669489584,-0.2225986114290075,0.22101167315175108
1659660225265993,0.7974364843213548,-0.2343175402456703,0.2583657587548638
1659660225281985,0.7620355535210193,-0.24689097428854812,0.3411306935225449
1659660225297977,0.7239490348668651,-0.23248645761806674,0.3883726253147177
1659660225313969,0.7342030975814451,-0.20477607385366614,0.3976501106279091
1659660225329961,0.7471427481498436,-0.16058594644083302,0.42023346303501974
1659660225345954,0.712596322575723,-0.10321202410925467,0.46771953917753883
1659660225361946,0.694407568474861,-0.04486152437628732,0.5425497825589378
1659660225377938,0.6510719462882433,-0.006897077897306758,0.5985809109636069
1659660225393930,0.5960173952849619,0.01483176928358887,0.5913786526283662
1659660225409922,0.5597619592584113,0.07086289768825793,0.5579308766308078
1659660225425914,0.5615930418860149,0.13177691309987072,0.5456015869382771
1659660225441907,0.5209430075532158,0.21075761043717112,0.5593957427328906
1659660225457899,0.425848783093004,0.2453040360112917,0.591134508278019
1659660225473891,0.32355230029755067,0.25299458304722666,0.610788128480964
1659660225489883,0.24335088120851456,0.23028915846494247,0.6433813992523083
1659660225505875,0.2129549095902954,0.17169451438162842,0.696116578927291
1659660225521867,0.1579003585870149,0.13910124361028497,0.7473868925001907
1659660225537860,0.07916380560006075,0.1079728389410235,0.8423590447852289
1659660225553833,0.00848401617456318,0.16607919432364415,0.8980239566643782
1659660225569825,-0.024597543297474544,0.2520180056458381,0.9439230945296408
1659660225585817,-0.021179522392614558,0.3079270618753336,0.9555199511711301
1659660225601809,-0.0820935378042269,0.2973067826352329,0.9265888456549938
1659660225617801,-0.201113908598459,0.2663004501411459,1.0055695429922942
1659660225633793,-0.2847333485923551,0.2805828946364537,1.055130846112764
1659660225649786,-0.314763103685054,0.3314869916838328,1.055130846112764
1659660225665778,-0.3450370031280996,0.3314869916838328,1.0547646295872433
1659660225681770,-0.37262531471732663,0.27997253376058584,0.9582055390249486
1659660225697762,-0.4268253604943921,0.1873197528038455,1.0064240482185092
1659660225713754,-0.5502403295948728,0.1579003585870149,0.9890897993438621
1659660225729746,-0.6758525978484777,0.22333104448004892,1.036087586785687
1659660225745739,-0.7063706416418709,0.2860761425192644,0.980300602731365
1659660225761731,-0.6764629587243456,0.29217975127794293,0.9455100328068973
1659660225777723,-0.6869611657892727,0.24078736552986957,0.9162127107652402
1659660225793715,-0.7846189059281299,0.17206073090714913,0.980300602731365
1659660225809707,-0.8273441672388802,0.17462424658579412,0.953566796368353
1659660225825699,-0.8388189517051958,0.22699320973525605,0.9213397421225302
1659660225841692,-0.8697032120241093,0.2548256656748302,0.8949721522850389
1659660225857684,-0.9265888456549933,0.207095445181964,0.9206073090714888
1659660225873657,-0.9447775997558558,0.1503318837262535,0.947585259784848
1659660225889649,-0.9328145265888454,0.12286564431219915,0.8679942015716788
1659660225905641,-0.9108415350576027,0.08490119783321859,0.7694819562066071
1659660225921633,-0.9253681239032576,0.0995498588540471,0.7290760662241551
1659660225937626,-1.009597924773022,0.1281147478446636,0.815014877546349
1659660225953618,-1.0365758754863812,0.13177691309987072,0.8205081254291597
1659660225969610,-0.9886015106431678,0.15020981155107993,0.7372549019607844
1659660225985602,-0.9430685893034259,0.12335393301289344,0.6457007705806062
1659660226001594,-0.9334248874647133,0.09002822919050857,0.6137178606851297
1659660226017586,-0.9660181582360572,0.08722056916151644,0.6101777676050961
1659660226033578,-1.0187533379110398,0.10296787975890709,0.6433813992523083
1659660226049571,-1.0308384832532234,0.10260166323338638,0.6375219348439769
1659660226065563,-0.9969024185549706,0.10724040588998207,0.6089570458533604
1659660226081555,-0.9667505912870986,0.1301899748226143,0.5436484321355
1659660226097547,-0.9589379720759901,0.10760662241550278,0.4862745098039216
1659660226113539,-0.925246051728084,0.08953994048981428,0.4393987945372704
1659660226129531,-0.8937514305333027,0.10748455024032921,0.4358587014572368
1659660226145524,-0.899366750591287,0.11566338597695847,0.45880827038986816
1659660226161516,-0.924391546501869,0.12481879911497629,0.4724803540093081
1659660226177508,-0.9326924544136719,0.11236743724727205,0.47186999313344025
1659660226193512,-0.9352559700923169,0.10577553978789922,0.4372014953841461
1659660226209504,-0.9376974135957887,0.12237735561150487,0.42389562829022687
1659660226225496,-0.9507591363393608,0.11334401464866062,0.427557793545434
1659660226241488,-0.9627222095063708,0.1289692530708786,0.40888075074387764
1659660226257480,-0.9766384374761579,0.15545891508354348,0.4026550698100255
1659660226273472,-0.9779812314030671,0.14923323414969136,0.38910505836575915
1659660226289465,-0.9636987869077593,0.13324177920195357,0.36444647898069693
1659660226305457,-0.9541771572442208,0.12567330434119217,0.350774395361257
1659660226321449,-0.9489280537117573,0.11334401464866062,0.349919890135042
1659660226337441,-0.9302510109102005,0.10553139543755208,0.3457694361791406
1659660226353433,-0.9290302891584648,0.10467689021133708,0.3419851987487599
1659660226369425,-0.9367208361943997,0.1071183337148085,0.3390554665445942
1659660226385418,-0.9419699397268637,0.11663996337834703,0.3384451056687263
1659660226401410,-0.9414816510261694,0.13324177920195357,0.3414969100480656
1659660226417402,-0.9408712901503016,0.12213321126115773,0.35419241626611697
1659660226433394,-0.9483176928358894,0.1050431067368578,0.3528496223392077
1659660226449386,-0.9562523842221715,0.11236743724727205,0.3411306935225449
1659660226465378,-0.9628442816815443,0.11822690165560346,0.34003204394598274
1659660226481371,-0.9677271686884872,0.12188906691081058,0.33710231174181704
1659660226497363,-0.9690699626153965,0.12884718089570502,0.34259555962462773
1659660226513366,-0.9704127565423057,0.12249942778667844,0.3457694361791406
1659660226529358,-0.96748302433814,0.12298771648737272,0.344792858777752
1659660226545351,-0.9650415808346686,0.12079041733424845,0.3289234760051878
1659660226561343,-0.9540550850690472,0.1281147478446636,0.32196536202029424
1659660226577335,-0.950148775463493,0.12738231479362216,0.3192797741664757
1659660226593327,-0.9513694972152287,0.12237735561150487,0.3187914854657814
1659660226609319,-0.9542992294193944,0.12262149996185201,0.3183031967650871
1659660226625311,-0.9583276112001222,0.12384222171358772,0.31891355764095497
1659660226641304,-0.9539330128938737,0.12994583047226715,0.3230640115968564
1659660226657296,-0.9556420233463037,0.12970168612192,0.3284351873044935
1659660226673288,-0.9613794155794615,0.1267719539177543,0.3309987029831385
1659660226689280,-0.9626001373311972,0.12970168612192,0.32916762035553493
1659660226705272,-0.9630884260318915,0.1394674601358057,0.3297779812314028
1659660226721264,-0.9588158999008165,0.14752422369726137,0.32159914549477353
1659660226737257,-0.955275806820783,0.15094224460212136,0.3201342793926907
1659660226753249,-0.9555199511711301,0.14251926451514496,0.32196536202029424
1659660226769241,-0.9540550850690472,0.12164492256046344,0.3229419394216828
1659660226785233,-0.9569848172732129,0.11493095292591704,0.3218432898451207
1659660226801225,-0.9560082398718244,0.1193255512321656,0.31464103150988
1659660226817217,-0.951003280689708,0.12030212863355416,0.3200122072175171
1659660226833191,-0.9496604867627987,0.13116655222400286,0.32562752727550137
1659660226849183,-0.9508812085145344,0.14264133669031853,0.3288014038300142
1659660226865175,-0.9497825589379723,0.1544823376821549,0.32660410467688994
1659660226881167,-0.945876249332418,0.16095216296635417,0.3209887846189057
1659660226897159,-0.9470969710841537,0.15484855420767563,0.3205004959182114
1659660226913151,-0.9590600442511636,0.13934538796063212,0.3224536507209885
1659660226929144,-0.9593041886015108,0.13128862439917643,0.3241626611734185
1659660226945136,-0.9605249103532465,0.12957961394674644,0.32147707331959996
1659660226961128,-0.9597924773022051,0.13263141832608571,0.31732661936369855
1659660226977120,-0.9547875181200887,0.12372014953841415,0.31781490806439283
1659660226993112,-0.9566186007476922,0.1264057373922336,0.3234302281223771
1659660227009104,-0.9483176928358894,0.12994583047226715,0.3174486915388721
1659660227025097,-0.9506370641641873,0.1369039444571607,0.3100022888532843
1659660227041089,-0.9511253528648815,0.13629358358129284,0.31354238193331785
1659660227057081,-0.9545433737697415,0.12579537651636574,0.3175707637140457
1659660227073073,-0.955275806820783,0.12457465476462914,0.3195239185168228
1659660227089065,-0.952712291142138,0.12689402609292788,0.3195239185168228
1659660227105057,-0.9547875181200887,0.13641565575646641,0.3196459906919964
1659660227121050,-0.9556420233463037,0.13238727397573857,0.3237964446478978
1659660227137042,-0.9556420233463037,0.1318989852750443,0.3234302281223771
1659660227153015,-0.9583276112001222,0.13800259403372284,0.31769283588921926
1659660227169007,-0.9615014877546351,0.14251926451514496,0.3134203097581443
1659660227184999,-0.9579613946746015,0.13714808880750784,0.3100022888532843
1659660227200991,-0.9593041886015108,0.12835889219501073,0.3075608453498129
1659660227216983,-0.9577172503242544,0.11725032425421489,0.3090257114518957
1659660227232976,-0.9579613946746015,0.1109025711451892,0.3136644541084914
1659660227248968,-0.9574731059739072,0.12005798428320702,0.31635004196231
1659660227264960,-0.9615014877546351,0.13006790264744073,0.31610589761196284
1659660227280952,-0.9615014877546351,0.1394674601358057,0.3170824750133514
1659660227296944,-0.9573510337987337,0.13470664530403642,0.3183031967650871
1659660227312936,-0.9579613946746015,0.12335393301289344,0.3141527428091857
1659660227328929,-0.9590600442511636,0.11773861295490917,0.31610589761196284
1659660227344921,-0.9608911268787672,0.12201113908598415,0.31805905241474
1659660227360913,-0.9590600442511636,0.1272602426184486,0.3157396810864421
1659660227376905,-0.9599145494773786,0.13153276874952358,0.31012436102845786
1659660227392897,-0.9596704051270315,0.13287556267643286,0.3157396810864421
1659660227408889,-0.9577172503242544,0.12799267566949002,0.3157396810864421
1659660227424882,-0.9610131990539408,0.12872510872053144,0.3132982375829707
1659660227440874,-0.9611352712291144,0.12921339742122573,0.31268787670710285
1659660227456866,-0.9600366216525522,0.13214312962539143,0.3141527428091857
1659660227472869,-0.9591821164263372,0.12384222171358772,0.31354238193331785
1659660227488862,-0.9534447241931794,0.11969176775768631,0.3087815671015486
1659660227504854,-0.9555199511711301,0.12445258258945557,0.3074387731746393
1659660227520846,-0.9595483329518579,0.1293354695963993,0.31439688715953285
1659660227536838,-0.9628442816815443,0.12921339742122573,0.31781490806439283
1659660227552830,-0.9616235599298086,0.12213321126115773,0.31403067063401213
1659660227568822,-0.9591821164263372,0.11871519035629774,0.3115892271305407
1659660227584815,-0.9549095902952622,0.11566338597695847,0.31134508278019357
1659660227600807,-0.9541771572442208,0.11065842679484206,0.3045090409704736
1659660227616799,-0.9536888685435265,0.11578545815213204,0.30011444266422505
1659660227632791,-0.9564965285725187,0.11920347905699202,0.3036545357442586
1659660227648783,-0.9600366216525522,0.11114671549553634,0.308659494926375
1659660227664775,-0.9638208590829329,0.10663004501411422,0.3090257114518957
1659660227680768,-0.9618677042801558,0.11017013809414777,0.3104905775539786
1659660227696760,-0.9589379720759901,0.12372014953841415,0.3108567940794993
1659660227712752,-0.9578393224994279,0.12420843823910843,0.30560769054703574
1659660227728744,-0.9568627450980394,0.11810482948042988,0.3132982375829707
1659660227744736,-0.9626001373311972,0.11078049897001563,0.31390859845883856
1659660227760728,-0.9606469825284201,0.1109025711451892,0.31525139238574784
1659660227776721,-0.9611352712291144,0.11700617990386775,0.31305409323262356
1659660227792724,-0.9611352712291144,0.12091248950942202,0.31390859845883856
1659660227808716,-0.9553978789959565,0.11505302510109061,0.3090257114518957
1659660227824709,-0.9589379720759901,0.11590753032730561,0.3067063401235979
1659660227840701,-0.9553978789959565,0.12005798428320702,0.3062180514229036
1659660227856693,-0.9567406729228658,0.11126878767070991,0.3082932784008543
1659660227872685,-0.9558861676966508,0.10516517891203137,0.31024643320363143
1659660227888677,-0.9597924773022051,0.11065842679484206,0.31293202105745
1659660227904669,-0.9638208590829329,0.11517509727626418,0.315495536736095
1659660227920662,-0.9599145494773786,0.11041428244449492,0.310368505378805
1659660227936654,-0.9621118486305029,0.10455481803616351,0.30951400015259
1659660227952646,-0.9627222095063708,0.10467689021133708,0.3062180514229036
1659660227968638,-0.9634546425574122,0.10955977721827992,0.3079270618753336
1659660227984630,-0.9591821164263372,0.1117570763714042,0.30780498970016
1659660228000622,-0.9572289616235601,0.1155413138017849,0.30890363927672215
1659660228016615,-0.9605249103532465,0.11578545815213204,0.3058518348973829
1659660228032607,-0.9590600442511636,0.11529716945143775,0.30804913405050716
1659660228048599,-0.9578393224994279,0.11151293202105705,0.30975814450293715
1659660228064591,-0.9586938277256429,0.10772869459067635,0.31024643320363143
1659660228080583,-0.9569848172732129,0.10846112764171778,0.3058518348973829
1659660228096575,-0.9613794155794615,0.11236743724727205,0.30634012359807716
1659660228112548,-0.9658960860608836,0.10821698329137064,0.3108567940794993
1659660228128541,-0.9680933852140079,0.10760662241550278,0.31439688715953285
1659660228144533,-0.9655298695353629,0.11395437552452847,0.31183337148088786
1659660228160525,-0.9599145494773786,0.11236743724727205,0.30890363927672215
1659660228176517,-0.9558861676966508,0.11163500419623062,0.3067063401235979
1659660228192509,-0.9553978789959565,0.10858319981689135,0.3045090409704736
1659660228208501,-0.9578393224994279,0.1079728389410235,0.30609597924773
1659660228224494,-0.9588158999008165,0.09845120927748496,0.3091477836270693
1659660228240486,-0.9608911268787672,0.09674219882505497,0.31219958800640857
1659660228256478,-0.9632104982070651,0.0995498588540471,0.30682841229877145
1659660228272470,-0.9641870756084536,0.10211337453269209,0.30597390707255645
1659660228288462,-0.9645532921339743,0.10308995193408066,0.3075608453498129
1659660228304454,-0.9638208590829329,0.10162508583199781,0.30719462882429216
1659660228320447,-0.9656519417105365,0.10370031280994851,0.30646219577325073
1659660228336439,-0.9660181582360572,0.10370031280994851,0.306950484473945
1659660228352431,-0.9668726634622722,0.10272373540855995,0.31097886625467286
1659660228368423,-0.9676050965133136,0.10968184939345349,0.3081712062256807
1659660228384415,-0.9665064469367515,0.11737239642938846,0.30731670099946573
1659660228400407,-0.9639429312581065,0.11651789120317346,0.3079270618753336
1659660228416400,-0.9636987869077593,0.10650797283894065,0.3090257114518957
1659660228432403,-0.9634546425574122,0.10931563286793278,0.30975814450293715
1659660228448395,-0.9655298695353629,0.1129777981231399,0.3070725566491186
1659660228464388,-0.9634546425574122,0.10650797283894065,0.30853742275120144
1659660228480380,-0.9619897764553293,0.10260166323338638,0.3079270618753336
1659660228496372,-0.9636987869077593,0.0995498588540471,0.310368505378805
1659660228512364,-0.9622339208056765,0.10150301365682424,0.31183337148088786
1659660228528356,-0.9646753643091479,0.1109025711451892,0.31293202105745
1659660228544348,-0.9650415808346686,0.11163500419623062,0.3115892271305407
1659660228560341,-0.9669947356374458,0.10540932326237851,0.3104905775539786
1659660228576333,-0.9623559929808501,0.10638590066376707,0.30011444266422505
1659660228592325,-0.9621118486305029,0.11456473640039633,0.30353246356908503
1659660228608317,-0.9611352712291144,0.11371023117418133,0.30634012359807716
1659660228624309,-0.9611352712291144,0.09967193102922067,0.31635004196231
1659660228640301,-0.9626001373311972,0.09893949797817925,0.31232166018158214
1659660228656293,-0.9599145494773786,0.10809491111619707,0.3096360723277636
1659660228672286,-0.9601586938277258,0.11895933470664488,0.30597390707255645
1659660228688278,-0.9622339208056765,0.11480888075074347,0.312077515831235
1659660228704270,-0.9685816739147022,0.1071183337148085,0.3201342793926907
1659660228720262,-0.96577401388571,0.10553139543755208,0.31940184634164925
1659660228736254,-0.9633325703822386,0.1062638284885935,0.31317616540779714
1659660228752227,-0.9602807660028994,0.10516517891203137,0.3091477836270693
1659660228768220,-0.9585717555504694,0.1050431067368578,0.313786526283665
1659660228784212,-0.9558861676966508,0.10150301365682424,0.3157396810864421
1659660228800204,-0.9583276112001222,0.1004043640802621,0.3165941863126571
1659660228816196,-0.9578393224994279,0.10394445716029566,0.3145189593347064
1659660228832188,-0.9594262607766844,0.10601968413824636,0.3175707637140457
1659660228848180,-0.9591821164263372,0.10663004501411422,0.31635004196231
1659660228864173,-0.9571068894483865,0.10235751888303923,0.3165941863126571
1659660228880165,-0.9564965285725187,0.09845120927748496,0.31805905241474
1659660228896157,-0.9594262607766844,0.10516517891203137,0.3224536507209885
1659660228912149,-0.9612573434042879,0.11187914854657777,0.32782482642862565
1659660228928141,-0.9580834668497751,0.11432059205004919,0.3289234760051878
1659660228944133,-0.9566186007476922,0.10955977721827992,0.3224536507209885
1659660228960126,-0.9551537346456094,0.10601968413824636,0.31940184634164925
1659660228976118,-0.9547875181200887,0.10589761196307279,0.3183031967650871
1659660228992110,-0.954421301594568,0.10321202410925423,0.31683833066300426
1659660229008102,-0.9542992294193944,0.10284580758373352,0.3192797741664757
1659660229024094,-0.9561303120469979,0.10638590066376707,0.3241626611734185
1659660229040086,-0.9579613946746015,0.10663004501411422,0.32660410467688994
1659660229056079,-0.9567406729228658,0.0995498588540471,0.3237964446478978
1659660229072052,-0.9568627450980394,0.09918364232852639,0.3241626611734185
1659660229088044,-0.9571068894483865,0.10443274586098994,0.32452887769893923
1659660229104036,-0.9608911268787672,0.1176165407797356,0.3285572594796671
1659660229120028,-0.9610131990539408,0.11651789120317346,0.3280689707789728
1659660229136020,-0.9594262607766844,0.10821698329137064,0.3308766308079649
1659660229152012,-0.9584496833752958,0.10406652933546923,0.32831311512931993
1659660229168005,-0.9567406729228658,0.10296787975890709,0.3279468986037992
1659660229183997,-0.954421301594568,0.10052643625543567,0.32733653772793136
1659660229199989,-0.9539330128938737,0.10077058060578281,0.3263599603265428
1659660229215981,-0.9549095902952622,0.10638590066376707,0.32733653772793136
1659660229231973,-0.9550316624704358,0.11139085984588348,0.3305104142824442
1659660229247965,-0.9545433737697415,0.11212329289692491,0.3296559090562292
1659660229263958,-0.951003280689708,0.11358815899900776,0.32745860990310494
1659660229279950,-0.9517357137407494,0.11053635461966849,0.32404058899824495
1659660229295942,-0.9567406729228658,0.10846112764171778,0.33282978561074206
1659660229311934,-0.9630884260318915,0.10748455024032921,0.341374837872892
1659660229327926,-0.9610131990539408,0.10077058060578281,0.3392996108949413
1659660229343918,-0.9582055390249486,0.1088273441672385,0.33331807431143634
1659660229359911,-0.953566796368353,0.1100480659189742,0.33075455863279135
1659660229375903,-0.9523460746166172,0.10821698329137064,0.3338063630121306
1659660229391906,-0.9514915693904022,0.11017013809414777,0.3363698786907756
1659660229407899,-0.9517357137407494,0.11139085984588348,0.3352712291142135
1659660229423891,-0.9534447241931794,0.1100480659189742,0.3335622186617835
1659660229439883,-0.9539330128938737,0.11444266422522276,0.3342946517128249
1659660229455875,-0.955275806820783,0.11322194247348705,0.33783474479285847
1659660229471867,-0.9523460746166172,0.10565346761272565,0.3364919508659492
1659660229487859,-0.9505149919890137,0.10479896238651065,0.33881132219424703
1659660229503852,-0.9538109407187001,0.10980392156862706,0.33575951781490776
1659660229519844,-0.9562523842221715,0.11517509727626418,0.33502708476386633
1659660229535836,-0.9579613946746015,0.11529716945143775,0.33405050736247777
1659660229551828,-0.9583276112001222,0.10858319981689135,0.3342946517128249
1659660229567820,-0.9595483329518579,0.10614175631341993,0.3360036621652549
1659660229583812,-0.9545433737697415,0.1033340962844278,0.3351491569390399
1659660229599805,-0.9532005798428322,0.11102464332036277,0.33698023956664347
1659660229615797,-0.953566796368353,0.11017013809414777,0.3364919508659492
1659660229631789,-0.9523460746166172,0.10479896238651065,0.3373464560921642
1659660229647781,-0.9521019302662701,0.10736247806515564,0.33539330128938705
1659660229663773,-0.9532005798428322,0.10992599374380063,0.33502708476386633
1659660229679765,-0.9541771572442208,0.10821698329137064,0.3372243839169906
1659660229695757,-0.9524681467917908,0.10394445716029566,0.33832303349355275
1659660229711761,-0.9499046311131458,0.10308995193408066,0.34039826047150346
1659660229727753,-0.9502708476386665,0.11139085984588348,0.3372243839169906
1659660229743745,-0.9494163424124515,0.11395437552452847,0.3392996108949413
1659660229759738,-0.9525902189669644,0.11200122072175134,0.33746852826733775
1659660229775730,-0.9495384145876251,0.10894941634241206,0.3368581673914699
1659660229791722,-0.9495384145876251,0.10577553978789922,0.341374837872892
1659660229807714,-0.9507591363393608,0.10186923018234495,0.34088654917219774
1659660229823706,-0.9506370641641873,0.09308003356984784,0.3428397039749749
1659660229839698,-0.9551537346456094,0.09552147707331926,0.3460135805294877
1659660229855691,-0.951857785915923,0.10748455024032921,0.34161898222323916
1659660229871683,-0.9456321049820708,0.1033340962844278,0.3406424048218506
1659660229887675,-0.9459983215075916,0.10601968413824636,0.3375906004425113
1659660229903667,-0.9539330128938737,0.10077058060578281,0.3427176317998013
1659660229919659,-0.9556420233463037,0.09979400320439424,0.3469901579308763
1659660229935651,-0.9551537346456094,0.10492103456168422,0.35089646753643056
1659660229951644,-0.9528343633173115,0.10321202410925423,0.34552529182879343
1659660229967636,-0.9468528267338066,0.10064850843060924,0.34125276569771845
1659660229983628,-0.9457541771572444,0.09893949797817925,0.34296177615014845
1659660229999620,-0.9470969710841537,0.10064850843060924,0.34088654917219774
1659660230015612,-0.9481956206607158,0.10028229190508853,0.33990997177080917
1659660230031585,-0.9456321049820708,0.0928358892195007,0.3423514152742806
1659660230047577,-0.9480735484855423,0.09564354924849283,0.34259555962462773
1659660230063570,-0.9494163424124515,0.09991607537956781,0.3440604257267106
1659660230079562,-0.9473411154345008,0.10357824063477494,0.34418249790188415
1659660230095554,-0.9451438162813766,0.0974746318760964,0.34296177615014845
1659660230111546,-0.947585259784848,0.0936903944457157,0.34039826047150346
1659660230127538,-0.951857785915923,0.10174715800717138,0.344792858777752
1659660230143530,-0.9525902189669644,0.10492103456168422,0.34589150835431415
1659660230159523,-0.951857785915923,0.10174715800717138,0.3444266422522313
1659660230175515,-0.9511253528648815,0.10003814755474139,0.34088654917219774
1659660230191507,-0.951003280689708,0.10540932326237851,0.3377126726176849
1659660230207499,-0.951003280689708,0.1062638284885935,0.3401541161211563
1659660230223491,-0.9511253528648815,0.09967193102922067,0.33832303349355275
1659660230239483,-0.9505149919890137,0.09527733272297212,0.34369420920118987
1659660230255476,-0.9514915693904022,0.10296787975890709,0.3418631265735863
1659660230271468,-0.9523460746166172,0.1050431067368578,0.34467078660257844
1659660230287460,-0.9514915693904022,0.09784084840161711,0.34247348744945416
1659660230303452,-0.9536888685435265,0.10370031280994851,0.3406424048218506
1659660230319444,-0.9539330128938737,0.11078049897001563,0.344792858777752
1659660230335436,-0.9540550850690472,0.10528725108720494,0.3414969100480656
1659660230351410,-0.9500267032883194,0.09515526054779855,0.3411306935225449
1659660230367402,-0.951857785915923,0.0966201266498814,0.3390554665445942
1659660230383394,-0.9547875181200887,0.09930571450369996,0.34003204394598274
1659660230399386,-0.9542992294193944,0.09137102311741785,0.340520332646677
1659660230415378,-0.9517357137407494,0.089906157015335,0.34296177615014845
1659660230431370,-0.9540550850690472,0.10162508583199781,0.34381628137636344
1659660230447363,-0.9553978789959565,0.1129777981231399,0.34723430228122343
1659660230463355,-0.9508812085145344,0.10980392156862706,0.34747844663157057
1659660230479347,-0.9494163424124515,0.10638590066376707,0.340520332646677
1659660230495339,-0.954421301594568,0.10894941634241206,0.34088654917219774
1659660230511331,-0.9601586938277258,0.11224536507209848,0.34552529182879343
1659660230527323,-0.9596704051270315,0.10540932326237851,0.347356374456397
1659660230543316,-0.953566796368353,0.08880750743877286,0.3432059205004956
1659660230559308,-0.9503929198138401,0.0861219195849543,0.3384451056687263
1659660230575300,-0.9533226520180058,0.10089265278095638,0.34076447699702417
1659660230591292,-0.9546654459449151,0.11700617990386775,0.3444266422522313
1659660230607284,-0.9525902189669644,0.11139085984588348,0.35211718928816627
1659660230623276,-0.955275806820783,0.1012588693064771,0.35394827191576983
1659660230639269,-0.953566796368353,0.09478904402227784,0.3392996108949413
1659660230655261,-0.9541771572442208,0.08831921873807858,0.3285572594796671
1659660230671264,-0.9505149919890137,0.09308003356984784,0.3338063630121306
1659660230687256,-0.9472190432593273,0.09356832227054213,0.3360036621652549
1659660230703249,-0.9506370641641873,0.09564354924849283,0.3380788891432056
1659660230719241,-0.9514915693904022,0.10650797283894065,0.34552529182879343
1659660230735233,-0.9500267032883194,0.11114671549553634,0.3468680857557027
1659660230751225,-0.9479514763103687,0.11114671549553634,0.342229343099107
1659660230767217,-0.9517357137407494,0.10894941634241206,0.3390554665445942
1659660230783209,-0.9516136415655758,0.0995498588540471,0.3382009613183792
1659660230799202,-0.9522240024414437,0.09320210574502141,0.33710231174181704
1659660230815194,-0.9524681467917908,0.09417868314640998,0.33453879606317205
1659660230831186,-0.9541771572442208,0.09478904402227784,0.3361257343404285
1659660230847178,-0.9553978789959565,0.0949111161974514,0.3368581673914699
1659660230863170,-0.9547875181200887,0.09564354924849283,0.33783474479285847
1659660230879162,-0.9579613946746015,0.10223544670786566,0.3385671778438999
1659660230895155,-0.9528343633173115,0.10272373540855995,0.33417257953765134
1659660230911147,-0.9491721980621044,0.10113679713130352,0.33795681696803204
1659660230927139,-0.9495384145876251,0.09503318837262498,0.3402761882963299
1659660230943131,-0.9519798580910965,0.09808499275196425,0.3394216830701149
1659660230959123,-0.955275806820783,0.10211337453269209,0.34003204394598274
1659660230975115,-0.9572289616235601,0.09698634317540211,0.33783474479285847
1659660230991088,-0.9553978789959565,0.09430075532158355,0.3351491569390399
1659660231007081,-0.954421301594568,0.09259174486915356,0.3368581673914699
1659660231023073,-0.9541771572442208,0.09308003356984784,0.3375906004425113
1659660231039065,-0.9534447241931794,0.09539940489814569,0.34003204394598274
1659660231055057,-0.9551537346456094,0.0869764248111693,0.3355153734645606
1659660231071049,-0.9557640955214772,0.08563363088426001,0.3258716716258485
1659660231087041,-0.9578393224994279,0.08685435263599572,0.32489509422445995
1659660231103034,-0.9669947356374458,0.09320210574502141,0.3355153734645606
1659660231119026,-0.9665064469367515,0.09735255970092282,0.3432059205004956
1659660231135018,-0.9626001373311972,0.09478904402227784,0.34381628137636344
1659660231151010,-0.9532005798428322,0.09393453879606284,0.33588158999008133
1659660231167002,-0.945876249332418,0.09527733272297212,0.3339284351873042
1659660231182994,-0.9474631876096744,0.09832913710231139,0.3305104142824442
1659660231198987,-0.9505149919890137,0.09796292057679068,0.3289234760051878
1659660231214979,-0.9539330128938737,0.09222552834363285,0.3284351873044935
1659660231230971,-0.9556420233463037,0.09259174486915356,0.3306324864576178
1659660231246963,-0.9574731059739072,0.09723048752574925,0.3318532082093535
1659660231262955,-0.9560082398718244,0.10699626153963493,0.33209735255970063
1659660231278947,-0.9566186007476922,0.1079728389410235,0.3364919508659492
1659660231294940,-0.9561303120469979,0.10174715800717138,0.3338063630121306
1659660231310943,-0.9573510337987337,0.09539940489814569,0.33246356908522134
1659660231326935,-0.9574731059739072,0.09735255970092282,0.32745860990310494
1659660231342928,-0.9588158999008165,0.09942778667887353,0.3301441977569235
1659660231358920,-0.9583276112001222,0.0966201266498814,0.32904554818036136
1659660231374912,-0.9558861676966508,0.09796292057679068,0.3277027542534521
1659660231390904,-0.9571068894483865,0.10479896238651065,0.3284351873044935
1659660231406896,-0.9560082398718244,0.1071183337148085,0.32782482642862565
1659660231422888,-0.9573510337987337,0.10284580758373352,0.33160906385900635
1659660231438881,-0.9583276112001222,0.09857328145265853,0.32953383688105564
1659660231454873,-0.9599145494773786,0.0995498588540471,0.3301441977569235
1659660231470865,-0.9585717555504694,0.09076066224155,0.32990005340657635
1659660231486857,-0.9588158999008165,0.08783093003738429,0.32953383688105564
1659660231502849,-0.9584496833752958,0.09503318837262498,0.32745860990310494
1659660231518841,-0.9600366216525522,0.10516517891203137,0.32733653772793136
1659660231534834,-0.9595483329518579,0.10785076676584993,0.3277027542534521
1659660231550826,-0.9583276112001222,0.1041886015106428,0.3268482490272371
1659660231566818,-0.9589379720759901,0.10296787975890709,0.32745860990310494
1659660231582810,-0.9579613946746015,0.10138094148165067,0.32990005340657635
1659660231598802,-0.9567406729228658,0.10235751888303923,0.32831311512931993
1659660231614794,-0.9562523842221715,0.10186923018234495,0.32941176470588207
1659660231630767,-0.9564965285725187,0.10980392156862706,0.33026626993209707
1659660231646760,-0.953566796368353,0.11419851987487561,0.32440680552376566
1659660231662752,-0.950148775463493,0.11334401464866062,0.31476310368505356
1659660231678744,-0.9536888685435265,0.10858319981689135,0.31488517586022713
1659660231694736,-0.9612573434042879,0.09723048752574925,0.3234302281223771
1659660231710728,-0.9658960860608836,0.09405661097123641,0.3322194247348742
1659660231726720,-0.9636987869077593,0.09784084840161711,0.3275806820782785
1659660231742713,-0.9577172503242544,0.10284580758373352,0.32831311512931993
1659660231758705,-0.9550316624704358,0.10235751888303923,0.3229419394216828
1659660231774697,-0.9560082398718244,0.10699626153963493,0.3170824750133514
1659660231790689,-0.9584496833752958,0.11114671549553634,0.31354238193331785
1659660231806681,-0.9577172503242544,0.1012588693064771,0.31525139238574784
1659660231822673,-0.9569848172732129,0.09124895094224428,0.32159914549477353
1659660231838666,-0.9550316624704358,0.09613183794918712,0.3212329289692528
1659660231854658,-0.9583276112001222,0.10455481803616351,0.32318608377202995
1659660231870650,-0.9568627450980394,0.1033340962844278,0.3242847333485921
1659660231886642,-0.9579613946746015,0.10406652933546923,0.3255054551003278
1659660231902634,-0.9594262607766844,0.11371023117418133,0.31818112458991354
1659660231918626,-0.9652857251850158,0.11407644769970204,0.3220874341954678
1659660231934619,-0.9655298695353629,0.09649805447470783,0.32562752727550137
1659660231950622,-0.9615014877546351,0.08136110475318503,0.3258716716258485
1659660231966614,-0.9534447241931794,0.08722056916151644,0.3212329289692528
1659660231982607,-0.9503929198138401,0.10223544670786566,0.31635004196231
1659660231998599,-0.9502708476386665,0.11261158159761919,0.3158617532616157
1659660232014591,-0.9514915693904022,0.11187914854657777,0.31635004196231
1659660232030583,-0.9563744563973451,0.10992599374380063,0.3134203097581443
1659660232046575,-0.9613794155794615,0.10614175631341993,0.31476310368505356
1659660232062567,-0.9601586938277258,0.09613183794918712,0.31598382543678927
1659660232078560,-0.9593041886015108,0.08673228046082215,0.3136644541084914
1659660232094552,-0.9621118486305029,0.09344625009536855,0.3096360723277636
1659660232110544,-0.9672388799877929,0.10540932326237851,0.312077515831235
1659660232126536,-0.9679713130388343,0.12164492256046344,0.31903562981612854
1659660232142528,-0.9663843747615779,0.12323186083771986,0.32489509422445995
1659660232158520,-0.9621118486305029,0.1205462729839013,0.32147707331959996
1659660232174512,-0.9595483329518579,0.11859311818112417,0.31061264972915215
1659660232190505,-0.9578393224994279,0.1117570763714042,0.3028000305180436
1659660232206497,-0.9579613946746015,0.1062638284885935,0.3032883192187379
1659660232222489,-0.9584496833752958,0.09906157015335282,0.30926985580224287
1659660232238481,-0.9569848172732129,0.10284580758373352,0.3081712062256807
1659660232254473,-0.9558861676966508,0.1117570763714042,0.30853742275120144
1659660232270446,-0.9553978789959565,0.1281147478446636,0.3090257114518957
1659660232286439,-0.9612573434042879,0.13531700617990428,0.31488517586022713
1659660232302431,-0.9667505912870986,0.13702601663233427,0.3205004959182114
1659660232318423,-0.9737087052719922,0.12787060349431645,0.3201342793926907
1659660232334415,-0.9735866330968186,0.11236743724727205,0.30975814450293715
1659660232350407,-0.9710231174181736,0.1012588693064771,0.30133516441596075
1659660232366399,-0.9656519417105365,0.09124895094224428,0.2974288548104065
1659660232382392,-0.9639429312581065,0.08087281605249075,0.2952315556572822
1659660232398384,-0.9610131990539408,0.08563363088426001,0.2935225452048522
1659660232414376,-0.9616235599298086,0.09649805447470783,0.2991378652628365
1659660232430368,-0.9651636530098422,0.10931563286793278,0.3032883192187379
1659660232446360,-0.9660181582360572,0.11163500419623062,0.3028000305180436
1659660232462352,-0.9655298695353629,0.10980392156862706,0.3024338139925229
1659660232478345,-0.9665064469367515,0.10833905546654421,0.3010910200656136
1659660232494337,-0.9687037460898758,0.10931563286793278,0.30426489662012646
1659660232510329,-0.9721217669947357,0.11432059205004919,0.2993820096131836
1659660232526321,-0.9652857251850158,0.1100480659189742,0.3007248035400929
1659660232542313,-0.9618677042801558,0.10663004501411422,0.3031662470435643
1659660232558305,-0.9624780651560236,0.1041886015106428,0.3019455252918286
1659660232574298,-0.9591821164263372,0.10028229190508853,0.30170138094148147
1659660232590271,-0.9608911268787672,0.10370031280994851,0.30218966964217575
1659660232606263,-0.9635767147325858,0.10614175631341993,0.3002365148393986
1659660232622255,-0.9638208590829329,0.10858319981689135,0.29803921568627434
1659660232638247,-0.9656519417105365,0.10431067368581637,0.3003585870145722
1659660232654239,-0.9652857251850158,0.09771877622644354,0.2962081330586708
1659660232670231,-0.9652857251850158,0.09796292057679068,0.2986495765621422
1659660232686224,-0.964919508659495,0.10577553978789922,0.3012130922407872
1659660232702216,-0.96406500343328,0.10601968413824636,0.3029221026932172
1659660232718208,-0.9627222095063708,0.10138094148165067,0.3010910200656136
1659660232734200,-0.9621118486305029,0.10272373540855995,0.29791714351110077
1659660232750192,-0.9605249103532465,0.10809491111619707,0.2924238956282901
1659660232766184,-0.9580834668497751,0.10565346761272565,0.2955977721828029
1659660232782177,-0.9569848172732129,0.09637598229953426,0.2976729991607536
1659660232798169,-0.9638208590829329,0.09246967269397999,0.3024338139925229
1659660232814161,-0.9635767147325858,0.10467689021133708,0.3040207522697793
1659660232830153,-0.9586938277256429,0.1050431067368578,0.2973067826352329
1659660232846145,-0.9573510337987337,0.10308995193408066,0.2936446173800258
1659660232862137,-0.9627222095063708,0.10821698329137064,0.2909590295262072
1659660232878130,-0.9710231174181736,0.1050431067368578,0.29376668955519936
1659660232894122,-0.9748073548485543,0.10308995193408066,0.3020675974670022
1659660232910156,-0.9723659113450829,0.09234760051880642,0.30475318532082074
1659660232926148,-0.9661402304112308,0.08514534218356573,0.2991378652628365
1659660232942140,-0.9612573434042879,0.09088273441672357,0.29425497825589364
1659660232958132,-0.9605249103532465,0.10565346761272565,0.2947432669565879
1659660232974125,-0.9638208590829329,0.10943770504310635,0.2964522774090179
1659660232990117,-0.9671168078126193,0.10113679713130352,0.3002365148393986
1659660233006109,-0.96577401388571,0.09051651789120285,0.30426489662012646
1659660233022101,-0.9662623025864043,0.08673228046082215,0.3014572365911343
1659660233038093,-0.9656519417105365,0.09076066224155,0.29755092698558006
1659660233054085,-0.964919508659495,0.10370031280994851,0.29291218432898436
1659660233070078,-0.9651636530098422,0.10736247806515564,0.2947432669565879
1659660233086070,-0.9678492408636608,0.10663004501411422,0.29925993743801005
1659660233102062,-0.9677271686884872,0.10406652933546923,0.3036545357442586
1659660233118054,-0.9673609521629665,0.1033340962844278,0.3003585870145722
1659660233134046,-0.9660181582360572,0.09967193102922067,0.29877164873731576
1659660233150038,-0.9660181582360572,0.10064850843060924,0.2955977721828029
1659660233166031,-0.966628519111925,0.0995498588540471,0.29340047302967864
1659660233182023,-0.96577401388571,0.09771877622644354,0.2965743495841915
1659660233198015,-0.964919508659495,0.08673228046082215,0.29633020523384435
1659660233214007,-0.9668726634622722,0.09112687876707071,0.2964522774090179
1659660233229980,-0.9665064469367515,0.09637598229953426,0.2927901121538108
1659660233245972,-0.9651636530098422,0.1033340962844278,0.2948653391317615
1659660233261964,-0.9671168078126193,0.10431067368581637,0.2991378652628365
1659660233277957,-0.9701686121919586,0.09845120927748496,0.2985275043869686
1659660233293949,-0.9685816739147022,0.09723048752574925,0.29413290608072007
1659660233309941,-0.9682154573891815,0.10101472495612995,0.29584191653315006
1659660233325933,-0.9690699626153965,0.09771877622644354,0.2955977721828029
1659660233341925,-0.9655298695353629,0.0936903944457157,0.29425497825589364
1659660233357917,-0.96577401388571,0.0945448996719307,0.29303425650415793
1659660233373910,-0.9679713130388343,0.09979400320439424,0.2944991226062408
1659660233389902,-0.9676050965133136,0.09735255970092282,0.2993820096131836
1659660233405894,-0.9695582513160907,0.09100480659189714,0.2995040817883572
1659660233421886,-0.9663843747615779,0.09246967269397999,0.2918135347524222
1659660233437878,-0.9704127565423057,0.10589761196307279,0.2880292973220415
1659660233453870,-0.9744411383230336,0.10553139543755208,0.29584191653315006
1659660233469863,-0.9767605096513314,0.09588769359883997,0.3037766079194322
1659660233485855,-0.9701686121919586,0.09210345616845927,0.3010910200656136
1659660233501847,-0.9646753643091479,0.09637598229953426,0.29633020523384435
1659660233517839,-0.9572289616235601,0.09930571450369996,0.2982833600366215
1659660233533831,-0.9599145494773786,0.09185931181811213,0.2957198443579765
1659660233549804,-0.9635767147325858,0.08709849698634287,0.2909590295262072
1659660233565796,-0.9716334782940415,0.09063859006637642,0.2902265964751658
1659660233581789,-0.9744411383230336,0.08941786831464071,0.2940108339055465
1659660233597781,-0.9735866330968186,0.08807507438773143,0.29498741130693507
1659660233613773,-0.96919203479057,0.09771877622644354,0.2977950713359272
1659660233629765,-0.9635767147325858,0.10003814755474139,0.29718471046005934
1659660233645757,-0.9597924773022051,0.10064850843060924,0.2938887617303729
1659660233661749,-0.9610131990539408,0.10638590066376707,0.29217975127794293
1659660233677742,-0.9662623025864043,0.10064850843060924,0.2957198443579765
1659660233693734,-0.9673609521629665,0.08075074387731718,0.2999923704890515
1659660233709726,-0.9695582513160907,0.07244983596551435,0.2999923704890515
1659660233725718,-0.9671168078126193,0.07806515602349862,0.2931563286793315
1659660233741710,-0.9685816739147022,0.08746471351186358,0.29425497825589364
1659660233757702,-0.9687037460898758,0.09515526054779855,0.2909590295262072
1659660233773695,-0.9694361791409172,0.0986953536278321,0.2935225452048522
1659660233789687,-0.96748302433814,0.09588769359883997,0.2948653391317615
1659660233805679,-0.9671168078126193,0.08905165178912,0.30133516441596075
1659660233821671,-0.9658960860608836,0.08599984740978073,0.2991378652628365
1659660233837663,-0.9630884260318915,0.0869764248111693,0.29413290608072007
1659660233853655,-0.9639429312581065,0.08807507438773143,0.2940108339055465
